5.91621509074848
5.91317418989158
5.91039905590139
5.90852147326216
5.90495325976421
5.90469448828642
5.90333270280441
5.90474597252075
5.90684010279608
5.90825337980693
5.9099336713706
5.91181232787375
5.91181232787375
5.90966665726587
5.907853163375
5.90825337980693
5.90966665726587
5.91181232787375
5.9188786944826
5.92526421351825
5.93186050071982
5.93260431850971
5.93233057069479
5.9305238385829
5.92526421351825
5.92029196915153
5.91605214649094
5.91322560029634
5.90966665726587
5.90966665726587
5.90898578437958
5.90684010279608
5.91039905590138
5.91254479898461
5.91531977157617
5.92170524426875
5.92803930486295
5.9311167582505
5.92877162656819
5.92546791401321
5.92385094343198
5.9205628955362
5.91981908507346
5.92458344527276
5.92809075504078
5.93306303691441
5.9372513000546
5.94012937569545
5.9436367654829
5.94505004184153
5.94505004184153
5.94598259331458
5.9436367654829
5.9408102141038
5.93798366451105
5.93369244231616
5.92950402647642
5.92526421351825
5.9205628955362
5.9174654202623
5.91201429294619
5.90757251330867
5.90474597252074
5.90260027445532
5.90260027445532
5.90212885321899
5.90328120624453
5.90401355011995
5.90610777077425
5.90966665726588
5.91254479898461
5.91463887316884
5.91746542026228
5.9174654202623
5.91678459976361
5.91531977157617
5.91283366923171
5.9091898767936
5.90777767015653
5.90684010279608
5.90752105370772
5.90825337980693
5.90636546447982
5.90474597252075
5.90212885321898
5.90118699924007
5.89997288129361
5.90045464349994
5.90428488472566
5.90825337980692
5.9110799351726
5.91249321352676
5.91322560029634
5.91322560029634
5.91390649232805
5.91390649232807
5.91463887316884
5.91605214649093
5.91746542026229
5.9188786944826
5.92029196915151
5.92029196915152
5.92029196915152
5.92170524426875
5.92048756438184
5.91915069921352
5.91699467635386
5.9184824068337
5.9196111358771
5.92170524426876
5.92453179584682
5.92809075504078
5.92950402647641
5.92526421351825
5.92102440461107
5.91678459976363
5.91395806545837
5.91181232787375
5.91039905590138
5.91107993517259
5.91181232787375
5.90825337980692
5.905697079939
5.90260027445532
5.90428488472567
5.9068917376231
5.91060208439039
5.91463887316883
5.9196111358771
5.92385094343197
5.92809075504079
5.9330630369144
5.93588957107524
5.93798366451104
5.94081021410381
5.94012937569545
5.93939693908397
5.94012937569545
5.9386645805265
5.93588957107524
5.93447630376936
5.92950402647643
5.92554335061349
5.92311851983396
5.92097289303033
5.9188786944826
5.92170524426875
5.92311851983394
5.92405570534242
5.92271897020279
5.92170524426875
5.92264349762841
5.92264349762841
5.92346292298686
5.92667748405462
5.92950402647643
5.93233057069478
5.92809075504077
5.92453179584684
5.92102440461108
5.92029196915153
5.9188786944826
5.92102440461108
5.92311851983394
5.92526421351826
5.92311851983398
5.92102440461108
5.9181978675945
5.91678459976364
5.91605214649093
5.91463887316887
5.91463887316883
5.91531977157616
5.91605214649093
5.91322560029634
5.91067754153446
5.90615924268895
5.90004830488702
5.90186792464895
5.90118699924007
5.89694717629387
5.89129408534321
5.89270735740373
5.89480152337635
5.89768980194788
5.88568517676575
5.87223884051049
5.86545181550406
5.86778569819996
5.86828024211524
5.85838074897834
5.84423861593622
5.8293889902802
5.83221827437896
5.83866560097425
5.85979496228324
5.88036776060815
5.89373608163785
5.88144106490919
5.88674239286892
5.87793109860946
5.8687202182418
5.8648366558669
5.87505710610544
5.89206534247542
5.90054590694793
5.90122910926191
5.90127621790404
5.88779483338202
5.87578735149597
5.87642425289394
5.88073277746914
5.86671321951226
5.86812423181378
5.86821949146417
5.87028832341309
5.86248019186418
5.86163799632831
5.8850683088644
5.89416830434967
5.90427116585948
5.89839588362803
5.88994074673083
5.87649393771489
5.86020247090491
5.84589856224003
5.83473435556408
5.84380783393842
5.8540315168267
5.84176899577516
5.83201406033968
5.82218395449679
5.81937539603693
5.82150642016309
5.84131466366949
5.85631436997709
5.87191910707224
5.87357472073012
5.85560287246325
5.84294181042395
5.83573791392315
5.8269200269096
5.81934102798587
5.80628840138
5.80571115368307
5.8043173586564
5.80547190157702
5.80489457268606
5.80407804909615
5.78245293971339
5.7688526588915
5.76769806768696
5.76467110943895
5.76164429655286
5.74836472398892
5.73311677885599
5.71452692705175
5.72799973812851
5.74934474527316
5.76875671180542
5.77513160023212
5.7840146092485
5.80143335736952
5.82589538182758
5.83004948521025
5.82443962969827
5.82528505740273
5.83133749666406
5.84409257284655
5.84691183446439
5.83026903324368
5.82162357079189
5.83191126475705
5.8404901335419
5.84973888306131
5.84442743132296
5.83413969664767
5.83475740712497
5.84915463977493
5.86401509206791
5.87529071621144
5.8672286473258
5.86314335489077
5.86276180652088
5.86401509206791
5.88466651561499
5.88150091388245
5.87256715585273
5.87437162596991
5.87708175883235
5.89137140231374
5.90965058188721
5.9029430795155
5.89408152301951
5.87620191960761
5.85825178700953
5.87118131213813
5.87685238882174
5.86582176681156
5.86141390792355
5.87327583210596
5.88624736143495
5.90612673416346
5.91687527331786
5.91863768108843
5.92267920792606
5.93609307541588
5.95088329578051
5.96429710862895
5.96025544754587
5.93923168431741
5.94066073766209
5.95007403315284
5.95944099727481
5.96705664461132
5.95549301065831
5.94879433162724
5.95772590843181
5.96797352541043
5.97598837013591
5.97558917597253
5.95720807090031
5.94592650475936
5.94369590406512
5.94815710955924
5.95669589621633
5.95223470639389
5.94238882941869
5.94878651491212
5.9563993318111
5.96629742805372
5.98425475727764
5.97671297621022
5.97097646955668
5.97132891406932
5.97226472956449
5.97622773997111
5.99613850740626
5.9977537461953
5.99802175721293
5.99647529803968
5.99741686061591
6.0210597073937
6.03338752277689
6.02927823209383
6.02516896028647
6.01979152462937
6.01568225557169
6.02200672533668
6.02073168310962
6.00652054021296
6.02464422186073
6.04485698755562
6.06573754789965
6.08441426926208
6.10462717944348
6.13403374623914
6.14496452390087
6.15807534867835
6.16900226941115
6.1821169513363
6.19226759757686
6.19207832637797
6.19006373149744
6.18374166666104
6.17866628003162
6.17408495244435
6.16851562371371
6.16172216186352
6.15587142490808
6.14954933308125
6.14227010151786
6.13594801151377
6.12962592659613
6.12646488604968
6.12205717059226
6.11851820296384
6.1141103195804
6.10903503018273
6.10760223000813
6.10903503018273
6.10979966938363
6.10970252958354
6.10999214402114
6.10856398836912
6.10491687085087
6.1005089951577
6.09668057224583
6.09208026867668
6.08815448227129
6.0838384265199
6.0799181737915
6.07532262517804
6.07043499265081
6.06506999135213
6.05999471946965
6.05779076891898
6.05444407026771
6.05271550628311
6.05175842214474
6.04936137125237
6.05051154862133
6.04936137125232
6.049844295517
6.05051154862132
6.04955444640349
6.04936137125232
6.0495544464035
6.04812574274048
6.04908753449646
6.04936137125234
6.04984429551704
6.04839962304079
6.04668322305706
6.04427869972918
6.04323233046685
6.04102838927284
6.04111951545408
6.04304302483443
6.04304302483439
6.04323233046685
6.04496658386135
6.04331697000912
6.04551445288161
6.04743788723784
6.04839962304079
6.05032313186661
6.05155880744786
6.05242579467111
6.05348230360014
6.05567973063306
6.05999471946965
6.06344563758922
6.06611902290087
6.06873050975241
6.07263896506284
6.0755102666361
6.07867131863538
6.08164097920954
6.08383842651987
6.087685438654
6.09180638234668
6.09111853439087
6.09208026867668
6.09180638234674
6.08960901864808
6.08911159365631
6.08795934611915
6.08480016105704
6.0828767043234
6.07944356006376
6.07559659622
6.07330634827521
6.07023994583404
6.06831648812092
6.06584511836564
6.06823104372268
6.06823104372271
6.06190894025967
6.05683366124575
6.0505115486213
6.03279205675118
6.02867390061858
6.03374916614874
6.03691021964048
6.03183496127003
6.02867390061861
6.04418944110784
6.0612416219781
6.07800403092991
6.08082107942671
6.06754620913591
6.06530634016127
6.06881446412727
6.06343697913981
6.05268205013283
6.04319534683431
6.03276163958101
6.04645499445749
6.04564835232744
6.04389824533799
6.04201506121924
6.01044440952581
5.99335915826838
6.0028316651394
6.00608175102534
5.99623590263092
5.98546648140309
5.97215957589879
5.98424097108396
5.99763820182576
5.98905351453802
5.96720403539215
5.94688573961198
5.93499595619068
5.91308658823793
5.89117051187623
5.86309423427598
5.87295717675515
5.8711495467242
5.86713763261095
5.859970307092
5.85895084464787
5.85807886597643
5.85322970675169
5.8680860593553
5.87529080131362
5.87859549552438
5.85336450257451
5.84838071606146
5.84345959171445
5.84623810668024
5.84845424022446
5.84762379090855
5.85041878842869
5.88262126946826
5.87565162343718
5.88167051100281
5.86863118623074
5.84380098908239
5.81396938416436
5.82739770394988
5.83812444197622
5.83421117204373
5.78040586810309
5.75350328061095
5.74665894237687
5.73817366415487
5.73137487868311
5.72207348781898
5.73065484914243
5.72440739290977
5.74626017510519
5.76545444869699
5.78049695095493
5.78381362078682
5.79683241089478
5.80665721392264
5.80671585321693
5.81589133323516
5.80425843669977
5.81345336267523
5.78292555718992
5.78239509200118
5.81154480323425
5.80683295781783
5.80181781858064
5.80776480240036
5.80597080598938
5.81402442375326
5.84646371749625
5.83370362634234
5.82173384826202
5.83170678275235
5.82803680496277
5.84864326147521
5.84192023225236
5.82358669549963
5.80597278670853
5.81064342392473
5.83064018783526
5.84328032871952
5.82831476500707
5.86434352677263
5.86616339697429
5.89187321655861
5.8744262698581
5.84518066444488
5.82860326321838
5.80981178696862
5.77643531946828
5.72908483093066
5.7297875178754
5.69793664408435
5.7381260007079
5.77624419497654
5.7732861526171
5.79418259981508
5.79725150394567
5.79726090494459
5.82009106457964
5.80904165934441
5.83493144775493
5.84890528218751
5.81743904136525
5.83753860800941
5.82897212208119
5.84410480741059
5.87858520394158
5.86148658618274
5.86368902654295
5.85210594572591
5.81811137741457
5.77418132725322
5.7478060162117
5.75630992911262
5.76069613848876
5.78885040400949
5.79948221826735
5.78983013567762
5.77716825096862
5.779208423305
5.80372656144316
5.8260653103102
5.86926784190322
5.88449938397475
5.90580494090343
5.92549812252095
5.96789276043063
6.01083188918142
6.00759802250458
5.9937087850512
5.96763646681004
5.88565994600439
5.86560695921573
5.79155419555062
5.74132954985169
5.69874161547969
5.69990113949356
5.71500874889963
5.73341093939725
5.77850889070873
5.79663505837666
5.778197123671
5.78946716028337
5.82215097708741
5.84523404150764
5.86716558484591
5.84424990909868
5.83576464569985
5.85131925295491
5.85576715725612
5.87912918721808
5.87197990459781
5.85570533753188
5.86603528799479
5.86633829573442
5.86695764429914
5.90835357777443
5.91505748070123
5.91808288215025
5.93100547968044
5.96206314961527
5.95663369698016
5.95164851112706
5.89903127640462
5.84889818683824
5.80188796858403
5.75065926655374
5.74535368798126
5.75519182999143
5.77177684946325
5.81377674149949
5.85051997689092
5.8316115268423
5.84238179170109
5.84913643198711
5.85405773801392
5.83381676092068
5.87032690742173
5.88964939533753
5.85421164632778
5.84021403717355
5.86617234659878
5.86781765224514
5.87161119284998
5.88701027687228
5.86556536064513
5.86852110842239
5.88578372011745
5.88712850207979
5.89329016763984
5.88291976827834
5.8648093745662
5.87634750504091
5.87240027586682
5.87323982142736
5.88927032831751
5.865012276202
5.85101230557585
5.87501029786331
5.86501389597668
5.86285288916584
5.86008131342897
5.86433969002484
5.83784155317692
5.84142080319499
5.84837242316185
5.8615019406292
5.85952498074707
5.85642843378115
5.84229150248428
5.86239609716022
5.88424676572975
5.88598003734288
5.86620490607003
5.86039759743317
5.86653969559563
5.85509837662864
5.85289022620448
5.86744509987099
5.85780103793215
5.85336322126005
5.85066321026953
5.85569756732712
5.87849368460998
5.9018956276775
5.9067353081038
5.9117674176172
5.91309056247243
5.92029399607821
5.91537944683178
5.88731118593199
5.84414587429164
5.83502193654827
5.82560846607453
5.81714096442577
5.81967438951699
5.7977240362059
5.78379477505903
5.77350119078537
5.78966432533014
5.77701272285253
5.78920452221198
5.79957110483176
5.78104575314878
5.79070505206405
5.77937790769897
5.76798899097426
5.75806530008126
5.73865672435633
5.73365712263996
5.72246948440963
5.70041489718075
5.71260299688322
5.7177317180854
5.70633279786595
5.71210434078378
5.70696451714927
5.69275346383452
5.68590582053548
5.66530369883202
5.63905745670324
5.61339300245402
5.5994536340611
5.61904306799655
5.63323752384004
5.64527855822898
5.67285721660609
5.68227630444004
5.68921549952185
5.69628589521278
5.71325485165856
5.72880973676033
5.70836973224403
5.70130029028465
5.69775043328504
5.71613103418741
5.73168387125458
5.74868071821696
5.75430621361079
5.75785593776018
5.7635115164282
5.8236471390358
5.8370942257257
5.85126353875812
5.86046909385247
5.86610850564492
5.85079088670923
5.8372837004894
5.82173900136375
5.81320539805702
5.80664627818848
5.80546036072938
5.80619436464194
5.80755275481854
5.80755275481854
5.81608639894564
5.82665770403581
5.8365498370184
5.84702189152734
5.85565478832212
5.86068289536295
5.86418834963546
5.8670146582397
5.87125412497192
5.87125412497196
5.86916178001598
5.86984096888494
5.87057492925526
5.87057492925522
5.86984096888494
5.87242317957415
5.87690675440746
5.88188014158735
5.88685357385421
5.89109302252136
5.89391932418489
5.89250617309817
5.89035907224675
5.88944615392651
5.88753275999382
5.88544042532078
5.88329329542559
5.87905383543984
5.87764068313131
5.87408043867297
5.87125412497196
5.86826601305701
5.86818711358116
5.86677509369504
5.86752051551592
5.86701465823974
5.86706954109119
5.86701465823978
5.86486760293867
5.86277519609956
5.8592697497214
5.8570679524827
5.85497549098201
5.85265495309608
5.85288313568618
5.85079088670923
5.85073602207447
5.8500021367517
5.84932286679408
5.84841893164301
5.84626145498125
5.84440424679882
5.84084394586944
5.83728370048944
5.83519134219263
5.83728370048944
5.83654983701839
5.83801764300173
5.83733852025049
5.83728370048952
5.83496538121695
5.83355337680215
5.83214137345792
5.83021792045548
5.82953874676204
5.83021792045548
5.8288047659876
5.82880476598764
5.83021792045548
5.82948402519468
5.8288047659876
5.82649337080201
5.82433584196519
5.82366937591757
5.82100506785555
5.81817875284013
5.81749954877519
5.81608639894555
5.81393928416866
5.81184695256165
5.8075527548185
5.80739184143798
5.80590079143627
5.80523427606497
5.80307677012808
5.80404720862951
5.80456785643856
5.80613959529048
5.8075527548185
5.8111129742933
5.81461856014648
5.8165303231394
5.81540729442058
5.8111129742933
5.80823208902676
5.80540575670642
5.8031558655614
5.79958627834781
5.80195492915966
5.80613959529044
5.80896591485951
5.81037907541325
5.81445182282907
5.8153524398784
5.8153524398784
5.81467324963324
5.81445182282903
5.81320539805707
5.81320539805707
5.816031722747
5.81891269912173
5.82241822613255
5.8250813728222
5.82665770403581
5.82456530566874
5.82100506785551
5.81885804948012
5.81445182282903
5.81162782703781
5.80902065756355
5.80828666647925
5.80823208902676
5.80823208902676
5.80760751084295
5.80828666647925
5.80828666647921
5.80687351334607
5.80472643627589
5.80263405704684
5.80174387576697
5.80331327777501
5.80546036072938
5.80902065756355
5.81303982439482
5.81603172274705
5.81817875284013
5.816031722747
5.81370630493148
5.81252612897353
5.80947028566287
5.8075527548185
5.80664627818848
5.80613959529048
5.80613959529052
5.80687351334607
5.80523427606497
5.80619436464198
5.80947028566291
5.81179223647918
5.81445182282903
5.81682043731795
5.81823358073568
5.8203258499847
5.82009982732256
5.82027121361193
5.82151183113113
5.82241822613251
5.82292383601231
5.82456530566874
5.82388615960165
5.82456530566874
5.82524454422303
5.82665770403581
5.82948402519472
5.83168594833431
5.83429892960585
5.8366044923397
5.83728370048944
5.83869685803264
5.840789330219
5.84220249563465
5.84508340402427
5.84581739365846
5.84508340402427
5.84367025079272
5.84225709807436
5.84078933021897
5.83801764300181
5.83869685803264
5.84084394586944
5.84084394586944
5.84225709807436
5.84299110045532
5.84508340402431
5.84932286679404
5.85429628563504
5.85785660459521
5.86204128269325
5.86633548307635
5.86701465823974
5.86633548307627
5.86633548307627
5.86633548307631
5.86418834963542
5.86253904038175
5.86136204307496
5.86136204307496
5.86204128269329
5.86492233537663
5.86706954109119
5.87125412497194
5.87408043867294
5.87764068313125
5.88046698825865
5.88261412978959
5.88544042532078
5.88753275999376
5.88894591586644
5.88944615392655
5.88826672289904
5.88611960462917
5.88470644977299
5.88402727729909
5.87978783630838
5.87905383543984
5.87905383543984
5.87831991303639
5.87905383543984
5.87978783630838
5.87978783630842
5.87956205852102
5.87978783630838
5.88188014158739
5.88188014158739
5.88261412978957
5.88171956148879
5.87978783630838
5.87622753133335
5.87549359628617
5.87408043867294
5.87057492925524
5.86984096888494
5.87057492925524
5.8684278133074
5.86701465823972
5.86560150368229
5.86486760293869
5.86486760293871
5.86633548307631
5.8656563997561
5.86461771985183
5.86418834963544
5.86469649683596
5.86418834963544
5.86701465823974
5.86916178001596
5.86826601305701
5.86701465823974
5.866775093695
5.86486760293869
5.86418834963544
5.86350918819098
5.86209604151961
5.86277519609954
5.85994889056211
5.85921496448118
5.85570943609737
5.85429628563502
5.8528831356862
5.85146998625132
5.84790971202532
5.8444042467988
5.84293633372811
5.84152317465231
5.84135891723834
5.84277091798061
5.842692016528
5.840789330219
5.83920140087667
5.8366044923397
5.833778192561
5.83236504344508
5.82880476598764
5.82433584196513
5.82173900136377
5.82241822613253
5.82292383601229
5.82241822613249
5.82247301410662
5.82241822613249
5.81511831349974
5.81179223647922
5.80546036072936
5.80048696231618
5.7969814558958
5.79624749299062
5.79817428161655
5.80048696231616
5.80331327777503
5.8068189226116
5.81021583075877
5.81184695256163
5.81162782703778
5.81252612897351
5.8117922364792
5.81111297429332
5.81043380480321
5.81320539805707
5.8146732496332
5.8146732496332
5.8146732496332
5.81603172274704
5.81603172274704
5.81603172274706
5.81823358073566
5.81896769195361
5.82100506785557
5.82027121361195
5.82241822613251
5.82649337080203
5.82880476598762
5.83163107543678
5.8330442309312
5.833778192561
5.83304423093122
5.83163107543678
5.83021792045546
5.82744652485116
5.82744652485116
5.83021792045546
5.83304423093123
5.83587054345793
5.83728370048946
5.83943079417849
5.84299110045531
5.84418291979299
5.84508340402427
5.84717581401483
5.849830937728
5.84932286679408
5.84796460317606
5.84559492267467
5.84440424679883
5.84061340956581
5.83994691756697
5.83875166452554
5.84011001608702
5.83994691756699
5.83943079417849
5.83853491896726
5.83869685803262
5.84084394586947
5.84202541932163
5.84225709807436
5.84513832171661
5.84581739365847
5.84434949331403
5.84361566155749
5.84367025079275
5.84418291979298
5.84277091798061
5.84157795462836
5.83778939325494
5.83488654559796
5.83163107543679
5.82880476598762
5.82529930561512
5.82671245214657
5.82953874676204
5.82880476598761
5.82948402519467
5.83021792045546
5.83355337680218
5.83801764300176
5.84225709807435
5.84655146218692
5.85073602207449
5.85073602207449
5.85005683733073
5.84864368892481
5.84864368892481
5.84864368892481
5.84576265340974
5.84649655776858
5.84508340402427
5.84576265340974
5.84576265340972
5.84723054103394
5.84796460317606
5.85073602207449
5.85146998625132
5.85356233416883
5.85570943609739
5.85503031589077
5.85570943609738
5.85503031589077
5.85356233416883
5.85146998625132
5.85146998625132
5.85057646732354
5.8486436889248
5.84700692662494
5.84508340402427
5.84225709807434
5.83869685803263
5.83587054345793
5.83355337680218
5.83163107543679
5.82671245214658
5.8203258499847
5.81535243987843
5.81393928416869
5.8111129742933
5.81043380480322
5.81320539805708
5.81540729442057
5.81959191009129
5.8224182261325
5.82597845859388
5.82597845859388
5.82665770403581
5.82812559919568
5.82807086435984
5.82597845859388
5.82315215325858
5.82383138492179
5.82524454422302
5.82574784898901
5.82529930561512
5.82529930561512
5.82597845859389
5.82524454422302
5.82597845859389
5.82529930561512
5.82671245214658
5.82597845859389
5.82597845859389
5.82388615960168
5.82388615960168
5.82383138492179
5.82383138492179
5.82456530566874
5.82433584196516
5.82456530566874
5.82383138492179
5.81959191009129
5.81445182282904
5.80969982012841
5.80664627818847
5.80613959529049
5.8047812189608
5.80263405704685
5.80540575670642
5.8075527548185
5.81037907541324
5.8130398243948
5.81535243987843
5.81603172274705
5.81445182282904
5.81111297429331
5.80880383555857
5.80687351334606
5.80546036072937
5.80619436464195
5.8096998201284
5.81461856014649
5.81959191009129
5.82456530566874
5.82744652485117
5.82671245214658
5.82524454422301
5.82383138492179
5.82173900136377
5.82032584998469
5.82173900136377
5.82084538533708
5.82105986913036
5.82105986913036
5.82241822613251
5.82241822613251
5.82315215325858
5.82388615960168
5.82529930561512
5.82508137282219
5.82524454422301
5.82315215325858
5.82225738008893
5.82032584998469
5.81891269912172
5.8146732496332
5.81252612897353
5.81393928416869
5.81179223647921
5.81111297429331
5.81043380480322
5.80902065756354
5.8111129742933
5.81037907541324
5.81111297429331
5.81184695256164
5.8139392841687
5.81393928416869
5.81258101018816
5.8130398243948
5.81320539805708
5.81320539805708
5.81320539805708
5.81326010083843
5.81399415204384
5.8139392841687
5.81320539805709
5.81252612897353
5.81326010083842
5.81320539805709
5.81535243987842
5.81535243987843
5.81399415204384
5.81461856014649
5.81461856014649
5.81445182282905
5.81467324963321
5.8146732496332
5.81608639894561
5.81676559610235
5.81727582292606
5.81817875284011
5.82084538533709
5.82173900136377
5.82315215325858
5.82388615960168
5.82524454422301
5.82739161203363
5.82807086435983
5.8259784585939
5.82456530566874
5.82173900136377
5.81959191009129
5.81608639894561
5.8139392841687
5.8139392841687
5.81535243987843
5.8160863989456
5.81682043731796
5.81749954877523
5.81885804948015
5.8181787528401
5.81608639894561
5.81614141850076
5.81676559610237
5.81535243987842
5.81511831349974
5.81467324963322
5.81676559610237
5.81603172274704
5.81608639894561
5.81540729442056
5.81682043731797
5.81676559610237
5.81676559610236
5.81676559610236
5.81467324963321
5.81891269912172
5.82100506785556
5.82315215325858
5.82388615960168
5.82649337080203
5.82524454422302
5.82671245214657
5.82529930561511
5.82529930561513
5.82597845859389
5.82433584196515
5.8224182261325
5.82105986913037
5.82173900136378
5.82032584998468
5.81749954877522
5.81467324963321
5.81326010083844
5.81111297429331
5.80823208902674
5.80456785643858
5.80336807379989
5.80382227501843
5.80331327777503
5.80331327777503
5.80404720862951
5.8033680737999
5.80263405704686
5.80048696231618
5.79766064891694
5.79698145589584
5.79692677200602
5.79535029139741
5.79415515843336
5.79415515843336
5.79839460540589
5.79975309819306
5.80048696231618
5.80048696231618
5.8033680737999
5.8061395952905
5.80687351334605
5.80619436464194
5.80404720862953
5.80241027504951
5.80048696231616
5.7969814558958
5.79415515843336
5.79274201048174
5.79624749299064
5.79975309819306
5.80263405704684
5.80672549721442
5.80947028566291
5.80880383555859
5.80195492915966
5.79556830690487
5.78986096551549
5.78420832958148
5.78143684562929
5.78070281194249
5.78143684562929
5.78279517188703
5.78138201470893
5.78138201470893
5.78284998940831
5.78420832958148
5.78494226418897
5.78567627853479
5.784942264189
5.78562148779195
5.78488763935825
5.78635541597642
5.7885025697498
5.79036872746459
5.79342118268645
5.79200802830935
5.79059487444942
5.78991571613958
5.78918172110704
5.78844780575934
5.78782351147649
5.79132886305036
5.7953502913974
5.79975309819306
5.80336807379992
5.8047812189608
5.8047812189608
5.80174387576701
5.79833993484341
5.79556830690485
5.79274201048174
5.79252630550779
5.79483433758032
5.79630235581271
5.79844962037269
5.8003318870561
5.80048696231618
5.79698145589582
5.79488921378139
5.79347607227303
5.7948343375803
5.79268728657089
5.79551360968122
5.79980775543468
5.8047812189608
5.80902065756353
5.81258101018816
5.81445182282903
5.81320539805708
5.81179223647922
5.80969982012839
5.80739184143796
5.8047812189608
5.80404720862949
5.80404720862953
5.80122090598176
5.80099827615903
5.80048696231618
5.79980775543464
5.80404720862949
5.80834158775119
5.81252612897353
5.81749954877523
5.82225738008893
5.82247301410662
5.82388615960167
5.82388615960169
5.82456530566876
5.82247301410664
5.82315215325857
5.82100506785557
5.81943339166279
5.81660940755009
5.81258101018818
5.80880383555857
5.80687351334605
5.80546036072936
5.80404720862949
5.80336807379992
5.80263405704684
5.80195492915966
5.80263405704686
5.80122090598178
5.80190011978833
5.80190011978833
5.80331327777505
5.79980775543464
5.79630235581275
5.79609592743251
5.79268728657093
5.78918172110704
5.78782351147651
5.78991571613958
5.78991571613954
5.78991571613958
5.78895672811603
5.78918172110704
5.78844780575933
5.78850256974984
5.78546635976741
5.78284998940835
5.78138201470891
5.77766077231955
5.77081077492581
5.76657133832571
5.76018471926026
5.75521129064779
5.75029268820295
5.75573531358067
5.7580375997383
5.76510338155353
5.76939762886908
5.77363706860762
5.77787651304527
5.77923498397494
5.78048475475888
5.78264238908132
5.78338810732947
5.78472073656111
5.78211596217167
5.78002370237355
5.77787651304523
5.77572939116782
5.77499549783374
5.77222392150546
5.77007677591897
5.77081077492585
5.77290308250538
5.77431623657726
5.7764633643779
5.78279517188705
5.78918172110708
5.79556830690481
5.80054178504043
5.80404720862951
5.80054178504039
5.79833993484339
5.79410044786936
5.79206293128791
5.7885025697498
5.79059487444942
5.79185997758924
5.79059487444942
5.7913288630504
5.79119374567974
5.79059487444942
5.78918172110704
5.78567627853481
5.78279517188705
5.78189674760795
5.77855570190337
5.77719741743346
5.77624878273085
5.77572939116782
5.7743162365773
5.77363706860762
5.77624878273089
5.77714254627669
5.78070281194257
5.78211596217159
5.78546635976736
5.78352911292059
5.78279517188705
5.78279517188705
5.78330874154233
5.78143684562931
5.78002370237355
5.77907276299578
5.77782182141334
5.77505021623189
5.77363706860762
5.77499549783374
5.7778218214133
5.78143684562934
5.78546635976733
5.78771397012674
5.79127412578616
5.79200802830936
5.79488921378141
5.79609592743251
5.79980775543464
5.80122090598176
5.80195492915966
5.80336807379992
5.80546036072942
5.80672549721442
5.80739184143794
5.80739184143794
5.80613959529044
5.80404720862951
5.80263405704684
5.79980775543468
5.79912864144261
5.80054178504039
5.80054178504039
5.80033188705612
5.79980775543468
5.8012209059818
5.80478121896082
5.80546036072937
5.80692844798347
5.80902065756355
5.80969982012843
5.80828666647917
5.80619436464194
5.80551530873876
5.80404720862955
5.8026340570468
5.80195492915966
5.80263405704688
5.80472643627586
5.80597984839767
5.80739184143794
5.80975472804144
5.81116786885393
5.81326010083849
5.81519741711321
5.81749954877519
5.81891269912173
5.82388615960169
5.82671245214661
5.82953874676204
5.83168594833431
5.8344573869384
5.83587054345794
5.83875166452558
5.83948576503099
5.84157795462831
5.84225709807432
5.84152317465231
5.83928052074907
5.83519134219263
5.83288693530056
5.8302728066532
5.82603338473095
5.82388615960165
5.82366937591753
5.82173900136379
5.81896769195362
5.81823358073564
5.81467324963319
5.81237343948236
5.81111297429326
5.80828666647917
5.80546036072934
5.80902065756351
5.81184695256165
5.81237343948236
5.81378542775699
5.81535243987844
5.81749954877519
5.8203808294647
5.82179396749836
5.82582697992311
5.82953874676204
5.83236504344508
5.8338332166766
5.83728370048948
5.83948576503107
5.83875166452554
5.83665948981097
5.83304423093122
5.82939662400835
5.82456530566874
5.82017903504692
5.81540729442058
5.81162782703776
5.81184695256165
5.81162782703776
5.81116786885385
5.81043380480319
5.81258101018816
5.81660940755005
5.82252814505861
5.82671245214657
5.83377819256096
5.84016480931834
5.85146998625132
5.86492233537667
5.87696154488015
5.88832174732323
5.89889277746258
5.89324019534248
5.88758762142866
5.88329329542559
5.87837469033743
5.87701667515076
5.87413525550782
5.87109001804602
5.86916178001598
5.86706954109123
5.8635642743983
5.86424325893804
5.86283011863722
5.86046047678852
5.86000383958915
5.86046047678852
5.8585357385613
5.8635642743983
5.86706954109123
5.86989582531067
5.87057492925526
5.86477561378098
5.86209604151961
5.86706954109115
5.86826601305697
5.87057492925526
5.85697003577791
5.82017903504696
5.83080860601684
5.83928052074911
5.84351649266089
5.83655035102073
5.83297256979658
5.83999794520511
5.83294659670393
5.83077842144599
5.83195481806921
5.82491347575225
5.81582479103351
5.8084066662037
5.77312740202395
5.76735034482908
5.77008951403704
5.75789718560519
5.76868659228418
5.78350654879887
5.79210238169184
5.81140826306327
5.82500858368464
5.84420755962688
5.86640818559357
5.87742571199329
5.8932341714885
5.91404176515514
5.90234411060556
5.9089688609774
5.90841180013717
5.86765788027901
5.86543536321045
5.87664155789685
5.88130198170442
5.88583265137564
5.88840632089878
5.89069579930923
5.88436657593656
5.87767003156864
5.88088845328661
5.87912246853221
5.85853471441452
5.87075710620006
5.87075710620022
5.86141894083682
5.86545181550407
5.86130232968751
5.86089430036064
5.84905334220844
5.83198225305944
5.8316732590226
5.8281408699516
5.82415873753456
5.8265726632387
5.82025093960727
5.83511645128012
5.86227959073939
5.82749483054261
5.8344543875156
5.85836103359974
5.86243123627045
5.86558863201298
5.89225135241196
5.92713927624454
5.94173451106655
5.91778556556415
5.90758918680026
5.91109845967743
5.90603394842936
5.91392568434883
5.91347698059267
5.90653680256037
5.92247684672554
5.91231426769588
5.9249105478479
5.95082733743813
5.97437862877802
5.97842061083023
5.95249804703874
5.91247570819538
5.95548495086665
5.93826414030225
5.92023918435739
5.94528182679348
5.96017197738448
5.9353424501034
5.97698594611034
5.99329934176491
6.01649274910224
6.02978515371808
6.00599117548463
5.96037381378048
5.93361710931878
5.93578040362015
5.94574570596495
5.93345337893535
5.89681693797595
5.87040117879522
5.83718913519163
5.80682572495515
5.80919013288435
5.80919013288424
5.81626718781035
5.8176566588275
5.81500421323997
5.8055189259876
5.8060804334766
5.79931754605656
5.76754800586879
5.73999346689525
5.74244555916723
5.70622554759278
5.74247655633003
5.78908671553636
5.84748732362879
5.86360298792482
5.89667474090269
5.87691636830064
5.8544623151917
5.85650339366414
5.85790218422948
5.87310139534468
5.86036048379282
5.83653664427798
5.80518544062115
5.78285638763406
5.76227602601612
5.76442677115427
5.72757583974231
5.6831917968691
5.62733773644339
5.5958363986092
5.552001440922
5.60010017767546
5.63167941204043
5.65489354453291
5.67832369630335
5.70399903576432
5.71442403046881
5.69592310341353
5.68534757072958
5.68976704268285
5.69105860099866
5.69826921090963
5.70002254381499
5.67518396177602
5.66049114476824
5.61894118139706
5.58445959784831
5.54359179593887
5.53392817083854
5.53706140475249
5.54686109434879
5.52118338764442
5.51895144026471
5.53014466356896
5.53786827217845
5.5559734520604
5.57049737456182
5.58226495250802
5.59987035564223
5.62515955329275
5.64071360733724
5.63373242176085
5.66275021522223
5.65590638182777
5.63604772868364
5.63207537236501
5.64030859084851
5.66755299931107
5.66874068907727
5.64183206059879
5.67223456849242
5.69559382329888
5.71859510719193
5.72815720803821
5.69509701409905
5.69145552561036
5.6905698308693
5.70156487290985
5.70345447952388
5.63557361765428
5.62251705199721
5.61047921304411
5.61752552286141
5.64659277795031
5.69020641101882
5.70014464728743
5.69283093021395
5.66157902002612
5.65025919759442
5.63472164352423
5.61549232035805
5.64887422412651
5.65840065742954
5.6558643017668
5.62094938600228
5.5731482126353
5.54113796976764
5.51632531673035
5.48216672493638
5.42625331144792
5.42975229637596
5.48998397083265
5.57982454921306
5.60451425192227
5.66175414513913
5.66812579253502
5.67259605471779
5.70098044199422
5.73249832097663
5.7445700448336
5.74202229184115
5.68764318501078
5.64659091842149
5.6299677618971
5.62551553193131
5.66600714789527
5.66967732767927
5.66190709920249
5.66659333285881
5.65100663598978
5.62342333458902
5.62381303032025
5.61654164054718
5.6284584923405
5.64340508912842
5.64831337657535
5.65968356005883
5.70575612868264
5.73183269120797
5.72308308519113
5.73097068566922
5.7236102243252
5.7111859538979
5.73427606590406
5.7566665701602
5.7872671443437
5.81640524722956
5.8108000309768
5.78440005532121
5.79520016910546
5.7964860044686
5.81440667652341
5.82688338651118
5.80826488721031
5.80603858065029
5.80831472976453
5.79928012774001
5.82089177016716
5.80524400865291
5.78242103275092
5.79604390942646
5.80229825155518
5.78456186759208
5.77661051136391
5.76676165625044
5.75061814068714
5.77108274069949
5.76216660640767
5.7500944340071
5.77453755724213
5.76042298794108
5.74965781590519
5.7648192512862
5.77494632009682
5.77888795530767
5.79469895680525
5.78495306808963
5.77835729251837
5.78783595137251
5.7982756057297
5.79636135864564
5.78563548799962
5.77364806686382
5.76465523687236
5.77182813326939
5.75262114170576
5.75869750898584
5.76154319605432
5.75232657278773
5.76220695567245
5.74199076975922
5.73007853349324
5.77253791672262
5.78979101522669
5.80082218310473
5.80591319259941
5.80457784856061
5.80569392923875
5.79316502440591
5.77594191452787
5.77196474348204
5.74703158160807
5.7239448809366
5.72977774438067
5.73607574915118
5.72783667714088
5.75092096972307
5.768946264267
5.78597416171212
5.79295606750131
5.8010072401265
5.80293029425647
5.81297626005819
5.80665936662381
5.80309615636346
5.80713096115457
5.80912953892406
5.81012882817583
5.78906849156238
5.76718692258195
5.75509252749253
5.75905209214155
5.76404857717212
5.75618919077543
5.75316956120712
5.75316956120712
5.75316956120706
5.75214968511776
5.75017017139495
5.7471707822197
5.74317159764535
5.74017220996023
5.73617302737637
5.73317364118685
5.7301540991495
5.7251551070692
5.72215571266634
5.7171567234072
5.71917651414953
5.71917651414959
5.72015611675066
5.71915631889881
5.72015611675066
5.72015611675071
5.72215571266634
5.72215571266634
5.72315551073005
5.72217589733137
5.72317569186896
5.72415530886437
5.72415530886437
5.72315551073011
5.72415530886437
5.72615490534445
5.73017425564004
5.73717282291547
5.73717282291547
5.73417343651202
5.72915430059272
5.72415530886431
5.72315551073011
5.72515510706914
5.72515510706914
5.72115591467316
5.71515712819866
5.70815854720241
5.70717898790639
5.70515915641274
5.70115996969037
5.69516119174862
5.69114188893582
5.685163234244
5.68714269207304
5.69716078410989
5.70817878136275
5.71417754361905
5.7171769257213
5.72117610286559
5.72215571266634
5.72115591467316
5.72115591467322
5.72715470369013
5.73219416977478
5.728174665633
5.72517528115951
5.72517528115951
5.72517528115951
5.72517528115951
5.72617507591239
5.72717487073688
5.72915430059272
5.72915430059272
5.73415329407921
5.7411720057842
5.74919063868993
5.74317159764535
5.74102725999453
5.73917241420747
5.74315148677102
5.75005843448567
5.75116996792826
5.75206267351115
5.76111143790847
5.78113137716141
5.76901828736914
5.76702349570378
5.74092849633225
5.74114526902082
5.74391129806164
5.75296662601134
5.75843659338192
5.76042116515799
5.76240574760232
5.81199423606048
5.86446178263614
5.89967634705499
5.90985828933317
5.90886825035045
5.91176834796495
5.90766078917875
5.9133940338861
5.92181298252485
5.92789355504974
5.9540018474972
5.9448479375002
5.94828933391777
5.96328609073889
5.9699511723296
5.97647002836958
5.97343201183377
5.97634445125108
5.99890156612026
6.01127083069797
6.00956903612897
5.99672018690218
5.97232232887673
5.97836808836659
5.98468587312653
5.97740579181298
5.97358217487629
5.97013308059374
5.97425158492677
5.98277669648465
5.99513219203713
5.99932079489001
6.01247810806825
6.03271887294609
6.02856284698101
6.04309341314527
6.06112110091853
6.06017904025944
6.05290013134199
6.07046365609748
6.08625245943678
6.10638788483014
6.09503478250944
6.08172056247242
6.10195386741003
6.07938886731221
6.05798068666451
6.03868073340528
6.01990199255766
6.00401007660717
6.00358309678481
5.99953906562831
5.9954469391364
6.00796612839987
6.00491432078762
6.00976014496421
6.02004327226976
6.03122342481194
6.04443959354377
6.05753250094457
6.04412111063309
6.04141440392889
6.03376607103719
6.02159156701945
6.04217982188547
6.03634964196078
6.02468928659399
6.01885911116053
5.99387570775373
5.98615811685592
5.96609302642857
5.96747392118308
5.97220846923484
5.97026297578259
5.97359121467149
5.97803119764359
5.97082012792215
5.96638424843724
5.97444106172282
5.97001524286162
5.96944427899278
5.98029430713907
5.96723135130522
5.97146548177251
5.9758798515365
5.96367445456234
5.95921739828312
5.95841598077878
5.97121645898056
5.98541368662184
5.96823122876449
5.95621801145661
5.96411980094295
5.93402873265711
5.91559236256189
5.90296069781938
5.90370900366876
5.90644749405256
5.90927085180573
5.91566572754073
5.92395560415501
5.91923728194769
5.90700076180798
5.89428468942587
5.88642242792686
5.8949606444827
5.9034380660764
5.91265236590146
5.92112979084227
5.92542943591432
5.9289311852981
5.9317569909766
5.93390680749202
5.93102014833877
5.92542943591432
5.92119075862281
5.92395560415503
5.92819432879863
5.92893118529806
5.93108101445261
5.93249391065847
5.93384597036356
5.93464379722993
5.93673260304015
5.93740860982298
5.9395584010935
5.9395584010935
5.94097130105846
5.94379710286278
5.94594693888199
5.95012478860739
5.95301142280107
5.95866302118184
5.96363865437871
5.96855334231002
5.96855334231001
5.96787734458408
5.96646444722499
5.96290172650867
5.95933905731163
5.95657418320294
5.95657418320294
5.95731122235527
5.95583722074403
5.952335508017
5.9501856273565
5.94614379240868
5.94379710286278
5.94023442298366
5.94238420164837
5.94521000470127
5.94803581024862
5.95301142280107
5.95583722074403
5.95798707618603
5.95725012065129
5.95866302118186
5.95510033500695
5.95301142280107
5.95018562735652
5.94662290716337
5.9437971028628
5.940295363027
5.93673260304015
5.93249391065849
5.93175699097662
5.92893118529808
5.9261053821207
5.92542943591434
5.92327958144812
5.91830398002673
5.91474132993153
5.91123946393648
5.91050260130221
5.91123946393648
5.91197640387716
5.91265236590144
5.91547817171191
5.91756715213272
5.91830398002673
5.91971688512213
5.9232795814481
5.92819432879861
5.93175699097662
5.93323090735561
5.93458279915279
5.93531970495271
5.93525888230667
5.93464379722995
5.93249391065849
5.92893118529808
5.92751828339652
5.92045378328383
5.91056350951413
5.90202516090873
5.90134916777513
5.89919935245454
5.89637354651146
5.89846251153638
5.90061225636799
5.90061225636797
5.90134916777511
5.90134916777511
5.90134916777513
5.90343806607642
5.90558786235545
5.90485097187049
5.90558786235546
5.90558786235544
5.90632483021379
5.90491193837808
5.90700076180798
5.9084136618893
5.9140652684934
5.91547817171191
5.91836497691718
5.91904088514349
5.91971688512213
5.9218666820522
5.92260365042267
5.92395560415505
5.9268423296052
5.93108101445259
5.93034408782492
5.93316989475271
5.933906807492
5.93458279915277
5.93108101445259
5.92542943591432
5.91762798763152
5.91191551022171
5.90558786235545
5.89993627084225
5.89993627084225
5.89926037736937
5.89919935245454
5.89496064448271
5.89281087427724
5.88789614378514
5.88359660411895
5.87935787310144
5.87659297552588
5.87659297552588
5.87585602274254
5.87726892357326
5.87935787310144
5.8807707828141
5.88365745093985
5.88722022689826
5.89213484231309
5.89919935245453
5.90626387829057
5.91265236590145
5.91547817171191
5.91971688512212
5.91904088514347
5.91547817171191
5.91332841976497
5.90841366188929
5.90417496353216
5.89919935245454
5.89778644916887
5.89496064448272
5.89219594039438
5.89139796652714
5.8921348423131
5.89422378265365
5.89711047887014
5.90208615660597
5.90276206533858
5.90343806607642
5.90343806607641
5.90632483021379
5.907737722682
5.90982656259894
5.91265236590145
5.91480219449477
5.9183649769172
5.92186668205221
5.92751828339652
5.92893118529809
5.93034408782492
5.93181801811215
5.93175699097661
5.93175699097662
5.93390680749201
5.93531970495271
5.93673260304015
5.93599570417634
5.93746957886943
5.93673260304016
5.93458279915278
5.93175699097661
5.93034408782492
5.93034408782491
5.93040512950002
5.92960723825786
5.92825522392551
5.92751828339652
5.92966811887478
5.93243305904078
5.93384597036357
5.93605668773471
5.93746957886943
5.93955840109347
5.93949762185322
5.93673260304016
5.93531970495271
5.93673260304016
5.93740860982297
5.93673260304016
5.9381455017539
5.93955840109347
5.94029536302699
5.94164733049682
5.94385817462025
5.94527106194495
5.94735983441393
5.94944871395661
5.94594693888198
5.94238420164835
5.94023442298365
5.93974890041659
5.93740860982298
5.93955840109347
5.94170825604893
5.94521000470126
5.94379710286278
5.94312114969903
5.94097130105844
5.94097130105844
5.94097130105844
5.93955840109347
5.94097130105844
5.94097130105844
5.93888247063368
5.93316989475272
5.9268423296052
5.92469248147108
5.92186668205221
5.91971688512213
5.92051492692992
5.92260365042268
5.9232795814481
5.92819432879861
5.93108101445259
5.93390680749201
5.93673260304016
5.94097130105844
5.93888247063368
5.93531970495272
5.93390680749201
5.93034408782492
5.92819432879861
5.92469248147109
5.92469248147108
5.9232795814481
5.923218803995
5.91904088514347
5.91621509074848
