5.21569515980373
5.21785061112332
5.21926287898971
5.21926287898971
5.22141838967153
5.22141838967153
5.22134427135388
5.21993199189415
5.21785061112332
5.21502607855416
5.21361381385311
5.21145833716437
5.21145833716437
5.21428288453935
5.21643834431118
5.21785061112332
5.22067514790951
5.22424291165715
5.21993199189415
5.21851971348197
5.21569515980372
5.21287061032595
5.21145833716437
5.21145833716437
5.21569515980372
5.21785061112332
5.22067514790951
5.2234996889059
5.22773650827966
5.22847970255217
5.22989196829151
5.23056105977169
5.2305610597717
5.23264254464224
5.23130423508325
5.22847970255217
5.2270674378661
5.22424291165715
5.22141838967153
5.22067514790951
5.21785061112332
5.21643834431119
5.21287061032595
5.21004606505547
5.20937702609439
5.20647836834074
5.20647836834074
5.20580925505343
5.20580925505343
5.20439698716384
5.20514024787037
5.20580925505343
5.20937702609439
5.21361381385311
5.21643834431118
5.2200061302646
5.22208741788186
5.22706743786609
5.2298919682915
5.23479789485707
5.23695331275733
5.23977785788672
5.24119013202155
5.24260240720198
5.24267660646734
5.24260240720198
5.24193332655043
5.24260240720199
5.24119013202155
5.23836558479838
5.2362101753081
5.23338561545011
5.23123025683252
5.2305610597717
5.23197333708803
5.23412877182058
5.23621017530809
5.23910879825948
5.23977785788672
5.23977785788673
5.237696535692
5.23762245680233
5.23554104176444
5.23412877182059
5.23271650292656
5.2305610597717
5.22847970255216
5.22632423410565
5.22349968890589
5.22208741788186
5.22283065013599
5.222830650136
5.2234996889059
5.22491196098078
5.22632423410565
5.2270674378661
5.22632423410565
5.22639847313616
5.22491196098078
5.22491196098078
5.22424291165716
5.22491196098077
5.22491196098078
5.22558111600997
5.22565517423413
5.22491196098077
5.22632423410565
5.22485645735842
5.22134427135388
5.2192628789897
5.21718161462682
5.21428288453935
5.21212749268473
5.21569266732617
5.21993199189415
5.22558111600996
5.2312302568325
5.23628427417762
5.23762245680234
5.23910879825949
5.24119013202154
5.24260240720199
5.24401468342719
5.24542696069633
5.24119013202154
5.23762245680232
5.23412877182057
5.2305610597717
5.22632423410565
5.22483808361563
5.22141838967151
5.218519713482
5.21428288453935
5.21220155020889
5.20863379400011
5.21004606505547
5.21078928762235
5.20999193857342
5.21004606505547
5.21004606505549
5.21004606505547
5.21428288453935
5.21710743611823
5.21851952185673
5.22067514790951
5.22416883341265
5.22208741788186
5.22208741788186
5.21993199189414
5.21705913326655
5.21718161462683
5.21428288453935
5.21145833716436
5.20930292841568
5.20506608987821
5.20157245455639
5.2001601898403
5.20439698716385
5.20722152399914
5.21212749268472
5.21569515980372
5.22067514790952
5.22416883341265
5.22565517423413
5.22699339965147
5.22914878350195
5.2305610597717
5.23333708067808
5.23338561545009
5.23338561545011
5.23412877182057
5.23333708067806
5.23130423508326
5.23264254464223
5.23412877182058
5.23695331275734
5.24044702291702
5.24260240720196
5.24542696069635
5.25813750295672
5.27374648613297
5.29069390533983
5.30697211223123
5.32179405839797
5.3494146408743
5.40100083317899
5.4554850380145
5.49244517496534
5.44788995850687
5.4160624073214
5.4030066629609
5.39343934794858
5.38495571012428
5.37542872708773
5.36798845006209
5.34605845459996
5.32381075922127
5.3043614130261
5.30153355171877
5.29870569101551
5.30929609270382
5.31850072858885
5.31353789861334
5.29657068299856
5.27960348889952
5.27973493652855
5.27973493652855
5.28324029360773
5.29810579358323
5.29938430386019
5.27530112884564
5.25478838774694
5.26012975125139
5.26219060848238
5.25438112435708
5.24451074934544
5.23701785370263
5.25545354845803
5.27596635698145
5.26660896592864
5.24585903356163
5.24522258822253
5.24740173800329
5.26020655487978
5.27006081558836
5.27505544994552
5.28068650840023
5.28645249671271
5.29355353236367
5.32159196105827
5.32197566698686
5.32439527082656
5.32540721447665
5.32759542382866
5.33337688523882
5.33500178069324
5.31519049517512
5.30799415975564
5.31299397703406
5.31878867788523
5.33458311398368
5.32888590607829
5.32028429691497
5.32922555349273
5.33643410902825
5.34608913131834
5.36469020540793
5.36445132329489
5.36305770992632
5.3788684683677
5.39549636270844
5.41106653073125
5.42409006193667
5.42708853806529
5.44129442320481
5.45953743461845
5.46592078244831
5.45510449029159
5.43734346901133
5.422921721729
5.41432193353885
5.40695884948274
5.39475421126862
5.36539150482051
5.34737141032861
5.33624174864672
5.32542965402797
5.3123916459538
5.2957496164377
5.28854157589784
5.30295766530338
5.29656284773438
5.28537765916494
5.27495459696099
5.26483513512062
5.26792226594127
5.27769817249907
5.28764465523168
5.29840249509223
5.30873892746668
5.29170539618372
5.291207518138
5.28997967859991
5.28984243621675
5.29034025370767
5.28860586544317
5.31057068496406
5.31105206150343
5.3110520615034
5.31280509712147
5.31328645943354
5.31464439073773
5.31663737713979
5.31647749924705
5.31528710419293
5.30171906083301
5.28070042702672
5.2695200920008
5.27399222600866
5.27175615900433
5.26817805317933
5.26728402499809
5.26817805317928
5.27172011776043
5.26324890158161
5.255167837472
5.24936310422509
5.2484607267274
5.24846072672745
5.24809727425094
5.25347675354143
5.25438721450941
5.25571127441378
5.25480085255379
5.2445386832399
5.25480085255379
5.26506315251775
5.26304284611098
5.25765965045285
5.2451825516373
5.23533427777062
5.24386822870293
5.25033351321611
5.24494852214964
5.24086786706173
5.2364083110468
5.23507631271983
5.22969148229606
5.22301311505148
5.21762829262495
5.21410874455068
5.20054122183454
5.20147382959869
5.20463255187149
5.20592604634373
5.20815216751587
5.19390046111785
5.1825387601059
5.18911447166085
5.19612211172911
5.20278406240351
5.18791913969365
5.17621637878481
5.17970317682394
5.18286532721041
5.18570284532389
5.18951442815224
5.18926979448939
5.17818597580269
5.17471748021088
5.18576860262776
5.18557663138826
5.17829721047373
5.16965153564537
5.15550133352714
5.136248144317
5.12580783877037
5.12389246569441
5.11852840179673
5.11345216072272
5.10386520198173
5.09176943704249
5.08861100891001
5.08641573212414
5.08448945322929
5.08133102641425
5.07720946977766
5.08133102641424
5.09036835602296
5.10013891967656
5.10317097499195
5.10606041875731
5.1090458013214
5.11029128328318
5.10933361604038
5.10852473812152
5.1082556709703
5.10837596502058
5.10852473812158
5.10317097499188
5.09781727801225
5.09053729973561
5.0854525855621
5.08106209369657
5.07801270183523
5.07801270183523
5.07705505189767
5.07817260439227
5.07817260439227
5.07940478796483
5.07790370133189
5.07886690118967
5.07772488423704
5.07913575325571
5.08529212533558
5.09369571136715
5.10124475005853
5.10948784126158
5.11661303989268
5.11334039547536
5.11237723568985
5.10825567097028
5.10509725666419
5.10290201747988
5.09808630762566
5.09573243018117
5.0916138895246
5.08861100891
5.08572167936864
5.08256323128398
5.08241920742477
5.08529212533558
5.08816518992853
5.09352922834457
5.09764779089337
5.10220785542885
5.10837596502058
5.11045095857501
5.10837596502058
5.10632940574734
5.10521507872099
5.10317097499188
5.10272407641252
5.100520953785
5.09904942121569
5.09808630762561
5.09781727801219
5.09685412779295
5.09712320824206
5.0960204081224
5.0956220424988
5.09658522934719
5.09685412779299
5.09640235852702
5.09808630762568
5.09808630762565
5.0993185819283
5.0998509782149
5.10124475005853
5.10080866137911
5.10097569098302
5.09904942121567
5.09904942121567
5.09764779089337
5.09808630762562
5.09889331129805
5.10109654878249
5.10617273503357
5.11249449877455
5.11977392078981
5.12580783877039
5.13088413433785
5.13433277067234
5.14036671843558
5.14544303243171
5.154255717366
5.15617106000179
5.15933193349685
5.16220505210711
5.1644081945563
5.16661136529541
5.16345049361373
5.1520525036145
5.14065453031033
5.15795502113002
5.17484850019788
5.1880116615135
5.18308566396504
5.17662138851202
5.17155537531987
5.16648942706751
5.15890695787394
5.16418919095726
5.16356775882721
5.16324326368606
5.16294663927489
5.16366691412218
5.18723558362255
5.18057081796978
5.17014825706188
5.16006870109307
5.15152501692462
5.18568028324153
5.20369993370104
5.19551739483178
5.18754546968025
5.18163304374213
5.1952942168851
5.22025334634249
5.19397959179669
5.1665713969711
5.15177493685425
5.20005923043189
5.24928385591787
5.26673807968466
5.26807175349768
5.27030748628579
5.29120572270629
5.29074030736719
5.29209079665118
5.28517511535805
5.2766793535329
5.30499010366659
5.30945458592499
5.31838358902395
5.30496606963701
5.32002716158481
5.33422927891183
5.33889511041378
5.34006001838929
5.3642043212391
5.33980411625744
5.31372901077957
5.31187245705321
5.33319838370934
5.32540214443944
5.31760594628821
5.3194470577307
5.34038069804018
5.3572427609732
5.37597367925105
5.3693940998962
5.36433127239548
5.38865706832413
5.43028636445626
5.47204029590424
5.47980236869903
5.50129375692664
5.52461401366644
5.52744208472601
5.52921558631963
5.54133287215267
5.5072906224386
5.46386172958293
5.45378776631433
5.47580934657156
5.47940306967832
5.47477305465721
5.44860248137076
5.40692565142154
5.41221211705525
5.42459970873429
5.44622897058133
5.45101064023917
5.45127774012669
5.4602011867696
5.4596018169826
5.46542679028817
5.46186488298637
5.4542897796138
5.43147539808475
5.4199178038048
5.43281078264288
5.43659682154197
5.45373578384575
5.42338501307069
5.40432567486457
5.39860222650265
5.39564954384551
5.3867219159708
5.36617741041045
5.36783243032045
5.37852182295476
5.34528614762581
5.33291224379325
5.33534787994188
5.34178865175326
5.37219889803046
5.39971128857826
5.43680880664381
5.48659238507832
5.53386420144195
5.53485844444094
5.54513787024275
5.50403379350088
5.50070268238528
5.4897181166249
5.45034769533101
5.46000741757742
5.42707471848329
5.41903183234799
5.41609693414001
5.39943700768887
5.41288425887714
5.42850522703996
5.39487627290931
5.38917999328285
5.39128713759526
5.38323183598847
5.38524744092596
5.3860657255551
5.39112400154183
5.41823753632112
5.46021245007916
5.47769048048535
5.46695088692037
5.48162138422571
5.46983518947328
5.4506168458258
5.43861204720461
5.45552948850977
5.45552948850977
5.42639254016878
5.40002018514753
5.35433151756598
5.36007332039403
5.3529567530478
5.33934537185979
5.30976732070245
5.2668351977255
5.25445420571922
5.25668869156239
5.30325796091423
5.37854720161487
5.40037785715043
5.47663847629188
5.54124841529417
5.57230984422074
5.58160236849594
5.57383037057994
5.54962070776017
5.49182100946484
5.46620983863589
5.47536099266524
5.46079206709064
5.4323830866389
5.40667596587776
5.3826444244442
5.37712283661062
5.40388785968024
5.39470156727878
5.37029878125975
5.34695614345207
5.35111670588487
5.38680628944468
5.38182515509384
5.38583493991414
5.40083484287395
5.3693188581048
5.34243100095825
5.34106777713962
5.33430126633284
5.31793427939828
5.3005669508082
5.32530121213811
5.36079564990118
5.41574611664909
5.48876743905221
5.51965306880793
5.51728212075474
5.51703842654732
5.50001209089587
5.43364932618958
5.39801982211998
5.39195966231197
5.39195966231204
5.38937185579174
5.38082837488798
5.37128010813067
5.36147834090567
5.37877086331067
5.39745208408561
5.3986873404561
5.37513953307262
5.37490251074382
5.38021951225044
5.36373172334332
5.39406877968755
5.38915327301051
5.38160134160826
5.38129073736031
5.3712815044456
5.37823948890341
5.39737954937395
5.38633418940937
5.3979036671656
5.38791833642641
5.38838621481422
5.3884217540946
5.38510324877807
5.39708069237431
5.38710283918913
5.35606889425446
5.3755059296777
5.39560005930758
5.41561824725497
5.42820043845103
5.4175649511566
5.42070853302408
5.42679058007585
5.42134466714669
5.45058317980747
5.42625773438749
5.38546794624203
5.4075979880165
5.4430039500261
5.43961184276972
5.41463369028787
5.39008070440511
5.38607333778519
5.36519915753371
5.38708121342167
5.40859944902556
5.40510878706433
5.38359071624128
5.38450935554956
5.39397376708494
5.40028341848838
5.36574393723741
5.35750128324761
5.36915011896665
5.35212789458559
5.35404790789174
5.38132938965824
5.39788495616566
5.42517916754827
5.44081997496697
5.42071037780104
5.39516913543962
5.38691043177816
5.40975489278402
5.40529555158639
5.41617808052869
5.42007693672336
5.42255032249591
5.42506562172302
5.44597842448905
5.47273030579801
5.48493682734815
5.47133703951785
5.46200119004017
5.49230898620974
5.51541349311185
5.53810436882512
5.54304907068304
5.55996852509077
5.57073361416609
5.55574693448139
5.54153426408247
5.54359901147257
5.55370074814986
5.56560984978287
5.56996777369489
5.59698213325716
5.62008184993783
5.61467363254528
5.60945175574229
5.6031724049863
5.58124090144834
5.55951256856205
5.57510268963722
5.58005922907635
5.57288659493442
5.56520368001033
5.55601880846346
5.55661803617992
5.55520386664616
5.53257715716646
5.51207737608972
5.49015209261092
5.46681269113914
5.43923082797559
5.41692061968788
5.37797378201122
5.38645059385122
5.39492743232008
5.40838062639823
5.42042101685839
5.43381127754729
5.44658948333729
5.4607176268326
5.46851954371569
5.47349586644583
5.47699643965559
5.48264771802824
5.48694906118142
5.49192543649312
5.48762398493186
5.48129783901592
5.47632148435427
5.47202019367615
5.46643183438704
5.46569391751864
5.4656939175186
5.46710673025504
5.46710673025504
5.46851954371565
5.46710673025504
5.46495608399551
5.46286829422055
5.46145548366002
5.45930480922252
5.45506636073292
5.4486772706777
5.44161317993115
5.43596192039643
5.42822300573588
5.42318375126639
5.42250873673801
5.42250873673805
5.42183382261026
5.42250873673797
5.42318375126643
5.42324662909592
5.42392155179258
5.42324662909592
5.42459657486157
5.4253343675759
5.42600939918095
5.42398460543539
5.42324662909584
5.41894528483173
5.417532464139
5.41470682493524
5.41261905180846
5.41403186174592
5.41329400642527
5.4147068249352
5.41335699912727
5.4147068249352
5.41403186174588
5.41188118864412
5.41046837159224
5.40911859733177
5.40770579821058
5.40622992481824
5.40549211450725
5.40481711068933
5.40549211450725
5.40622992481824
5.40622992481824
5.40481711068933
5.40057867269795
5.39916586150123
5.39701519360474
5.39418955914605
5.39210181654612
5.39277674301466
5.39210181654612
5.39062612318832
5.3885382990195
5.38780047885964
5.38571267336087
5.38429986163477
5.38221218459472
5.37791074674916
5.37649793080961
5.37508511560514
5.37576013229759
5.37441020019869
5.37367230113633
5.37367230113633
5.37367230113633
5.37225948740381
5.37152166522676
5.37152166522671
5.37152166522668
5.37299739437872
5.37158458929951
5.36943386214972
5.36869602417573
5.36869602417569
5.36660823984762
5.36660823984762
5.36304475088549
5.36021911865553
5.35524285163612
5.35174223968235
5.34824176716048
5.34885380245152
5.35174223968235
5.35389297614364
5.35671858510412
5.35733077194232
5.36015643428434
5.35665567308561
5.35174223968235
5.34824176716052
5.34535312210523
5.34111467766794
5.33828905174685
5.33761416739726
5.3382890517468
5.33896403808829
5.33761416739726
5.33687623989915
5.33337576024797
5.32974933744541
5.324835866015
5.32127240422813
5.31850975368101
5.32059742886082
5.32274816236878
5.32342305288619
5.32692369008606
5.32907430985907
5.3325749877522
5.3318999427971
5.33196295936119
5.32698657779421
5.32336031093148
5.31918461796538
5.31420831356843
5.318446765739
5.32342305288615
5.32766149450206
5.32692369008606
5.32201024050124
5.3156211302161
5.30996986808777
5.30781923203869
5.30431861788107
5.30149299726027
5.30364374746268
5.30573142931301
5.30640641112233
5.30923205369668
5.31212057468578
5.31212057468578
5.31279549766409
5.31138268250365
5.30996986808777
5.30996986808777
5.3127328184278
5.3149461897558
5.31709695228519
5.31635899841237
5.3170339476065
5.31629617308891
5.31562113021614
5.31635899841237
5.31850975368101
5.31985958461313
5.31992255582727
5.32059742886082
5.31985958461313
5.32127240422813
5.32268522458357
5.32483586601504
5.32557377190477
5.324835866015
5.32268522458353
5.31985958461309
5.31844676573904
5.31777180781578
5.31777180781573
5.31709695228511
5.31844676573904
5.31918461796546
5.32127240422821
5.32342305288619
5.32624867988721
5.32766149450206
5.32981219181316
5.33116216223066
5.3318999427971
5.33122499994141
5.33405061843253
5.33472557869661
5.33472557869665
5.33263780881469
5.32907430985908
5.32618597121804
5.32336031093144
5.31918461796542
5.31635899841233
5.31562113021606
5.31488334773211
5.3149461897558
5.31488334773207
5.31777180781578
5.32268522458357
5.32624867988717
5.32839938443056
5.32907430985908
5.32974933744545
5.32833651339704
5.32624867988717
5.32489896617765
5.32416096676276
5.32342305288619
5.31985958461311
5.31844676573902
5.31568415164035
5.31420831356843
5.31138268250368
5.31212057468576
5.31420831356846
5.31770899918379
5.32053465358511
5.32483586601502
5.32698657779423
5.32698657779427
5.32624867988719
5.32059742886078
5.31562113021612
5.31138268250368
5.30714424149183
5.30290580719661
5.29725457194572
5.29227824287424
5.28730195846617
5.28656419614857
5.290127597705
5.29442895882074
5.29725457194572
5.30081814439996
5.3064064111223
5.30714424149185
5.30855705441693
5.30929496261039
5.31138268250369
5.31138268250369
5.3121205746858
5.30929496261037
5.30923205369666
5.30923205369666
5.31070776827344
5.31212057468576
5.31212057468576
5.31420831356843
5.31279549766411
5.31212057468578
5.30996986808775
5.30996986808777
5.30714424149185
5.30505655012272
5.30290580719665
5.30075513488407
5.29860453327099
5.29510387055818
5.29442895882076
5.29160334870255
5.28945261818273
5.29086543015412
5.29369105634246
5.29651668552078
5.30149299726031
5.30573142931303
5.30855705441695
5.31070776827346
5.31279549766413
5.31629617308893
5.31777180781576
5.31500940732939
5.30929496261039
5.30431861788111
5.30075513488405
5.29510387055816
5.29510387055815
5.30008018807265
5.3043186178811
5.30573142931301
5.30646935353443
5.30862015970254
5.30923205369666
5.30573142931303
5.30788215769717
5.30855705441695
5.31070776827346
5.3156211302161
5.31777180781576
5.3170339476065
5.31279549766413
5.30996986808777
5.30788215769717
5.30646935353441
5.30505655012272
5.30499359094806
5.30573142931303
5.30714424149185
5.30929496261037
5.31070776827342
5.31347052311386
5.31285855260612
5.31279549766413
5.31279549766413
5.31420831356845
5.31427135174711
5.31494618975584
5.31494618975582
5.31347052311388
5.31347052311388
5.31279549766409
5.31353338184676
5.31212057468578
5.30996986808777
5.30714424149183
5.30431861788111
5.30290580719667
5.30499359094804
5.30573142931303
5.30788215769717
5.30929496261039
5.31131998659468
5.31205769923484
5.30855705441695
5.30788215769717
5.30505655012272
5.30431861788111
5.30573142931303
5.30781923203871
5.31070776827346
5.31353338184677
5.31353338184677
5.31353338184679
5.31494618975582
5.31912182601602
5.32268522458355
5.32483586601501
5.32839938443057
5.333312760377
5.33472557869664
5.33478856188323
5.33546342879417
5.33755121755285
5.33896403808827
5.33902697127481
5.33970186433661
5.33835218021442
5.33755121755284
5.3368134687283
5.33613839775542
5.33478856188321
5.33405061843249
5.33122499994137
5.32913735983602
5.32766149450206
5.32551086751309
5.32624867988719
5.32772456119871
5.32839938443057
5.32839938443057
5.32907430985907
5.3247731407075
5.31985958461311
5.32201024050125
5.32416096676275
5.32483586601502
5.32416096676275
5.32268522458355
5.32342305288617
5.32268522458355
5.32133535872341
5.32133535872341
5.32201024050124
5.32268522458354
5.32127240422815
5.32059742886078
5.32274816236876
5.32127240422816
5.32201024050124
5.32274816236876
5.32201024050124
5.32268522458353
5.32194748189043
5.3199225558273
5.31918461796543
5.318509753681
5.3170339476065
5.31562113021612
5.31353338184678
5.31420831356844
5.31353338184678
5.31494618975583
5.31279549766411
5.31070776827344
5.31138268250368
5.31064487609555
5.30996986808777
5.30996986808777
5.30929496261038
5.30929496261038
5.30996986808777
5.30855705441695
5.31064487609555
5.31635899841235
5.32342305288617
5.32839938443057
5.33405061843249
5.33755121755286
5.33405061843248
5.33116216223067
5.32557377190477
5.32201024050124
5.31709695228515
5.31562113021611
5.32059742886079
5.32624867988719
5.3326378088147
5.33896403808829
5.33546342879416
5.32981219181314
5.32348616979512
5.31850975368101
5.31488334773211
5.3170339476065
5.31777180781575
5.31918461796543
5.31777180781575
5.3170339476065
5.31420831356844
5.31494618975583
5.32102790821473
5.32692369008605
5.33189994279713
5.33337576024792
5.32203964660167
5.31070776827345
5.29934231768434
5.30691416927012
5.3142713517471
5.32318973924469
5.32907430985908
5.33263780881469
5.33478856188322
5.33761416739727
5.33189994279713
5.32557377190477
5.3142713517471
5.31070776827345
5.31144575421796
5.30996986808776
5.30929496261038
5.31212057468578
5.31850975368101
5.32557377190477
5.33189994279713
5.33405061843249
5.33687623989914
5.33687623989914
5.33405061843249
5.32913735983602
5.32557377190477
5.32133535872341
5.31912182601602
5.31777180781575
5.31709695228515
5.3142713517471
5.31279549766411
5.31494618975583
5.31494618975583
5.31562113021611
5.31635899841235
5.3170339476065
5.31777180781575
5.31709695228515
5.31494618975583
5.31420831356845
5.31138268250368
5.30996986808776
5.31003295658323
5.30929496261038
5.30996986808776
5.31003295658323
5.30929496261038
5.31070776827345
5.3127954976641
5.30929496261038
5.3142713517471
5.31992255582729
5.32551086751309
5.33048712595763
5.33122499994139
5.33196295936122
5.33055015922371
5.32839938443056
5.32557377190477
5.31992255582729
5.31635899841235
5.31138268250369
5.30720736357644
5.31285855260612
5.31709695228515
5.32201024050123
5.32409804567872
5.32059742886079
5.31850975368101
5.31568415164031
5.31844676573904
5.32207337416537
5.32274816236877
5.32624867988719
5.32624867988719
5.32489896617767
5.32348616979513
5.32207337416538
5.32133535872341
5.31985958461311
5.31777180781575
5.31568415164031
5.3142713517471
5.31212057468578
5.31353338184677
5.31494618975582
5.31635899841236
5.31562113021611
5.31427135174711
5.31144575421796
5.31077103629972
5.31070776827345
5.30996986808776
5.30996986808776
5.30929496261038
5.31285855260612
5.31709695228515
5.31709695228515
5.3164221991862
5.31420831356845
5.31420831356844
5.31212057468578
5.31144575421795
5.31568415164032
5.32059742886078
5.32127240422815
5.3213353587234
5.32133535872341
5.3213353587234
5.32268522458354
5.32274816236876
5.32281147515108
5.32274816236876
5.32342305288619
5.32268522458354
5.32416096676274
5.3263117633124
5.32698657779424
5.32981219181313
5.32557377190476
5.32416096676273
5.32342305288618
5.32342305288618
5.32201024050124
5.32348616979513
5.32201024050124
5.32409804567873
5.32483586601501
5.32557377190477
5.32563705109539
5.32631176331239
5.32766149450206
5.32557377190476
5.32557377190478
5.32624867988719
5.32981219181313
5.33189994279712
5.33337576024791
5.33411379706133
5.33896403808828
5.33970186433662
5.33902697127482
5.33976497610147
5.33902697127483
5.33546342879417
5.3326378088147
5.32981219181313
5.32839938443055
5.32698657779426
5.32342305288617
5.31924778516662
5.31635899841235
5.31279549766409
5.31138268250369
5.30714424149183
5.3086201597025
5.31212057468578
5.31568415164031
5.31777180781576
5.31635899841233
5.31635899841235
5.3170339476065
5.31635899841235
5.31709695228515
5.31709695228515
5.31850975368103
5.31985958461313
5.31918461796542
5.31427135174709
5.30929496261039
5.30431861788107
5.29934231768435
5.29442895882076
5.29301615338552
5.29725457194572
5.30290580719663
5.30788215769717
5.31427135174709
5.31709695228515
5.31777180781576
5.3170339476065
5.31494618975582
5.31642219918621
5.31635899841235
5.31635899841235
5.31427135174711
5.31279549766411
5.31070776827342
5.31138268250365
5.31003295658321
5.30862015970254
5.30720736357645
5.30714424149185
5.30505655012272
5.30364374746266
5.30505655012273
5.30788215769717
5.30996986808777
5.31144575421795
5.31285855260612
5.31420831356843
5.31279549766409
5.31070776827346
5.30720736357643
5.30431861788107
5.30290580719663
5.30149299726031
5.30573142931303
5.30929496261039
5.31279549766411
5.31635899841235
5.31777180781576
5.31635899841235
5.31420831356843
5.31347052311386
5.3121205746858
5.31138268250369
5.31494618975582
5.31844676573904
5.32127240422815
5.32274816236877
5.32698657779423
5.32698657779423
5.32274816236875
5.31568415164031
5.30855705441695
5.30149299726031
5.29934231768435
5.30223094555491
5.30720736357643
5.31070776827346
5.31635899841235
5.32127240422815
5.32342305288619
5.32557377190475
5.32981219181314
5.33196295936122
5.33263780881471
5.33331276037698
5.3290743098591
5.32551086751309
5.31992255582729
5.31494618975584
5.30929496261037
5.30714424149183
5.30640641112232
5.30573142931301
5.30431861788107
5.3036437474627
5.30364374746268
5.30438177359057
5.30505655012272
5.30573142931301
5.30855705441693
5.30996986808777
5.30929496261039
5.30788215769717
5.30646935353445
5.30788215769717
5.31420831356843
5.32059742886078
5.32557377190475
5.32557377190477
5.32416096676274
5.3220733741654
5.31992255582729
5.3205974288608
5.32268522458351
5.32059742886078
5.32274816236875
5.32348616979514
5.324835866015
5.32127240422813
5.31985958461313
5.31918461796542
5.31918461796542
5.31777180781578
5.31992255582731
5.32201024050124
5.32551086751309
5.32833651339704
5.33122499994141
5.33478856188324
5.33902697127483
5.34252749174022
5.34535312210523
5.34891661927906
5.35174223968235
5.34535312210523
5.34043977589862
5.33337576024793
5.32839938443058
5.32409804567872
5.32059742886078
5.31850975368101
5.31568415164031
5.3128585526061
5.30996986808777
5.30720736357643
5.30714424149183
5.30573142931305
5.30499359094806
5.30290580719667
5.29940534399849
5.29725457194576
5.29516694732096
5.2971917088208
5.30008018807263
5.30573142931301
5.30788215769719
5.30788215769715
5.30646935353439
5.30149299726031
5.29651668552078
5.29227824287426
5.2951038705582
5.29657974545839
5.29940534399849
5.30223094555489
5.31064487609559
5.31212057468578
5.31279549766413
5.3128585526061
5.31138268250365
5.30640641112228
5.30223094555489
5.29792950122975
5.29651668552078
5.29584176500773
5.29873060270102
5.30364374746272
5.30646935353447
5.31212057468578
5.31420831356848
5.31777180781578
5.31850975368101
5.31777180781573
5.3149461897558
5.31212057468574
5.30855705441699
5.30573142931305
5.30923205369664
5.31070776827344
5.31212057468578
5.3128585526061
5.31562113021606
5.31279549766408
5.30929496261037
5.30505655012277
5.30290580719663
5.29934231768435
5.29301615338552
5.29731781187422
5.30223094555489
5.30781923203873
5.31427135174709
5.31850975368101
5.32601248590354
5.32624867988717
5.32342305288619
5.32059742886082
5.31918461796542
5.3170339476065
5.31494618975584
5.31212057468574
5.31070776827348
5.30714424149183
5.30640641112236
5.30646935353447
5.30788215769719
5.3167937706855
5.33240846147405
5.34652223412565
5.33221726864162
5.30604504315601
5.29369908476103
5.29296334769096
5.29296334769096
5.29369908476103
5.29511208568806
5.29935109235084
5.30445322347177
5.3093007072495
5.3113908724552
5.31495268088061
5.31772018820092
5.32060466488531
5.32269490014223
5.31986888936184
5.31845588493502
5.31353968649904
5.30997787189362
5.3057388740872
5.3014414077683
5.30285442002701
5.30652814936465
5.3113908724552
5.31353968649904
5.31698457774704
5.31772018820096
5.31986888936184
5.32201766250356
5.32552091348817
5.32416650753901
5.3206046648854
5.31421687551422
5.31133250700801
5.3057388740872
5.30291287878656
5.30008688608025
5.30500311027244
5.30782912309731
5.31139087245516
5.31630717697915
5.32054621256128
5.32410790649478
5.32269490014223
5.32343066076754
5.32343066076754
5.3233722394738
5.32484365967678
5.32908266027088
5.32840548381975
5.32625665923076
5.32552091348821
5.317720188201
5.31065513849281
5.3035901048252
5.29646674680397
5.28804708753622
5.29013733281095
5.29087308485089
5.29149213360464
5.29296334769096
5.2951120856881
5.29793808948349
5.29861538517377
5.29726089597253
5.29646674680394
5.29578936514666
5.29578936514662
5.29867389070135
5.30217710002223
5.30506173385384
5.30782912309735
5.31206814715321
5.31353968649904
5.31562987801063
5.31636567591057
5.32054621256132
5.32410790649478
5.32478525388579
5.32269490014223
5.32122363747287
5.3198688893618
5.31704288115112
5.31421687551418
5.30641611636328
5.29793808948353
5.28946008586887
5.28233660419326
5.27742029783491
5.28804708753614
5.29867389070131
5.30782912309731
5.31845588493506
5.32619826893443
5.33123147124566
5.33614767411849
5.34112244757596
5.34671609495025
5.35169076087175
5.35169076087175
5.3524264590931
5.35383946341315
5.3531037725791
5.35101345541192
5.35174924674164
5.34677444820707
5.34321270398247
5.33829645111626
5.33405746125779
5.32484365967678
5.3124232700341
5.30088153046269
5.29805822920061
5.29589822409755
5.30361999015764
5.34406455799332
5.34331629234131
5.3426528990755
5.3468055883864
5.37012336916013
5.39279194851795
5.39637211467116
5.39984120136876
5.39919179137027
5.39778195187617
5.40277197371866
5.39908084769989
5.38380571714848
5.38884495972935
5.37817552707239
5.36823108668023
5.36963583495195
5.35183146221929
5.34454375976097
5.33094560092302
5.32015037381462
5.31594601176497
5.30614605905265
5.30765456675544
5.31404553988767
5.31275606441704
5.33300037502341
5.35380481526925
5.343816800752
5.33300037502341
5.38341620163257
5.39062389710133
5.38118992417106
5.37037838517915
5.36147330497879
5.35350670121931
5.33687221132383
5.32212222708201
5.3381754373568
5.34623643323045
5.35274256806727
5.38496991635045
5.37244171676166
5.36126337722747
5.3826840888166
5.39429328086639
5.39519573324268
5.37593619753806
5.36661056906502
5.37124976146152
5.37869314982735
5.38630801198737
5.38781560560491
5.37704575022376
5.35643799553394
5.35127508169783
5.33292011940923
5.33109388399787
5.33112905490012
5.29061669373234
5.30425489583602
5.29600944107921
5.2851961174587
5.28909916715496
5.27597659206333
5.2604648083606
5.26452894378977
5.26551232075284
5.27129633012605
5.26142993871429
5.23397602210784
5.26527682083282
5.26130820233906
5.25300418808139
5.24430214613915
5.22737075402157
5.21839247278317
5.2343851596916
5.25037789116179
5.28415906270808
5.26315969736815
5.26586137303292
5.28554292386314
5.25643624521402
5.24178566902545
5.28575869672466
5.24566182669066
5.20657142465171
5.20362075866406
5.18931864506317
5.20127417081628
5.25306167867841
5.2560136986123
5.26263023591806
5.26143830145334
5.26493323794331
5.29295579048234
5.33197318072778
5.36889718657379
5.42013662189429
5.40085807997206
5.41440818557304
5.41756938118938
5.41311527680693
5.44042654577751
5.43688237871668
5.43057879051579
5.46111316491431
5.48703380707639
5.51958911514248
5.50698293078892
5.52035152866196
5.48170229034746
5.45614855003056
5.39966295244438
5.37558415430363
5.34260320443131
5.350574735484
5.36664010345397
5.37359618877344
5.38820508147192
5.39118845895782
5.38760624025179
5.40163475255408
5.41462288622213
5.46137574242969
5.45823716963636
5.46747199352685
5.494811006759
5.53936431370971
5.57486017761886
5.62131034546219
5.68705565297191
5.64171339222404
5.60060710994792
5.57140018307786
5.55869571032628
5.541672310774
5.52449418499108
5.54373817924328
5.55513105155943
5.55183231014773
5.5418403080565
5.54983684444863
5.53869813223298
5.57084212664477
5.58027571003441
5.63076415773205
5.66884159242434
5.70707806149514
5.7026844555875
5.71429173213973
5.71718505910024
5.72835753074115
5.72234427485796
5.72103854208305
5.71807415132049
5.70637301619863
5.67651301416641
5.65165506732319
5.62099226115807
5.59620630427435
5.60224526417755
5.58966993658845
5.58730104791211
5.59199874821151
5.61162685858571
5.59206097963892
5.60010258834598
5.57480223864496
5.58840657074976
5.62079220395129
5.57341636700512
5.55751356273644
5.53165626191649
5.51757383276381
5.55762368283419
5.55562642732573
5.53973113065967
5.55700899765334
5.56600898310442
5.5680089798778
5.59794033551632
5.57691760742435
5.56298193417883
5.55493015257614
5.52080175336888
5.52193245159697
5.51893105592015
5.51378282125807
5.53416741705554
5.54489242456514
5.54735702835133
5.54323813307708
5.50382339832958
5.50927599599077
5.54095822038036
5.58121966957049
5.62005524883871
5.66785215050643
5.71520542063016
5.75726271764628
5.74613626709287
5.70868198448646
5.62012046134242
5.57954012441879
5.5321573549566
5.49219118385362
5.50476629839997
5.47436032792873
5.46318002632164
5.45454306060557
5.46741218493717
5.51471794382996
5.55812891178318
5.56881181222708
5.58577371543098
5.55662289524851
5.54374250845036
5.56233916621421
5.54316894925634
5.5702310544536
5.60163154804022
5.59447245055332
5.61727068957865
5.59680060391653
5.56972719260103
5.53078168073923
5.5328735752771
5.50883399640978
5.48196625308844
5.48724375255919
5.4876904067194
5.48582992809659
5.47423757248442
5.46003754565841
5.43660859359952
5.42193922872625
5.42553260058403
5.43115199566353
5.45726717322876
5.44499522497492
5.45070270699105
5.43270659984504
5.41990820955488
5.41267226053819
5.41489796764452
5.40101259024642
5.4127938257428
5.40113367729407
5.39381349325312
5.42786302332691
5.41351577073536
5.40827957857204
5.42653222601691
5.40397501844707
5.40488381003697
5.41809800575813
5.40509990656974
5.39769626785357
5.41012421299179
5.3952594932959
5.38039478105464
5.40028934410005
5.38797345947439
5.38781328555474
5.40141472208902
5.39897221700574
5.42276543840873
5.42592526671719
5.40532422709313
5.42164227886712
5.43401159365706
5.44759781922268
5.45996336984048
5.46251270021407
5.44880730068514
5.45454461893934
5.44141250044512
5.44450888510618
5.46097692725391
5.45982939293897
5.47790589550422
5.48896529411507
5.46874181142245
5.44851833070241
5.43209167816597
5.42844839710205
5.42191294655305
5.42191294655311
5.41880521886515
5.41722770427827
5.42643759754043
5.42544247043502
5.42444734512186
5.41143160355928
5.41749250114846
5.42355344769455
5.39739650201836
5.36035539866524
5.35424102931498
5.35424102931498
5.35424102931503
5.36328565340315
5.36727798795625
5.37301107387654
5.38795415719174
5.38400083580976
5.38100362386049
5.38999526901461
5.4030262816314
5.41805546298665
5.43165315534783
5.43065345975973
5.42867884480189
5.43165315534783
5.42965376428368
5.42368039250104
5.41563338862598
5.41565803942604
5.41865712146466
5.42265589909593
5.42667946353939
5.42965376428368
5.43365254686018
5.43665163496798
5.43865102759867
5.44467391126409
5.44764829995479
5.45164709055895
5.4516717619461
5.45064739274154
5.44669817412347
5.44567360388038
5.44264981419894
5.44264981419894
5.44165011738167
5.4416748340929
5.43965072408151
5.44065042067584
5.43965072408145
5.44067514192858
5.44269942216174
5.44564890531883
5.45067206865356
5.45464618467593
5.4581058985696
5.45766992406102
5.45264678848724
5.44867268240624
5.44567360388044
5.43865102759868
5.43267760869351
5.4341063662759
5.44011259074663
5.44764829995479
5.44764829995479
5.44567360388044
5.44464920816758
5.44367421876071
5.44364951112763
5.44464920816763
5.44067514192858
5.43665163496798
5.43367729995076
5.42665467852895
5.42065651005489
5.41563338862592
5.41463369028778
5.41565803942604
5.41765742733886
5.42065651005489
5.41365865196539
5.40566110665476
5.39766356861931
5.39064096374449
5.38564248720616
5.39164065939115
5.39264035515073
5.37864462481024
5.36764799516509
5.36662361266375
5.36664830224602
5.36564860944133
5.36264953171476
5.35265261342449
5.34463029591385
5.35362755521896
5.35865076301859
5.36564860944133
5.3630637698987
5.34903355756906
5.34008557983856
5.33833382245806
5.32423665890235
5.31425592157545
5.32953731575267
5.328540606958
5.36259088501074
5.40079003480045
5.40583804788862
5.4076491195343
5.38060163922216
5.36646345370948
5.35145027072103
5.32019482725958
5.28596036685863
5.26955795109985
5.24897266138813
5.24091451943268
5.25604299830206
5.26894144966518
5.27583405728421
5.27515876538327
5.26662320657171
5.24246783490368
5.252012376223
5.24456480558684
5.236986156178
5.22776673159777
5.22245651011092
5.23894073262908
5.23504393486816
5.22267555951927
5.22994808769648
5.23888270531031
5.2546552693778
5.28667088062044
5.29099801549765
5.28152345445894
5.29257290927579
5.29132894460363
5.29353124105259
5.29793591882726
5.2865294853997
5.2552131260302
5.24382160261011
5.21785396499365
5.19604051177432
5.20266777720813
5.20014047887169
5.18621490106223
5.17770035826718
5.15967925359709
5.16154647368398
5.17009023132091
5.15652014443845
5.15745373222097
5.14865662090605
5.12637142626244
5.14734348960704
5.17466327406914
5.18090696693157
5.19695959191527
5.20168174728134
5.20211110992451
5.20524984991112
5.20198923489854
5.18736484161276
5.19093296046094
5.1976398490084
5.19974710923519
5.17874000119717
5.15773302915147
5.15503346254902
5.17561841715554
5.16371813715665
5.15254597262367
5.14536160050973
5.12413280468021
5.11793366506443
5.12016601293354
5.12686307599488
5.15848630898638
5.14290696007616
5.13432001340005
5.13686139583303
5.1415283719921
5.14446693059637
5.14363033275136
5.14391922564884
5.16416740627176
5.17454973886616
5.1863476551423
5.1932575518647
5.18604974908647
5.18453980600018
5.19604657407917
5.20325436625958
5.20825277804373
5.22545739624775
5.22824645555276
5.23169303380845
5.23529416556509
5.23784402211444
5.24150589048605
5.24353706957434
5.22928226432654
5.25455840199724
5.24241671369225
5.23329838629517
5.23536369319271
5.23536369319266
5.23985209714929
5.24691337835872
5.23487201371726
5.23554104176446
5.2419333265504
5.25040693660979
5.25538695054895
5.25821148300445
5.26177926180868
5.26527283243711
5.26884057454769
5.27025284023455
5.2638605604632
5.25745955761907
5.25248836267153
5.25256242228492
5.25526878475309
5.26103601964479
5.25888058430691
5.25538695054891
5.25605603090378
5.25256242228496
5.25107608019537
5.24832563776295
5.24617012686397
5.24334559227217
5.24267660646735
5.2419333265504
5.24401468342718
5.24475785904364
5.24617012686399
5.24758239573232
5.24408886271009
5.23910879825947
5.23271650292657
5.2270674378661
5.22208741788186
5.22141838967152
5.22141838967154
5.22134637809063
5.22349968890588
5.22565517423413
5.22773650827969
5.22706743786612
5.22773650827966
5.22847970255218
5.2270674378661
5.22565517423415
5.22706743786608
5.22706743786608
5.22847970255216
5.22922298243247
5.22922298243247
5.2305610597717
5.22847970255216
5.22847970255216
5.22773650827967
5.22706743786612
5.22706743786608
5.22847970255218
5.22914381137103
5.2298919682915
5.23197333708803
5.23338561545009
5.23412877182057
5.23554104176448
5.23829170627219
5.23836558479837
5.23977785788671
5.24334559227217
5.24334559227217
5.24475785904363
5.24691337835872
5.24832563776297
5.24973789821931
5.24966379875892
5.24617012686397
5.24401468342718
5.24267660646735
5.23977785788673
5.23702759206022
5.23554104176445
5.23345975431167
5.23130423508326
5.22922298243247
5.22565517423413
5.22768333011862
5.22847970255216
5.2305610597717
5.23130423508324
5.23265382000376
5.23628427417764
5.2404512210305
5.2440146834272
5.2489946656479
5.25323148166915
5.25754248675178
5.25531293073971
5.25256242228496
5.24899466564788
5.24691337835875
5.24401468342718
5.24334559227217
5.24260240720196
5.24113441918826
5.24119013202153
5.24193332655042
5.24119013202155
5.24334559227217
5.24401468342718
5.244691506657
5.24617012686397
5.24758239573234
5.24617012686397
5.24542696069635
5.24118154617829
5.23910879825947
5.2362101753081
5.23487201371722
5.23271650292655
5.22989196829152
5.22909676712909
5.2270674378661
5.22632423410565
5.2234996889059
5.22275980684542
5.22000613026459
5.21851971348198
5.21710743611821
5.21785061112332
5.22208741788186
5.22700009565719
5.23130423508326
5.2362101753081
5.24119013202155
5.24052106187926
5.24044702291701
5.23910879825951
5.23985209714931
5.23836558479837
5.23977785788673
5.24049854498597
5.24193332655043
5.24475785904364
5.24617012686398
5.24758239573235
5.24542181335305
5.24475785904364
5.24334559227217
5.24193332655043
5.24045122103049
5.23977785788672
5.23412877182058
5.22922298243248
5.22417323602502
5.21926287898971
5.21423225412908
5.21502607855417
5.21710609437836
5.21851971348197
5.22067514790951
5.22349968890589
5.22491196098077
5.22565517423414
5.22558666562903
5.22773650827967
5.22922298243247
5.23124038828268
5.2298919682915
5.22914878350196
5.22847970255217
5.2298919682915
5.23063523866843
5.2298741858672
5.22981797006359
5.22914878350195
5.2305610597717
5.2298919682915
5.22922298243248
5.22847970255217
5.22632423410565
5.2234996889059
5.22208741788185
5.22067514790951
5.21993199189414
5.22141838967153
5.2200061302646
5.21926287898971
5.22061615137524
5.22067514790952
5.22208741788186
5.22349968890589
5.22565517423413
5.22706743786609
5.22847970255218
5.22847970255217
5.22922298243248
5.22847970255216
5.22922298243248
5.22773650827966
5.22632423410564
5.22344302160941
5.21926287898972
5.21643834431118
5.21361381385311
5.21078928762237
5.20789525624316
5.20796476562581
5.20863379400011
5.21078928762237
5.21145833716437
5.21145238873004
5.21361381385311
5.21287061032594
5.21361381385311
5.21495206114112
5.21428288453935
5.21353977638993
5.21361381385311
5.21220155020889
5.21071521002636
5.21004606505547
5.20930868734039
5.20722152399915
5.20439698716383
5.20305910018328
5.19941698654763
5.19800471334915
5.19517439553284
5.19800471334915
5.20016018984031
5.20224153610729
5.20439698716384
5.20580925505343
5.20721211398191
5.20863379400011
5.21004606505547
5.21072211886222
5.21361381385311
5.21428288453935
5.21213555080832
5.21071521002636
5.21004606505547
5.20784840409166
5.20722152399915
5.20655250621753
5.20224153610729
5.20082926080063
5.19800471334915
5.19512742865851
5.19302474478988
5.19451114158012
5.19733566358764
5.19941698654763
5.20298472033121
5.20580925505344
5.20930292841566
5.21078928762237
5.21220155020889
5.21287061032595
5.21428288453935
5.21569515980373
