-4.058
-4.054
-4.051
-4.049
-4.047
-4.045
-4.044
-4.047
-4.049
-4.05
-4.052
-4.054
-4.053
-4.051
-4.049
-4.053
-4.055
-4.056
-4.062
-4.069
-4.073
-4.072
-4.073
-4.071
-4.065
-4.061
-4.059
-4.054
-4.051
-4.052
-4.05
-4.05
-4.054
-4.056
-4.06
-4.066
-4.072
-4.071
-4.069
-4.064
-4.063
-4.06
-4.061
-4.067
-4.071
-4.076
-4.08
-4.083
-4.085
-4.087
-4.088
-4.089
-4.085
-4.084
-4.078
-4.075
-4.071
-4.066
-4.061
-4.057
-4.053
-4.049
-4.046
-4.044
-4.044
-4.044
-4.044
-4.045
-4.047
-4.052
-4.054
-4.056
-4.058
-4.059
-4.058
-4.057
-4.054
-4.051
-4.049
-4.048
-4.048
-4.048
-4.046
-4.044
-4.043
-4.041
-4.041
-4.042
-4.047
-4.052
-4.054
-4.055
-4.055
-4.055
-4.055
-4.056
-4.057
-4.058
-4.059
-4.061
-4.061
-4.062
-4.062
-4.064
-4.061
-4.06
-4.059
-4.059
-4.061
-4.064
-4.066
-4.068
-4.071
-4.066
-4.062
-4.06
-4.057
-4.055
-4.053
-4.054
-4.053
-4.05
-4.047
-4.044
-4.045
-4.048
-4.052
-4.057
-4.062
-4.066
-4.071
-4.074
-4.078
-4.079
-4.083
-4.082
-4.081
-4.081
-4.079
-4.077
-4.075
-4.069
-4.067
-4.065
-4.063
-4.061
-4.063
-4.065
-4.064
-4.065
-4.061
-4.063
-4.063
-4.064
-4.068
-4.072
-4.075
-4.069
-4.066
-4.064
-4.064
-4.063
-4.064
-4.066
-4.066
-4.064
-4.062
-4.059
-4.057
-4.059
-4.039
-4.013
-3.988
-3.962
-3.933
-3.906
-3.877
-3.848
-3.845
-3.845
-3.845
-3.844
-3.845
-3.845
-3.841
-3.832
-3.821
-3.815
-3.813
-3.807
-3.786
-3.761
-3.736
-3.734
-3.737
-3.759
-3.794
-3.821
-3.824
-3.833
-3.828
-3.823
-3.829
-3.85
-3.872
-3.882
-3.885
-3.894
-3.898
-3.9
-3.903
-3.902
-3.876
-3.875
-3.873
-3.873
-3.886
-3.902
-3.915
-3.919
-3.921
-3.913
-3.914
-3.908
-3.907
-3.908
-3.907
-3.907
-3.906
-3.897
-3.897
-3.898
-3.898
-3.897
-3.894
-3.893
-3.893
-3.881
-3.88
-3.88
-3.875
-3.875
-3.875
-3.866
-3.867
-3.865
-3.861
-3.861
-3.86
-3.849
-3.85
-3.85
-3.849
-3.848
-3.839
-3.811
-3.783
-3.765
-3.753
-3.74
-3.749
-3.768
-3.788
-3.801
-3.793
-3.777
-3.772
-3.764
-3.777
-3.795
-3.794
-3.791
-3.789
-3.788
-3.799
-3.8
-3.795
-3.8
-3.804
-3.812
-3.823
-3.816
-3.817
-3.822
-3.825
-3.838
-3.827
-3.813
-3.823
-3.832
-3.843
-3.857
-3.847
-3.84
-3.841
-3.843
-3.85
-3.86
-3.852
-3.851
-3.857
-3.861
-3.873
-3.879
-3.878
-3.892
-3.909
-3.928
-3.948
-3.951
-3.935
-3.937
-3.941
-3.946
-3.953
-3.941
-3.933
-3.939
-3.946
-3.956
-3.962
-3.949
-3.95
-3.953
-3.957
-3.96
-3.949
-3.935
-3.948
-3.962
-3.974
-3.991
-3.982
-3.979
-3.982
-3.988
-3.992
-3.997
-3.987
-3.981
-3.978
-3.976
-3.987
-3.989
-3.977
-3.984
-3.995
-4.007
-4.021
-4.038
-4.041
-4.045
-4.051
-4.057
-4.063
-4.072
-4.09
-4.088
-4.092
-4.1
-4.109
-4.11
-4.098
-4.084
-4.08
-4.078
-4.078
-4.076
-4.073
-4.071
-4.069
-4.065
-4.062
-4.059
-4.058
-4.058
-4.055
-4.055
-4.054
-4.056
-4.06
-4.065
-4.068
-4.072
-4.074
-4.073
-4.074
-4.075
-4.074
-4.074
-4.074
-4.072
-4.073
-4.072
-4.071
-4.071
-4.073
-4.073
-4.073
-4.071
-4.069
-4.07
-4.067
-4.069
-4.071
-4.071
-4.072
-4.074
-4.073
-4.075
-4.077
-4.076
-4.077
-4.075
-4.074
-4.075
-4.073
-4.073
-4.074
-4.072
-4.067
-4.064
-4.063
-4.065
-4.069
-4.071
-4.073
-4.076
-4.078
-4.083
-4.086
-4.088
-4.091
-4.092
-4.091
-4.092
-4.092
-4.091
-4.09
-4.089
-4.086
-4.085
-4.083
-4.082
-4.079
-4.074
-4.07
-4.067
-4.062
-4.057
-4.052
-4.036
-4.02
-4.002
-3.986
-3.97
-3.958
-3.946
-3.934
-3.922
-3.91
-3.905
-3.907
-3.91
-3.911
-3.914
-3.919
-3.942
-3.967
-3.99
-4.013
-4.038
-4.045
-4.063
-4.068
-4.068
-4.04
-4.019
-4.034
-4.045
-4.05
-4.026
-4.006
-4.012
-4.023
-4.017
-4.009
-3.979
-3.941
-3.955
-3.927
-3.898
-3.917
-3.922
-3.922
-3.923
-3.917
-3.89
-3.885
-3.879
-3.875
-3.851
-3.829
-3.832
-3.81
-3.81
-3.839
-3.837
-3.818
-3.799
-3.764
-3.767
-3.78
-3.775
-3.761
-3.771
-3.765
-3.796
-3.791
-3.766
-3.749
-3.773
-3.786
-3.771
-3.729
-3.709
-3.727
-3.713
-3.683
-3.696
-3.696
-3.706
-3.746
-3.725
-3.721
-3.691
-3.7
-3.689
-3.699
-3.729
-3.724
-3.694
-3.667
-3.653
-3.681
-3.7
-3.657
-3.682
-3.719
-3.719
-3.738
-3.738
-3.746
-3.742
-3.73
-3.755
-3.747
-3.753
-3.751
-3.764
-3.807
-3.837
-3.824
-3.875
-3.865
-3.849
-3.838
-3.826
-3.796
-3.777
-3.704
-3.656
-3.67
-3.666
-3.72
-3.715
-3.691
-3.706
-3.719
-3.752
-3.783
-3.808
-3.865
-3.905
-3.922
-3.937
-3.912
-3.925
-3.94
-3.945
-3.95
-3.918
-3.888
-3.856
-3.834
-3.822
-3.81
-3.806
-3.823
-3.802
-3.776
-3.773
-3.798
-3.835
-3.882
-3.9
-3.928
-3.931
-3.909
-3.922
-3.923
-3.884
-3.825
-3.764
-3.771
-3.718
-3.676
-3.658
-3.645
-3.663
-3.688
-3.72
-3.738
-3.737
-3.747
-3.768
-3.84
-3.834
-3.821
-3.826
-3.858
-3.875
-3.87
-3.884
-3.877
-3.908
-3.939
-3.91
-3.897
-3.829
-3.775
-3.796
-3.809
-3.808
-3.797
-3.775
-3.716
-3.686
-3.658
-3.662
-3.694
-3.713
-3.761
-3.787
-3.818
-3.841
-3.873
-3.865
-3.852
-3.894
-3.921
-3.921
-3.925
-3.96
-3.961
-3.976
-3.975
-3.924
-3.913
-3.919
-3.914
-3.921
-3.905
-3.866
-3.871
-3.854
-3.843
-3.845
-3.844
-3.847
-3.865
-3.881
-3.883
-3.875
-3.87
-3.841
-3.817
-3.815
-3.832
-3.826
-3.831
-3.813
-3.837
-3.827
-3.811
-3.764
-3.73
-3.71
-3.687
-3.681
-3.689
-3.698
-3.68
-3.681
-3.679
-3.682
-3.679
-3.67
-3.694
-3.705
-3.705
-3.712
-3.707
-3.7
-3.693
-3.688
-3.678
-3.685
-3.69
-3.687
-3.683
-3.666
-3.663
-3.689
-3.698
-3.704
-3.697
-3.687
-3.689
-3.686
-3.684
-3.688
-3.682
-3.661
-3.681
-3.68
-3.657
-3.66
-3.641
-3.636
-3.636
-3.631
-3.632
-3.632
-3.626
-3.63
-3.627
-3.627
-3.631
-3.623
-3.606
-3.609
-3.615
-3.61
-3.606
-3.62
-3.627
-3.652
-3.676
-3.7
-3.726
-3.758
-3.791
-3.847
-3.848
-3.848
-3.844
-3.841
-3.836
-3.832
-3.827
-3.829
-3.838
-3.851
-3.833
-3.824
-3.82
-3.825
-3.831
-3.833
-3.834
-3.842
-3.846
-3.849
-3.846
-3.844
-3.841
-3.841
-3.844
-3.844
-3.845
-3.846
-3.852
-3.858
-3.864
-3.872
-3.876
-3.875
-3.87
-3.866
-3.861
-3.856
-3.854
-3.852
-3.85
-3.85
-3.848
-3.845
-3.845
-3.846
-3.846
-3.849
-3.848
-3.849
-3.851
-3.849
-3.846
-3.842
-3.842
-3.842
-3.841
-3.842
-3.844
-3.845
-3.845
-3.844
-3.843
-3.843
-3.842
-3.841
-3.84
-3.841
-3.844
-3.846
-3.849
-3.849
-3.851
-3.851
-3.851
-3.851
-3.849
-3.845
-3.841
-3.837
-3.832
-3.83
-3.829
-3.83
-3.827
-3.827
-3.825
-3.825
-3.826
-3.828
-3.83
-3.83
-3.83
-3.829
-3.832
-3.833
-3.833
-3.834
-3.837
-3.837
-3.839
-3.84
-3.844
-3.847
-3.85
-3.849
-3.845
-3.843
-3.84
-3.837
-3.834
-3.835
-3.838
-3.838
-3.839
-3.842
-3.845
-3.846
-3.846
-3.846
-3.847
-3.847
-3.847
-3.85
-3.851
-3.853
-3.853
-3.852
-3.851
-3.849
-3.848
-3.845
-3.843
-3.843
-3.842
-3.843
-3.842
-3.843
-3.846
-3.846
-3.848
-3.849
-3.852
-3.854
-3.856
-3.857
-3.859
-3.861
-3.862
-3.859
-3.856
-3.855
-3.852
-3.849
-3.847
-3.846
-3.846
-3.847
-3.845
-3.844
-3.846
-3.845
-3.844
-3.844
-3.844
-3.844
-3.841
-3.837
-3.836
-3.833
-3.833
-3.832
-3.832
-3.832
-3.832
-3.832
-3.833
-3.835
-3.838
-3.839
-3.839
-3.84
-3.841
-3.842
-3.842
-3.842
-3.841
-3.837
-3.834
-3.829
-3.825
-3.822
-3.822
-3.822
-3.824
-3.826
-3.828
-3.832
-3.839
-3.844
-3.851
-3.857
-3.856
-3.852
-3.847
-3.842
-3.834
-3.829
-3.828
-3.829
-3.83
-3.834
-3.839
-3.844
-3.847
-3.846
-3.849
-3.851
-3.851
-3.851
-3.851
-3.851
-3.85
-3.847
-3.846
-3.846
-3.846
-3.847
-3.849
-3.85
-3.853
-3.856
-3.857
-3.859
-3.861
-3.862
-3.861
-3.861
-3.858
-3.856
-3.851
-3.849
-3.849
-3.848
-3.849
-3.851
-3.85
-3.848
-3.847
-3.846
-3.846
-3.846
-3.848
-3.852
-3.857
-3.863
-3.866
-3.865
-3.863
-3.861
-3.856
-3.853
-3.849
-3.847
-3.848
-3.848
-3.847
-3.846
-3.845
-3.844
-3.843
-3.842
-3.841
-3.837
-3.837
-3.837
-3.837
-3.838
-3.839
-3.841
-3.843
-3.843
-3.843
-3.843
-3.841
-3.835
-3.83
-3.826
-3.824
-3.825
-3.832
-3.842
-3.85
-3.852
-3.856
-3.854
-3.846
-3.841
-3.839
-3.839
-3.84
-3.844
-3.846
-3.849
-3.851
-3.852
-3.849
-3.846
-3.842
-3.839
-3.838
-3.837
-3.836
-3.836
-3.835
-3.834
-3.833
-3.832
-3.83
-3.829
-3.824
-3.823
-3.822
-3.823
-3.829
-3.832
-3.833
-3.834
-3.834
-3.831
-3.826
-3.823
-3.823
-3.822
-3.827
-3.832
-3.838
-3.844
-3.848
-3.853
-3.853
-3.851
-3.844
-3.837
-3.83
-3.824
-3.82
-3.819
-3.82
-3.821
-3.822
-3.822
-3.823
-3.824
-3.825
-3.826
-3.829
-3.83
-3.831
-3.829
-3.828
-3.828
-3.828
-3.829
-3.833
-3.836
-3.837
-3.838
-3.831
-3.826
-3.826
-3.826
-3.822
-3.822
-3.822
-3.824
-3.826
-3.827
-3.829
-3.837
-3.839
-3.841
-3.844
-3.847
-3.844
-3.838
-3.836
-3.832
-3.829
-3.826
-3.827
-3.831
-3.835
-3.839
-3.842
-3.844
-3.846
-3.849
-3.849
-3.85
-3.85
-3.853
-3.854
-3.848
-3.841
-3.834
-3.826
-3.819
-3.822
-3.824
-3.827
-3.827
-3.825
-3.823
-3.82
-3.817
-3.814
-3.815
-3.817
-3.819
-3.823
-3.827
-3.83
-3.831
-3.833
-3.833
-3.829
-3.824
-3.823
-3.822
-3.82
-3.823
-3.827
-3.831
-3.833
-3.837
-3.836
-3.834
-3.831
-3.827
-3.822
-3.821
-3.82
-3.819
-3.819
-3.818
-3.82
-3.824
-3.827
-3.83
-3.834
-3.838
-3.837
-3.834
-3.833
-3.836
-3.839
-3.84
-3.844
-3.848
-3.849
-3.847
-3.846
-3.844
-3.841
-3.839
-3.839
-3.842
-3.846
-3.851
-3.853
-3.856
-3.855
-3.853
-3.851
-3.849
-3.848
-3.849
-3.849
-3.848
-3.848
-3.849
-3.849
-3.849
-3.849
-3.851
-3.851
-3.85
-3.849
-3.847
-3.844
-3.843
-3.839
-3.836
-3.837
-3.834
-3.833
-3.832
-3.831
-3.832
-3.831
-3.832
-3.834
-3.834
-3.835
-3.834
-3.833
-3.832
-3.83
-3.829
-3.829
-3.83
-3.829
-3.828
-3.827
-3.827
-3.827
-3.829
-3.827
-3.827
-3.827
-3.827
-3.826
-3.825
-3.825
-3.825
-3.824
-3.824
-3.824
-3.826
-3.826
-3.825
-3.825
-3.826
-3.83
-3.834
-3.836
-3.837
-3.837
-3.838
-3.835
-3.833
-3.834
-3.836
-3.836
-3.838
-3.841
-3.844
-3.846
-3.847
-3.844
-3.838
-3.831
-3.824
-3.818
-3.817
-3.819
-3.821
-3.824
-3.827
-3.827
-3.824
-3.821
-3.818
-3.819
-3.818
-3.822
-3.827
-3.831
-3.834
-3.837
-3.839
-3.839
-3.838
-3.836
-3.834
-3.832
-3.832
-3.831
-3.827
-3.825
-3.824
-3.822
-3.819
-3.817
-3.817
-3.819
-3.819
-3.82
-3.822
-3.824
-3.824
-3.823
-3.823
-3.824
-3.825
-3.826
-3.827
-3.828
-3.834
-3.837
-3.841
-3.845
-3.849
-3.849
-3.849
-3.845
-3.843
-3.84
-3.837
-3.834
-3.831
-3.829
-3.832
-3.836
-3.843
-3.851
-3.858
-3.862
-3.859
-3.854
-3.848
-3.841
-3.837
-3.837
-3.837
-3.838
-3.835
-3.835
-3.834
-3.836
-3.837
-3.839
-3.84
-3.841
-3.842
-3.842
-3.844
-3.846
-3.849
-3.847
-3.846
-3.842
-3.84
-3.838
-3.835
-3.836
-3.838
-3.84
-3.84
-3.84
-3.839
-3.834
-3.828
-3.829
-3.828
-3.83
-3.834
-3.838
-3.841
-3.839
-3.837
-3.83
-3.825
-3.818
-3.823
-3.825
-3.832
-3.84
-3.849
-3.854
-3.859
-3.859
-3.856
-3.852
-3.849
-3.845
-3.842
-3.84
-3.839
-3.835
-3.833
-3.832
-3.83
-3.833
-3.837
-3.84
-3.846
-3.851
-3.852
-3.853
-3.855
-3.855
-3.852
-3.851
-3.848
-3.845
-3.842
-3.841
-3.841
-3.842
-3.845
-3.846
-3.844
-3.843
-3.841
-3.84
-3.839
-3.84
-3.839
-3.837
-3.834
-3.83
-3.83
-3.832
-3.834
-3.837
-3.844
-3.848
-3.85
-3.846
-3.844
-3.842
-3.839
-3.837
-3.834
-3.834
-3.83
-3.825
-3.821
-3.816
-3.813
-3.808
-3.813
-3.817
-3.822
-3.824
-3.828
-3.83
-3.831
-3.835
-3.84
-3.844
-3.848
-3.849
-3.85
-3.852
-3.854
-3.855
-3.856
-3.854
-3.851
-3.85
-3.846
-3.843
-3.844
-3.849
-3.853
-3.856
-3.856
-3.851
-3.846
-3.842
-3.839
-3.835
-3.837
-3.839
-3.838
-3.839
-3.838
-3.837
-3.837
-3.836
-3.835
-3.837
-3.837
-3.837
-3.837
-3.837
-3.836
-3.836
-3.838
-3.84
-3.843
-3.844
-3.846
-3.845
-3.849
-3.85
-3.849
-3.848
-3.846
-3.846
-3.845
-3.841
-3.84
-3.84
-3.843
-3.845
-3.845
-3.844
-3.844
-3.841
-3.839
-3.838
-3.837
-3.834
-3.833
-3.831
-3.832
-3.833
-3.835
-3.836
-3.836
-3.835
-3.833
-3.832
-3.832
-3.834
-3.834
-3.833
-3.832
-3.834
-3.837
-3.838
-3.838
-3.837
-3.836
-3.832
-3.828
-3.825
-3.826
-3.824
-3.825
-3.825
-3.826
-3.824
-3.822
-3.822
-3.82
-3.822
-3.824
-3.827
-3.83
-3.834
-3.834
-3.833
-3.833
-3.833
-3.834
-3.836
-3.836
-3.838
-3.837
-3.835
-3.832
-3.83
-3.831
-3.83
-3.829
-3.831
-3.83
-3.825
-3.821
-3.825
-3.835
-3.842
-3.834
-3.828
-3.82
-3.819
-3.816
-3.817
-3.821
-3.824
-3.828
-3.833
-3.838
-3.84
-3.842
-3.844
-3.845
-3.847
-3.849
-3.849
-3.851
-3.849
-3.847
-3.842
-3.839
-3.834
-3.832
-3.829
-3.826
-3.822
-3.82
-3.82
-3.82
-3.823
-3.824
-3.826
-3.827
-3.835
-3.845
-3.854
-3.86
-3.867
-3.858
-3.85
-3.843
-3.836
-3.832
-3.83
-3.829
-3.825
-3.821
-3.816
-3.812
-3.807
-3.801
-3.797
-3.793
-3.788
-3.788
-3.791
-3.806
-3.81
-3.805
-3.803
-3.808
-3.81
-3.812
-3.783
-3.734
-3.73
-3.727
-3.725
-3.72
-3.709
-3.707
-3.706
-3.709
-3.707
-3.706
-3.711
-3.72
-3.731
-3.757
-3.752
-3.747
-3.764
-3.784
-3.791
-3.8
-3.782
-3.768
-3.767
-3.77
-3.785
-3.801
-3.761
-3.756
-3.765
-3.74
-3.761
-3.764
-3.727
-3.716
-3.726
-3.763
-3.782
-3.779
-3.761
-3.724
-3.685
-3.684
-3.682
-3.645
-3.638
-3.653
-3.689
-3.707
-3.717
-3.749
-3.723
-3.726
-3.727
-3.713
-3.71
-3.735
-3.725
-3.735
-3.786
-3.809
-3.857
-3.915
-3.883
-3.867
-3.855
-3.819
-3.803
-3.798
-3.833
-3.885
-3.878
-3.85
-3.82
-3.852
-3.887
-3.896
-3.907
-3.92
-3.878
-3.904
-3.838
-3.776
-3.782
-3.779
-3.746
-3.804
-3.851
-3.899
-3.955
-3.952
-3.948
-3.917
-3.9
-3.901
-3.882
-3.862
-3.824
-3.787
-3.744
-3.768
-3.771
-3.772
-3.798
-3.771
-3.776
-3.771
-3.724
-3.66
-3.627
-3.643
-3.634
-3.676
-3.731
-3.746
-3.766
-3.799
-3.787
-3.771
-3.792
-3.766
-3.767
-3.76
-3.727
-3.719
-3.668
-3.664
-3.678
-3.646
-3.619
-3.574
-3.563
-3.543
-3.578
-3.615
-3.626
-3.659
-3.684
-3.701
-3.69
-3.692
-3.691
-3.701
-3.706
-3.738
-3.719
-3.71
-3.69
-3.636
-3.601
-3.61
-3.625
-3.651
-3.631
-3.581
-3.563
-3.516
-3.479
-3.466
-3.492
-3.562
-3.604
-3.601
-3.596
-3.593
-3.591
-3.601
-3.629
-3.607
-3.61
-3.61
-3.61
-3.633
-3.646
-3.681
-3.673
-3.663
-3.683
-3.684
-3.692
-3.67
-3.642
-3.646
-3.657
-3.669
-3.678
-3.664
-3.67
-3.692
-3.695
-3.663
-3.614
-3.583
-3.609
-3.636
-3.617
-3.591
-3.534
-3.468
-3.427
-3.37
-3.329
-3.359
-3.396
-3.472
-3.539
-3.577
-3.597
-3.597
-3.61
-3.624
-3.637
-3.648
-3.616
-3.627
-3.598
-3.584
-3.616
-3.608
-3.601
-3.626
-3.581
-3.535
-3.539
-3.534
-3.564
-3.584
-3.586
-3.598
-3.643
-3.652
-3.647
-3.654
-3.645
-3.647
-3.682
-3.708
-3.712
-3.707
-3.697
-3.703
-3.71
-3.717
-3.723
-3.721
-3.72
-3.72
-3.709
-3.701
-3.714
-3.7
-3.689
-3.711
-3.7
-3.691
-3.693
-3.685
-3.677
-3.683
-3.687
-3.681
-3.689
-3.696
-3.696
-3.691
-3.684
-3.678
-3.681
-3.684
-3.679
-3.684
-3.689
-3.68
-3.67
-3.659
-3.645
-3.646
-3.639
-3.635
-3.635
-3.626
-3.622
-3.623
-3.608
-3.635
-3.664
-3.672
-3.671
-3.67
-3.66
-3.661
-3.659
-3.652
-3.652
-3.651
-3.643
-3.643
-3.64
-3.655
-3.682
-3.703
-3.7
-3.698
-3.692
-3.685
-3.677
-3.667
-3.661
-3.657
-3.651
-3.639
-3.626
-3.618
-3.621
-3.624
-3.622
-3.62
-3.622
-3.629
-3.644
-3.659
-3.673
-3.687
-3.702
-3.716
-3.732
-3.747
-3.761
-3.777
-3.791
-3.791
-3.791
-3.792
-3.792
-3.792
-3.792
-3.793
-3.793
-3.794
-3.794
-3.795
-3.795
-3.795
-3.794
-3.794
-3.797
-3.801
-3.806
-3.81
-3.807
-3.803
-3.798
-3.795
-3.797
-3.798
-3.796
-3.79
-3.781
-3.779
-3.778
-3.775
-3.769
-3.767
-3.761
-3.756
-3.766
-3.777
-3.787
-3.79
-3.792
-3.794
-3.793
-3.794
-3.798
-3.804
-3.803
-3.799
-3.798
-3.799
-3.799
-3.8
-3.8
-3.801
-3.802
-3.804
-3.811
-3.818
-3.808
-3.807
-3.805
-3.805
-3.812
-3.813
-3.799
-3.808
-3.824
-3.812
-3.806
-3.771
-3.767
-3.767
-3.776
-3.782
-3.781
-3.783
-3.823
-3.875
-3.912
-3.919
-3.919
-3.913
-3.909
-3.909
-3.918
-3.924
-3.948
-3.937
-3.939
-3.951
-3.956
-3.961
-3.957
-3.959
-3.98
-3.991
-3.989
-3.976
-3.95
-3.955
-3.962
-3.954
-3.95
-3.946
-3.949
-3.958
-3.969
-3.974
-3.986
-4.006
-4.002
-4.017
-4.034
-4.034
-4.026
-4.046
-4.063
-4.08
-4.069
-4.06
-4.08
-4.056
-4.036
-4.019
-4
-3.989
-3.99
-3.985
-3.984
-3.997
-3.993
-4.002
-4.012
-4.023
-4.04
-4.055
-4.038
-4.041
-4.031
-4.03
-4.05
-4.045
-4.035
-4.029
-4.013
-4.002
-3.99
-3.995
-4.003
-4.006
-4.011
-4.015
-4.013
-4.013
-4.02
-4.018
-4.023
-4.033
-4.02
-4.034
-4.036
-4.024
-4.028
-4.033
-4.048
-4.061
-4.051
-4.042
-4.06
-4.037
-4.019
-4.032
-4.033
-4.035
-4.045
-4.051
-4.059
-4.054
-4.041
-4.029
-4.031
-4.039
-4.048
-4.057
-4.063
-4.068
-4.071
-4.073
-4.076
-4.073
-4.067
-4.063
-4.066
-4.071
-4.071
-4.073
-4.074
-4.076
-4.077
-4.078
-4.079
-4.081
-4.082
-4.084
-4.088
-4.089
-4.093
-4.096
-4.102
-4.107
-4.112
-4.112
-4.111
-4.109
-4.105
-4.101
-4.098
-4.098
-4.098
-4.095
-4.092
-4.09
-4.086
-4.083
-4.083
-4.085
-4.088
-4.091
-4.095
-4.099
-4.1
-4.098
-4.099
-4.096
-4.094
-4.09
-4.087
-4.083
-4.081
-4.076
-4.073
-4.073
-4.071
-4.068
-4.066
-4.064
-4.059
-4.055
-4.052
-4.051
-4.053
-4.054
-4.054
-4.056
-4.059
-4.06
-4.063
-4.066
-4.071
-4.075
-4.076
-4.077
-4.078
-4.077
-4.077
-4.075
-4.072
-4.069
-4.059
-4.05
-4.041
-4.04
-4.038
-4.038
-4.039
-4.042
-4.043
-4.043
-4.043
-4.044
-4.046
-4.048
-4.048
-4.047
-4.048
-4.049
-4.047
-4.049
-4.051
-4.056
-4.057
-4.059
-4.06
-4.061
-4.063
-4.065
-4.066
-4.069
-4.072
-4.072
-4.075
-4.075
-4.075
-4.072
-4.066
-4.058
-4.054
-4.047
-4.041
-4.041
-4.041
-4.039
-4.035
-4.033
-4.028
-4.025
-4.02
-4.019
-4.019
-4.02
-4.021
-4.022
-4.024
-4.027
-4.032
-4.035
-4.042
-4.049
-4.055
-4.059
-4.061
-4.061
-4.056
-4.055
-4.05
-4.045
-4.041
-4.039
-4.036
-4.035
-4.035
-4.035
-4.038
-4.041
-4.044
-4.044
-4.046
-4.047
-4.049
-4.05
-4.052
-4.056
-4.058
-4.061
-4.065
-4.069
-4.071
-4.072
-4.073
-4.073
-4.073
-4.075
-4.076
-4.078
-4.078
-4.079
-4.078
-4.075
-4.073
-4.072
-4.07
-4.071
-4.071
-4.069
-4.068
-4.071
-4.073
-4.075
-4.077
-4.08
-4.081
-4.081
-4.078
-4.078
-4.079
-4.08
-4.081
-4.081
-4.083
-4.083
-4.083
-4.086
-4.087
-4.09
-4.088
-4.085
-4.083
-4.08
-4.08
-4.078
-4.081
-4.083
-4.087
-4.086
-4.085
-4.083
-4.083
-4.083
-4.082
-4.083
-4.083
-4.078
-4.073
-4.066
-4.064
-4.061
-4.06
-4.063
-4.065
-4.066
-4.07
-4.073
-4.076
-4.078
-4.083
-4.082
-4.078
-4.076
-4.072
-4.069
-4.066
-4.066
-4.065
-4.064
-4.061
-4.058
