3.46
3.462
3.463
3.464
3.466
3.467
3.469
3.467
3.466
3.463
3.461
3.458
3.458
3.46
3.462
3.463
3.464
3.469
3.467
3.465
3.461
3.46
3.459
3.459
3.464
3.467
3.47
3.469
3.469
3.465
3.462
3.46
3.46
3.464
3.467
3.467
3.467
3.467
3.462
3.459
3.455
3.45
3.445
3.44
3.437
3.435
3.431
3.429
3.426
3.426
3.429
3.43
3.436
3.442
3.446
3.45
3.453
3.458
3.462
3.467
3.469
3.474
3.477
3.479
3.479
3.479
3.478
3.476
3.472
3.465
3.462
3.461
3.462
3.464
3.468
3.472
3.478
3.479
3.479
3.481
3.479
3.476
3.473
3.47
3.467
3.464
3.459
3.455
3.453
3.451
3.451
3.453
3.456
3.456
3.457
3.455
3.455
3.456
3.455
3.454
3.453
3.455
3.455
3.455
3.455
3.455
3.457
3.456
3.453
3.45
3.447
3.444
3.441
3.445
3.448
3.452
3.455
3.459
3.459
3.46
3.46
3.46
3.464
3.467
3.467
3.465
3.463
3.462
3.459
3.456
3.452
3.45
3.447
3.445
3.44
3.44
3.441
3.44
3.44
3.441
3.442
3.445
3.447
3.45
3.455
3.462
3.462
3.463
3.463
3.457
3.454
3.447
3.44
3.433
3.428
3.421
3.416
3.418
3.421
3.423
3.429
3.436
3.44
3.445
3.448
3.45
3.45
3.452
3.452
3.449
3.449
3.449
3.449
3.449
3.45
3.452
3.453
3.448
3.442
3.445
3.452
3.461
3.484
3.507
3.541
3.602
3.623
3.639
3.649
3.643
3.652
3.646
3.64
3.632
3.626
3.61
3.603
3.603
3.611
3.604
3.609
3.603
3.592
3.579
3.572
3.583
3.576
3.569
3.571
3.563
3.557
3.552
3.559
3.551
3.546
3.538
3.533
3.526
3.519
3.519
3.513
3.517
3.51
3.511
3.504
3.498
3.491
3.485
3.479
3.481
3.475
3.468
3.461
3.454
3.452
3.444
3.439
3.441
3.434
3.428
3.424
3.418
3.412
3.41
3.403
3.398
3.392
3.386
3.382
3.386
3.387
3.387
3.387
3.387
3.392
3.392
3.393
3.39
3.39
3.39
3.393
3.392
3.392
3.395
3.399
3.4
3.4
3.401
3.399
3.404
3.403
3.403
3.403
3.403
3.403
3.406
3.406
3.405
3.406
3.406
3.407
3.407
3.406
3.406
3.408
3.407
3.409
3.408
3.408
3.409
3.409
3.409
3.408
3.407
3.407
3.409
3.408
3.407
3.407
3.406
3.406
3.406
3.406
3.406
3.404
3.404
3.406
3.405
3.406
3.401
3.401
3.4
3.4
3.4
3.399
3.397
3.397
3.397
3.396
3.398
3.391
3.39
3.391
3.391
3.391
3.391
3.386
3.387
3.386
3.385
3.387
3.379
3.378
3.379
3.379
3.378
3.379
3.371
3.371
3.37
3.372
3.37
3.371
3.36
3.358
3.359
3.359
3.36
3.36
3.35
3.352
3.35
3.352
3.35
3.352
3.351
3.34
3.34
3.339
3.339
3.339
3.338
3.333
3.331
3.331
3.33
3.332
3.332
3.33
3.332
3.331
3.33
3.33
3.332
3.333
3.332
3.332
3.332
3.334
3.335
3.335
3.334
3.334
3.333
3.333
3.332
3.333
3.332
3.333
3.333
3.331
3.331
3.331
3.332
3.332
3.334
3.334
3.334
3.334
3.333
3.334
3.333
3.333
3.332
3.333
3.333
3.333
3.333
3.334
3.333
3.333
3.333
3.332
3.332
3.332
3.332
3.333
3.333
3.333
3.333
3.333
3.333
3.333
3.333
3.334
3.334
3.333
3.334
3.334
3.334
3.333
3.332
3.332
3.332
3.333
3.333
3.333
3.331
3.333
3.333
3.334
3.333
3.333
3.332
3.333
3.332
3.332
3.331
3.331
3.331
3.333
3.334
3.333
3.332
3.332
3.336
3.335
3.334
3.336
3.336
3.335
3.342
3.342
3.342
3.342
3.341
3.351
3.352
3.35
3.351
3.352
3.351
3.361
3.36
3.36
3.36
3.361
3.37
3.374
3.373
3.373
3.373
3.373
3.387
3.387
3.387
3.387
3.388
3.398
3.399
3.398
3.398
3.399
3.416
3.414
3.396
3.381
3.42
3.42
3.426
3.427
3.431
3.468
3.467
3.477
3.497
3.497
3.503
3.515
3.519
3.55
3.549
3.549
3.553
3.548
3.524
3.549
3.551
3.564
3.591
3.626
3.606
3.61
3.628
3.665
3.692
3.686
3.708
3.744
3.736
3.732
3.73
3.705
3.684
3.665
3.655
3.644
3.641
3.66
3.64
3.621
3.629
3.635
3.638
3.641
3.642
3.642
3.626
3.637
3.639
3.639
3.639
3.635
3.635
3.638
3.626
3.615
3.597
3.593
3.555
3.535
3.535
3.534
3.524
3.519
3.514
3.539
3.57
3.581
3.616
3.653
3.695
3.712
3.721
3.675
3.666
3.654
3.631
3.643
3.627
3.615
3.616
3.596
3.621
3.648
3.602
3.55
3.517
3.536
3.564
3.552
3.544
3.586
3.643
3.68
3.673
3.657
3.619
3.588
3.597
3.617
3.588
3.581
3.554
3.497
3.501
3.48
3.456
3.425
3.385
3.374
3.404
3.43
3.481
3.503
3.542
3.59
3.628
3.63
3.616
3.593
3.56
3.577
3.591
3.584
3.555
3.527
3.527
3.545
3.547
3.545
3.525
3.514
3.531
3.554
3.538
3.528
3.507
3.479
3.491
3.482
3.472
3.463
3.459
3.489
3.521
3.544
3.6
3.633
3.614
3.615
3.585
3.531
3.488
3.48
3.448
3.441
3.416
3.426
3.429
3.489
3.544
3.549
3.538
3.555
3.567
3.59
3.614
3.632
3.641
3.614
3.617
3.622
3.641
3.654
3.663
3.636
3.652
3.668
3.69
3.693
3.673
3.663
3.678
3.683
3.689
3.644
3.632
3.646
3.66
3.657
3.641
3.654
3.656
3.656
3.667
3.689
3.694
3.679
3.662
3.668
3.675
3.697
3.709
3.701
3.686
3.678
3.669
3.662
3.654
3.645
3.647
3.651
3.656
3.672
3.669
3.686
3.68
3.666
3.663
3.692
3.695
3.691
3.687
3.683
3.696
3.701
3.705
3.716
3.723
3.731
3.743
3.746
3.758
3.763
3.77
3.777
3.769
3.76
3.774
3.78
3.786
3.802
3.815
3.816
3.813
3.811
3.804
3.796
3.788
3.79
3.782
3.76
3.76
3.766
3.755
3.739
3.702
3.674
3.669
3.663
3.651
3.637
3.568
3.543
3.514
3.505
3.504
3.505
3.505
3.505
3.504
3.505
3.505
3.507
3.505
3.507
3.5
3.501
3.5
3.502
3.5
3.502
3.502
3.504
3.503
3.503
3.502
3.5
3.524
3.546
3.568
3.589
3.594
3.594
3.595
3.594
3.595
3.6
3.6
3.599
3.599
3.599
3.6
3.601
3.6
3.6
3.6
3.601
3.598
3.598
3.598
3.597
3.598
3.598
3.599
3.599
3.6
3.599
3.599
3.599
3.598
3.599
3.599
3.599
3.599
3.6
3.6
3.599
3.6
3.6
3.6
3.597
3.597
3.597
3.598
3.598
3.599
3.599
3.599
3.599
3.599
3.598
3.598
3.599
3.597
3.598
3.598
3.6
3.599
3.599
3.599
3.6
3.599
3.599
3.599
3.598
3.601
3.599
3.598
3.598
3.599
3.598
3.599
3.598
3.597
3.597
3.597
3.597
3.601
3.602
3.602
3.601
3.601
3.601
3.598
3.596
3.597
3.597
3.597
3.598
3.599
3.599
3.601
3.6
3.599
3.597
3.596
3.596
3.596
3.597
3.601
3.603
3.604
3.607
3.609
3.609
3.579
3.554
3.546
3.538
3.534
3.53
3.532
3.536
3.541
3.541
3.537
3.531
3.525
3.522
3.518
3.515
3.517
3.519
3.52
3.522
3.526
3.527
3.526
3.525
3.524
3.524
3.525
3.527
3.529
3.53
3.529
3.529
3.529
3.53
3.532
3.533
3.533
3.534
3.534
3.534
3.536
3.539
3.539
3.538
3.536
3.534
3.532
3.531
3.529
3.53
3.531
3.532
3.534
3.536
3.54
3.541
3.543
3.544
3.546
3.545
3.546
3.547
3.548
3.546
3.543
3.539
3.536
3.534
3.53
3.53
3.529
3.529
3.529
3.531
3.534
3.538
3.541
3.544
3.543
3.541
3.541
3.539
3.538
3.536
3.534
3.533
3.531
3.527
3.525
3.525
3.528
3.53
3.533
3.538
3.54
3.541
3.54
3.534
3.53
3.526
3.522
3.517
3.511
3.507
3.502
3.498
3.502
3.507
3.51
3.513
3.518
3.519
3.522
3.524
3.525
3.525
3.526
3.524
3.523
3.524
3.524
3.525
3.526
3.527
3.526
3.526
3.524
3.523
3.52
3.519
3.518
3.514
3.512
3.51
3.51
3.507
3.504
3.503
3.506
3.51
3.515
3.518
3.522
3.524
3.525
3.527
3.53
3.531
3.525
3.519
3.514
3.51
3.508
3.512
3.517
3.518
3.519
3.52
3.521
3.52
3.522
3.523
3.524
3.528
3.531
3.531
3.528
3.524
3.521
3.52
3.519
3.518
3.519
3.521
3.522
3.524
3.526
3.525
3.525
3.526
3.527
3.527
3.528
3.529
3.527
3.526
3.526
3.527
3.525
3.523
3.521
3.518
3.517
3.517
3.518
3.52
3.522
3.524
3.525
3.522
3.522
3.519
3.517
3.517
3.521
3.524
3.527
3.526
3.527
3.529
3.531
3.535
3.538
3.542
3.546
3.547
3.548
3.549
3.551
3.552
3.553
3.553
3.552
3.551
3.55
3.551
3.549
3.548
3.544
3.542
3.541
3.54
3.54
3.541
3.542
3.543
3.543
3.539
3.534
3.535
3.536
3.536
3.536
3.535
3.535
3.534
3.534
3.536
3.536
3.536
3.535
3.536
3.536
3.535
3.535
3.536
3.536
3.536
3.535
3.533
3.531
3.531
3.529
3.529
3.528
3.528
3.528
3.528
3.527
3.525
3.525
3.524
3.522
3.523
3.523
3.523
3.522
3.522
3.525
3.53
3.536
3.541
3.548
3.552
3.549
3.545
3.54
3.537
3.532
3.529
3.532
3.539
3.545
3.552
3.551
3.545
3.539
3.533
3.528
3.529
3.53
3.534
3.533
3.531
3.529
3.529
3.533
3.539
3.544
3.55
3.539
3.527
3.517
3.517
3.527
3.535
3.541
3.544
3.547
3.551
3.548
3.541
3.531
3.524
3.524
3.523
3.522
3.525
3.532
3.537
3.544
3.548
3.551
3.55
3.547
3.542
3.539
3.534
3.533
3.531
3.531
3.529
3.527
3.528
3.528
3.529
3.53
3.53
3.531
3.531
3.529
3.527
3.524
3.524
3.522
3.522
3.523
3.524
3.523
3.524
3.526
3.523
3.527
3.531
3.536
3.542
3.545
3.545
3.543
3.541
3.541
3.535
3.531
3.527
3.522
3.525
3.529
3.534
3.539
3.536
3.534
3.531
3.531
3.535
3.536
3.539
3.541
3.539
3.537
3.536
3.534
3.532
3.531
3.529
3.528
3.525
3.527
3.529
3.53
3.529
3.527
3.526
3.525
3.525
3.524
3.524
3.524
3.527
3.529
3.529
3.529
3.528
3.527
3.525
3.525
3.529
3.534
3.534
3.535
3.536
3.535
3.535
3.535
3.537
3.536
3.536
3.536
3.539
3.54
3.54
3.541
3.539
3.539
3.538
3.536
3.535
3.536
3.536
3.537
3.538
3.538
3.539
3.54
3.541
3.539
3.541
3.541
3.544
3.546
3.547
3.548
3.552
3.553
3.552
3.552
3.553
3.549
3.546
3.545
3.544
3.541
3.537
3.534
3.531
3.527
3.524
3.522
3.522
3.524
3.527
3.531
3.53
3.529
3.529
3.529
3.531
3.531
3.531
3.533
3.533
3.529
3.523
3.517
3.513
3.508
3.507
3.512
3.516
3.522
3.528
3.531
3.531
3.53
3.528
3.529
3.529
3.528
3.526
3.526
3.524
3.524
3.523
3.522
3.521
3.52
3.518
3.517
3.519
3.521
3.523
3.525
3.527
3.529
3.526
3.524
3.521
3.519
3.517
3.515
3.518
3.522
3.524
3.528
3.53
3.529
3.527
3.525
3.524
3.524
3.528
3.53
3.534
3.536
3.54
3.539
3.536
3.531
3.524
3.517
3.512
3.515
3.521
3.524
3.529
3.533
3.536
3.538
3.542
3.545
3.546
3.547
3.544
3.539
3.534
3.529
3.524
3.522
3.52
3.519
3.518
3.519
3.518
3.519
3.52
3.521
3.522
3.523
3.523
3.522
3.52
3.52
3.525
3.533
3.538
3.54
3.538
3.536
3.534
3.534
3.535
3.535
3.537
3.538
3.539
3.535
3.534
3.533
3.534
3.531
3.533
3.535
3.538
3.541
3.544
3.548
3.551
3.555
3.558
3.563
3.565
3.559
3.555
3.551
3.547
3.543
3.539
3.537
3.535
3.531
3.527
3.525
3.524
3.522
3.52
3.517
3.515
3.513
3.515
3.519
3.522
3.527
3.529
3.529
3.524
3.517
3.511
3.507
3.51
3.512
3.516
3.523
3.53
3.532
3.533
3.531
3.527
3.522
3.517
3.512
3.512
3.517
3.52
3.524
3.528
3.532
3.534
3.536
3.536
3.534
3.532
3.529
3.527
3.526
3.527
3.529
3.531
3.532
3.53
3.526
3.522
3.517
3.515
3.512
3.517
3.524
3.529
3.534
3.539
3.546
3.546
3.542
3.541
3.538
3.536
3.534
3.532
3.529
3.526
3.524
3.523
3.523
3.535
3.549
3.563
3.55
3.523
3.511
3.51
3.512
3.515
3.515
3.52
3.524
3.527
3.529
3.532
3.534
3.537
3.539
3.539
3.536
3.534
3.529
3.526
3.523
3.514
3.51
3.514
3.518
3.52
3.524
3.525
3.527
3.529
3.532
3.529
3.524
3.52
3.516
3.51
3.507
3.507
3.511
3.515
3.518
3.522
3.526
3.529
3.528
3.528
3.529
3.528
3.53
3.534
3.532
3.529
3.529
3.522
3.514
3.507
3.501
3.495
3.497
3.498
3.498
3.499
3.502
3.504
3.505
3.503
3.502
3.502
3.501
3.503
3.507
3.511
3.514
3.517
3.519
3.521
3.523
3.526
3.53
3.531
3.529
3.527
3.526
3.522
3.52
3.512
3.503
3.495
3.488
3.484
3.494
3.505
3.514
3.524
3.532
3.537
3.542
3.548
3.553
3.557
3.558
3.558
3.558
3.558
3.557
3.556
3.552
3.548
3.544
3.538
3.529
3.517
3.508
3.503
3.51
3.527
3.563
3.551
3.558
3.568
3.579
3.595
3.609
3.622
3.632
3.649
3.667
3.677
3.673
3.676
3.661
3.636
3.638
3.673
3.704
3.729
3.738
3.748
3.748
3.738
3.737
3.723
3.722
3.722
3.696
3.694
3.72
3.702
3.702
3.701
3.688
3.682
3.668
3.67
3.669
3.651
3.651
3.648
3.618
3.62
3.616
3.59
3.581
3.564
3.554
3.554
3.533
3.523
3.49
3.464
3.455
3.446
3.411
3.402
3.46
3.48
3.501
3.512
3.512
3.512
3.513
3.513
3.51
3.51
3.509
3.501
3.501
3.501
3.509
3.554
3.549
3.52
3.482
3.448
3.473
3.508
3.486
3.498
3.51
3.479
3.466
3.488
3.463
3.427
3.388
3.378
3.387
3.423
3.445
3.429
3.417
3.455
3.507
3.577
3.627
3.671
3.664
3.659
3.674
3.679
3.684
3.66
3.626
3.598
3.654
3.677
3.665
3.682
3.661
3.653
3.626
3.589
3.557
3.577
3.599
3.624
3.628
3.607
3.6
3.569
3.587
3.619
3.617
3.632
3.661
3.696
3.771
3.808
3.868
3.832
3.816
3.811
3.811
3.779
3.801
3.829
3.819
3.828
3.828
3.825
3.836
3.86
3.873
3.915
3.93
3.927
3.862
3.87
3.878
3.907
3.895
3.894
3.897
3.884
3.887
3.877
3.822
3.793
3.798
3.808
3.796
3.785
3.772
3.773
3.755
3.732
3.745
3.759
3.728
3.716
3.692
3.718
3.744
3.741
3.747
3.731
3.742
3.766
3.757
3.736
3.714
3.7
3.719
3.76
3.783
3.816
3.833
3.845
3.851
3.839
3.83
3.833
3.831
3.825
3.878
3.9
3.929
3.959
3.934
3.843
3.763
3.708
3.674
3.647
3.658
3.664
3.651
3.642
3.665
3.725
3.763
3.81
3.823
3.791
3.801
3.824
3.842
3.876
3.907
3.897
3.903
3.897
3.875
3.865
3.849
3.79
3.771
3.763
3.74
3.755
3.759
3.717
3.689
3.667
3.661
3.683
3.682
3.627
3.607
3.609
3.613
3.617
3.622
3.632
3.658
3.652
3.654
3.655
3.652
3.66
3.678
3.675
3.671
3.668
3.658
3.659
3.678
3.672
3.664
3.659
3.658
3.656
3.656
3.662
3.669
3.671
3.667
3.674
3.681
3.693
3.704
3.72
3.727
3.743
3.708
3.667
3.626
3.627
3.633
3.646
3.613
3.581
3.574
3.571
3.564
3.564
3.556
3.549
3.554
3.56
3.571
3.573
3.569
3.568
3.554
3.529
3.508
3.514
3.519
3.526
3.534
3.542
3.549
3.556
3.564
3.576
3.594
3.613
3.623
3.62
3.617
3.618
3.614
3.607
3.6
3.595
3.592
3.591
3.592
3.593
3.593
3.594
3.593
3.599
3.603
3.609
3.609
3.611
3.611
3.613
3.614
3.616
3.618
3.621
3.621
3.625
3.627
3.63
3.633
3.637
3.638
3.641
3.643
3.643
3.643
3.641
3.641
3.641
3.641
3.638
3.635
3.633
3.636
3.641
3.644
3.648
3.652
3.657
3.657
3.657
3.657
3.656
3.654
3.653
3.65
3.648
3.646
3.646
3.645
3.645
3.645
3.645
3.644
3.644
3.645
3.644
3.643
3.642
3.642
3.643
3.629
3.612
3.597
3.599
3.601
3.604
3.585
3.566
3.545
3.524
3.511
3.502
3.525
3.516
3.531
3.549
3.567
3.569
3.561
3.563
3.546
3.51
3.47
3.433
3.399
3.371
3.371
3.381
3.383
3.385
3.368
3.325
3.321
3.317
3.3
3.291
3.279
3.278
3.277
3.271
3.268
3.286
3.316
3.362
3.354
3.29
3.261
3.263
3.27
3.267
3.25
3.229
3.221
3.208
3.199
3.201
3.195
3.193
3.184
3.178
3.193
3.185
3.18
3.189
3.19
3.186
3.219
3.245
3.272
3.304
3.321
3.346
3.355
3.355
3.36
3.359
3.352
3.348
3.332
3.313
3.316
3.312
3.312
3.32
3.322
3.325
3.338
3.327
3.321
3.333
3.335
3.343
3.333
3.318
3.321
3.321
3.322
3.333
3.332
3.331
3.334
3.33
3.329
3.339
3.344
3.357
3.368
3.376
3.392
3.381
3.371
3.383
3.377
3.371
3.394
3.398
3.406
3.427
3.44
3.457
3.45
3.438
3.436
3.441
3.447
3.449
3.448
3.449
3.448
3.446
3.442
3.442
3.445
3.449
3.457
3.468
3.478
3.48
3.477
3.477
3.477
3.476
3.476
3.477
3.479
3.48
3.479
3.481
3.482
3.482
3.482
3.48
3.479
3.476
3.471
3.465
3.464
3.467
3.466
3.468
3.473
3.476
3.477
3.479
3.479
3.475
3.472
3.468
3.463
3.459
3.458
3.458
3.457
3.452
3.451
3.448
3.445
3.442
3.443
3.442
3.441
3.445
3.449
3.453
3.458
3.463
3.465
3.466
3.469
3.469
3.47
3.474
3.475
3.476
3.473
3.468
3.464
3.462
3.458
3.453
3.45
3.446
3.442
3.443
3.444
3.448
3.452
3.456
3.457
3.457
3.459
3.461
3.462
3.465
3.472
3.477
3.474
3.472
3.47
3.47
3.469
3.468
3.469
3.47
3.471
3.47
3.469
3.471
3.471
3.471
3.47
3.472
3.471
3.469
3.464
3.462
3.459
3.458
3.456
3.454
3.453
3.451
3.448
3.446
3.445
3.443
3.44
3.436
3.435
3.439
3.442
3.446
3.45
3.455
3.454
3.452
3.451
3.453
3.457
3.462
3.467
3.472
3.475
3.476
3.478
3.477
3.475
3.476
3.474
3.473
3.472
3.468
3.463
3.457
3.452
3.448
3.45
3.453
3.454
3.457
3.459
3.462
3.462
3.462
3.462
3.467
3.471
3.471
3.472
3.47
3.471
3.469
3.468
3.467
3.464
3.462
3.462
3.464
3.466
3.466
3.464
3.464
3.462
3.461
3.459
3.459
3.457
3.455
3.452
3.451
3.45
3.45
3.452
3.454
3.455
3.457
3.456
3.456
3.457
3.456
3.452
3.447
3.444
3.44
3.44
3.438
3.44
3.442
3.445
3.445
3.448
3.451
3.453
3.455
3.457
3.46
3.462
3.464
3.465
3.465
3.463
3.461
3.456
3.45
3.447
3.443
3.444
3.443
3.445
3.448
3.454
3.453
3.452
3.452
3.452
3.45
3.449
3.455
3.46
3.461
3.463
3.464
3.463
3.46
3.457
3.452
3.447
3.442
3.441
3.438
3.44
3.445
3.449
3.453
3.455
3.456
3.456
3.456
3.455
3.457
3.46
