-0.000    0.000    0.000
-1.015    1.106    -0.000
-2.029    2.211    -0.000
-3.043    3.318    -0.000
-4.058    4.424    -0.000
-5.072    5.530    -0.000
-6.085    6.635    -0.000
-7.097    7.744    -0.000
-8.109    8.852    -0.000
-9.121    9.960    -0.000
-10.133    11.068    -0.000
-11.145    12.176    -0.000
-12.159    13.282    -0.000
-13.174    14.387    -0.000
-14.189    15.492    -0.000
-15.204    16.597    -0.000
-16.219    17.703    -0.000
-17.235    18.807    -0.000
-18.246    19.915    -0.000
-19.258    21.023    -0.000
-20.269    22.132    -0.000
-21.281    23.240    -0.000
-22.293    24.348    -0.000
-23.306    25.454    -0.000
-24.323    26.558    -0.000
-25.339    27.664    -0.000
-26.354    28.768    -0.000
-27.370    29.872    -0.000
-28.386    30.976    -0.000
-29.400    32.083    -0.000
-30.414    33.189    -0.000
-31.429    34.294    -0.000
-32.442    35.400    -0.000
-33.456    36.506    -0.000
-34.470    37.614    -0.000
-35.481    38.722    -0.000
-36.493    39.830    -0.000
-37.505    40.938    -0.000
-38.517    42.047    -0.000
-39.529    43.154    -0.000
-40.540    44.262    -0.000
-41.552    45.370    -0.000
-42.563    46.479    -0.000
-43.574    47.587    -0.000
-44.587    48.695    -0.000
-45.599    49.802    -0.000
-46.612    50.910    -0.000
-47.625    52.017    -0.000
-48.638    53.124    -0.000
-49.651    54.231    -0.000
-50.665    55.337    -0.000
-51.679    56.444    -0.000
-52.695    57.548    -0.000
-53.711    58.652    -0.000
-54.727    59.756    -0.001
-55.743    60.861    -0.001
-56.758    61.965    -0.001
-57.775    63.069    -0.001
-58.791    64.173    -0.001
-59.807    65.277    -0.001
-60.823    66.382    -0.001
-61.838    67.486    -0.001
-62.853    68.591    -0.001
-63.867    69.697    -0.001
-64.881    70.805    -0.001
-65.894    71.911    -0.001
-66.908    73.018    -0.001
-67.921    74.124    -0.001
-68.933    75.232    -0.001
-69.944    76.341    -0.001
-70.956    77.448    -0.001
-71.968    78.556    -0.001
-72.980    79.664    -0.001
-73.993    80.772    -0.001
-75.007    81.877    -0.001
-76.022    82.983    -0.001
-77.037    84.087    -0.001
-78.053    85.193    -0.001
-79.067    86.299    -0.001
-80.081    87.405    -0.001
-81.093    88.513    -0.001
-82.105    89.620    -0.001
-83.118    90.728    -0.001
-84.130    91.835    -0.001
-85.143    92.943    -0.001
-86.155    94.050    -0.001
-87.167    95.159    -0.001
-88.178    96.267    -0.001
-89.190    97.375    -0.001
-90.202    98.482    -0.001
-91.216    99.590    -0.001
-92.230    100.696    -0.001
-93.244    101.801    -0.001
-94.258    102.907    -0.002
-95.272    104.013    -0.002
-96.286    105.120    -0.002
-97.299    106.226    -0.002
-98.313    107.333    -0.002
-99.326    108.439    -0.002
-100.339    109.547    -0.002
-101.352    110.654    -0.002
-102.365    111.760    -0.002
-103.379    112.866    -0.002
-104.392    113.973    -0.002
-105.407    115.080    -0.002
-106.420    116.186    -0.002
-107.434    117.292    -0.002
-108.446    118.399    -0.002
-109.457    119.508    -0.002
-110.469    120.617    -0.002
-111.481    121.725    -0.002
-112.492    122.833    -0.002
-113.504    123.941    -0.002
-114.521    125.045    -0.002
-115.537    126.148    -0.002
-116.554    127.251    -0.002
-117.571    128.354    -0.002
-118.589    129.459    -0.002
-119.604    130.563    -0.002
-120.619    131.669    -0.003
-121.633    132.774    -0.003
-122.648    133.880    -0.003
-123.662    134.985    -0.003
-124.676    136.091    -0.003
-125.688    137.200    -0.003
-126.698    138.309    -0.003
-127.709    139.419    -0.003
-128.720    140.527    -0.003
-129.730    141.636    -0.003
-130.741    142.744    -0.003
-131.753    143.854    -0.003
-132.764    144.962    -0.003
-133.775    146.071    -0.003
-134.787    147.179    -0.003
-135.798    148.288    -0.003
-136.812    149.394    -0.003
-137.826    150.500    -0.003
-138.839    151.607    -0.003
-139.853    152.714    -0.003
-140.866    153.820    -0.003
-141.880    154.926    -0.003
-142.896    156.030    -0.004
-143.911    157.135    -0.004
-144.927    158.241    -0.004
-145.942    159.346    -0.004
-146.957    160.450    -0.004
-147.969    161.558    -0.004
-148.982    162.666    -0.004
-149.994    163.773    -0.004
-151.006    164.881    -0.004
-152.020    165.988    -0.004
-153.031    167.097    -0.004
-154.042    168.205    -0.004
-155.053    169.313    -0.004
-156.064    170.422    -0.004
-157.075    171.531    -0.004
-158.087    172.640    -0.004
-159.104    173.743    -0.004
-160.120    174.847    -0.004
-161.136    175.950    -0.004
-162.153    177.055    -0.005
-163.170    178.158    -0.005
-164.185    179.262    -0.005
-165.201    180.368    -0.005
-166.215    181.473    -0.005
-167.230    182.579    -0.005
-168.244    183.684    -0.005
-169.259    184.789    -0.005
-170.273    185.895    -0.005
-171.286    187.003    -0.005
-172.301    188.108    -0.005
-173.315    189.214    -0.005
-174.329    190.321    -0.005
-175.343    191.426    -0.005
-176.359    192.531    -0.005
-177.375    193.635    -0.005
-178.391    194.738    -0.005
-179.408    195.842    -0.006
-180.425    196.947    -0.006
-181.448    198.044    -0.006
-182.474    199.139    -0.006
-183.500    200.233    -0.006
-184.526    201.328    -0.006
-185.552    202.423    -0.006
-186.585    203.511    -0.006
-187.636    204.582    -0.006
-188.688    205.652    -0.006
-189.607    206.588    -0.006
-190.658    207.659    -0.006
-191.710    208.729    -0.006
-192.775    209.786    -0.006
-193.843    210.840    -0.006
-194.912    211.894    -0.007
-195.979    212.948    -0.007
-197.047    214.002    -0.007
-198.105    215.066    -0.007
-199.163    216.130    -0.007
-200.226    217.189    -0.007
-201.308    218.229    -0.007
-202.389    219.269    -0.007
-203.481    220.299    -0.007
-204.576    221.325    -0.007
-205.668    222.355    -0.007
-206.750    223.394    -0.007
-207.833    224.432    -0.007
-208.929    225.457    -0.007
-210.030    226.476    -0.007
-211.133    227.494    -0.008
-212.244    228.503    -0.008
-213.355    229.512    -0.008
-214.466    230.520    -0.008
-215.579    231.527    -0.008
-216.709    232.513    -0.008
-217.839    233.501    -0.008
-218.970    234.488    -0.008
-220.099    235.475    -0.008
-221.230    236.462    -0.008
-222.360    237.450    -0.008
-223.491    238.436    -0.008
-224.629    239.413    -0.008
-225.769    240.390    -0.009
-226.921    241.350    -0.009
-228.076    242.309    -0.009
-229.237    243.259    -0.009
-230.403    244.204    -0.009
-231.568    245.149    -0.009
-232.734    246.095    -0.009
-233.899    247.039    -0.009
-235.065    247.983    -0.009
-236.246    248.910    -0.009
-237.425    249.837    -0.009
-238.605    250.765    -0.009
-239.785    251.693    -0.009
-240.964    252.620    -0.010
-242.146    253.544    -0.010
-243.332    254.464    -0.010
-244.517    255.383    -0.010
-245.711    256.293    -0.010
-246.912    257.192    -0.010
-248.113    258.091    -0.010
-249.320    258.983    -0.010
-250.527    259.874    -0.010
-251.735    260.765    -0.010
-252.953    261.642    -0.010
-254.170    262.520    -0.010
-255.388    263.396    -0.011
-256.611    264.265    -0.011
-257.835    265.133    -0.011
-259.059    266.001    -0.011
-260.293    266.854    -0.011
-261.528    267.707    -0.011
-262.763    268.560    -0.011
-263.998    269.411    -0.011
-265.234    270.262    -0.011
-266.476    271.105    -0.011
-267.724    271.938    -0.011
-268.973    272.770    -0.012
-270.215    273.612    -0.012
-271.454    274.458    -0.012
-272.694    275.302    -0.012
-273.942    276.135    -0.012
-275.191    276.968    -0.012
-276.440    277.801    -0.012
-277.691    278.628    -0.012
-278.954    279.437    -0.012
-280.223    280.239    -0.012
-281.491    281.042    -0.012
-282.759    281.843    -0.013
-284.027    282.646    -0.013
-285.300    283.440    -0.013
-286.584    284.218    -0.013
-287.867    284.995    -0.013
-289.150    285.773    -0.013
-290.433    286.550    -0.013
-291.718    287.328    -0.013
-293.008    288.093    -0.013
-294.302    288.853    -0.013
-295.596    289.613    -0.013
-296.890    290.372    -0.014
-298.184    291.132    -0.014
-299.479    291.889    -0.014
-300.784    292.629    -0.014
-302.089    293.370    -0.014
-303.394    294.110    -0.014
-304.701    294.850    -0.014
-306.006    295.591    -0.014
-307.322    296.310    -0.014
-308.641    297.026    -0.014
-309.960    297.742    -0.014
-311.279    298.457    -0.015
-312.598    299.173    -0.015
-313.917    299.888    -0.015
-315.248    300.582    -0.015
-316.578    301.275    -0.015
-317.909    301.968    -0.015
-319.240    302.661    -0.015
-320.571    303.355    -0.015
-321.905    304.041    -0.015
-323.248    304.711    -0.015
-324.590    305.381    -0.016
-325.933    306.051    -0.016
-327.276    306.721    -0.016
-328.618    307.391    -0.016
-329.965    308.053    -0.016
-331.315    308.706    -0.016
-332.667    309.359    -0.016
-334.018    310.011    -0.016
-335.370    310.664    -0.016
-336.721    311.316    -0.017
-338.080    311.952    -0.017
-339.446    312.573    -0.017
-340.812    313.193    -0.017
-342.179    313.813    -0.017
-343.545    314.433    -0.017
-344.912    315.052    -0.017
-346.288    315.653    -0.017
-347.663    316.254    -0.017
-349.038    316.854    -0.017
-350.413    317.455    -0.018
-351.788    318.054    -0.018
-353.167    318.645    -0.018
-354.553    319.219    -0.018
-355.941    319.792    -0.018
-357.328    320.365    -0.018
-358.715    320.938    -0.018
-360.102    321.511    -0.018
-361.494    322.072    -0.018
-362.888    322.627    -0.018
-364.280    323.183    -0.019
-365.674    323.739    -0.019
-367.068    324.293    -0.019
-368.464    324.846    -0.019
-369.868    325.376    -0.019
-371.272    325.905    -0.019
-372.676    326.435    -0.019
-374.080    326.965    -0.019
-375.484    327.493    -0.019
-376.891    328.017    -0.020
-378.302    328.524    -0.020
-379.715    329.032    -0.020
-381.127    329.538    -0.020
-382.539    330.046    -0.020
-383.951    330.553    -0.020
-385.369    331.044    -0.020
-386.792    331.521    -0.020
-388.215    331.996    -0.020
-389.639    332.472    -0.021
-391.061    332.947    -0.021
-392.485    333.422    -0.021
-393.910    333.891    -0.021
-395.341    334.346    -0.021
-396.770    334.803    -0.021
-398.199    335.258    -0.021
-399.629    335.715    -0.021
-401.059    336.170    -0.021
-402.488    336.627    -0.022
-403.919    337.076    -0.022
-405.357    337.507    -0.022
-406.794    337.939    -0.022
-408.231    338.370    -0.022
-409.668    338.801    -0.022
-411.106    339.232    -0.022
-412.547    339.652    -0.022
-413.988    340.069    -0.023
-415.430    340.484    -0.023
-416.872    340.899    -0.023
-418.314    341.315    -0.023
-419.756    341.729    -0.023
-421.198    342.143    -0.023
-422.641    342.557    -0.023
-424.083    342.971    -0.023
-425.525    343.384    -0.023
-426.968    343.798    -0.024
-428.410    344.212    -0.024
-429.852    344.628    -0.024
-431.294    345.045    -0.024
-432.735    345.460    -0.024
-434.177    345.876    -0.024
-435.619    346.292    -0.024
-437.060    346.711    -0.024
-438.500    347.131    -0.025
-439.940    347.552    -0.025
-441.381    347.972    -0.025
-442.821    348.392    -0.025
-444.263    348.811    -0.025
-445.704    349.227    -0.025
-447.146    349.644    -0.025
-448.587    350.060    -0.025
-450.029    350.476    -0.026
-451.471    350.892    -0.026
-452.912    351.308    -0.026
-454.354    351.723    -0.026
-455.796    352.139    -0.026
-457.238    352.554    -0.026
-458.681    352.969    -0.026
-460.122    353.385    -0.026
-461.564    353.802    -0.027
-463.005    354.219    -0.027
-464.446    354.637    -0.027
-465.887    355.054    -0.027
-467.329    355.470    -0.027
-468.770    355.889    -0.027
-470.211    356.306    -0.027
-471.652    356.724    -0.027
-473.094    357.143    -0.028
-474.535    357.560    -0.028
-475.976    357.978    -0.028
-477.417    358.396    -0.028
-478.859    358.813    -0.028
-480.300    359.232    -0.028
-481.741    359.650    -0.028
-483.182    360.067    -0.028
-484.623    360.484    -0.029
-486.065    360.900    -0.029
-487.507    361.316    -0.029
-488.949    361.733    -0.029
-490.391    362.148    -0.029
-491.832    362.565    -0.029
-493.273    362.983    -0.029
-494.715    363.400    -0.030
-496.156    363.817    -0.030
-497.597    364.235    -0.030
-499.038    364.651    -0.030
-500.479    365.069    -0.030
-501.921    365.488    -0.030
-503.362    365.906    -0.030
-504.803    366.324    -0.031
-506.244    366.742    -0.031
-507.686    367.159    -0.031
-509.127    367.577    -0.031
-510.568    367.994    -0.031
-512.009    368.411    -0.031
-513.451    368.828    -0.031
-514.892    369.245    -0.031
-516.335    369.661    -0.032
-517.776    370.078    -0.032
-519.218    370.494    -0.032
-520.659    370.910    -0.032
-522.101    371.326    -0.032
-523.542    371.743    -0.032
-524.984    372.160    -0.032
-526.425    372.579    -0.033
-527.866    372.996    -0.033
-529.307    373.414    -0.033
-530.749    373.831    -0.033
-532.191    374.247    -0.033
-533.633    374.662    -0.033
-535.074    375.078    -0.033
-536.516    375.493    -0.034
-537.958    375.908    -0.034
-539.400    376.324    -0.034
-540.841    376.740    -0.034
-542.283    377.158    -0.034
-543.724    377.575    -0.034
-545.165    377.992    -0.035
-546.608    378.409    -0.035
-548.047    378.831    -0.035
-549.487    379.253    -0.035
-550.927    379.675    -0.035
-552.367    380.097    -0.035
-553.807    380.519    -0.035
-555.245    380.948    -0.036
-556.681    381.383    -0.036
-558.117    381.819    -0.036
-559.553    382.253    -0.036
-560.989    382.688    -0.036
-562.424    383.126    -0.036
-563.854    383.582    -0.036
-565.283    384.039    -0.037
-566.713    384.495    -0.037
-568.143    384.950    -0.037
-569.572    385.407    -0.037
-570.997    385.874    -0.037
-572.420    386.353    -0.037
-573.842    386.831    -0.038
-575.265    387.310    -0.038
-576.686    387.788    -0.038
-578.109    388.267    -0.038
-579.519    388.777    -0.038
-580.929    389.292    -0.038
-582.340    389.806    -0.039
-583.750    390.319    -0.039
-585.159    390.834    -0.039
-586.561    391.368    -0.039
-587.954    391.927    -0.039
-589.346    392.486    -0.039
-590.739    393.044    -0.039
-592.132    393.602    -0.040
-593.525    394.161    -0.040
-594.897    394.767    -0.040
-596.269    395.374    -0.040
-597.641    395.980    -0.040
-599.015    396.587    -0.040
-600.387    397.193    -0.041
-601.746    397.828    -0.041
-603.100    398.477    -0.041
-604.453    399.125    -0.041
-605.804    399.778    -0.041
-607.136    400.467    -0.041
-608.470    401.156    -0.042
-609.799    401.851    -0.042
-611.129    402.548    -0.042
-612.451    403.259    -0.042
-613.754    404.002    -0.042
-615.059    404.742    -0.043
-616.352    405.503    -0.043
-617.635    406.281    -0.043
-618.917    407.060    -0.043
-620.195    407.848    -0.043
-621.462    408.652    -0.043
-622.726    409.460    -0.044
-623.963    410.308    -0.044
-625.201    411.157    -0.044
-626.432    412.015    -0.044
-627.648    412.894    -0.044
-628.847    413.796    -0.044
-630.045    414.698    -0.045
-631.232    415.618    -0.045
-632.418    416.536    -0.045
-633.603    417.458    -0.045
-634.778    418.391    -0.045
-635.904    419.381    -0.045
-637.033    420.372    -0.046
-638.169    421.351    -0.046
-639.299    422.338    -0.046
-640.411    423.346    -0.046
-641.496    424.382    -0.046
-642.569    425.432    -0.047
-643.639    426.483    -0.047
-644.679    427.564    -0.047
-645.707    428.657    -0.047
-646.712    429.772    -0.047
-647.688    430.911    -0.047
-648.642    432.068    -0.048
-649.599    433.225    -0.048
-650.551    434.385    -0.048
-651.471    435.569    -0.048
-652.383    436.762    -0.048
-653.271    437.970    -0.049
-654.128    439.203    -0.049
-654.986    440.434    -0.049
-655.827    441.676    -0.049
-656.659    442.925    -0.049
-657.460    444.194    -0.049
-658.224    445.485    -0.050
-658.985    446.779    -0.050
-659.731    448.081    -0.050
-660.444    449.401    -0.050
-661.137    450.731    -0.050
-661.807    452.074    -0.050
-662.445    453.432    -0.051
-663.083    454.790    -0.051
-663.701    456.158    -0.051
-664.282    457.542    -0.051
-664.861    458.926    -0.051
-665.388    460.331    -0.051
-665.907    461.738    -0.051
-666.414    463.151    -0.052
-666.898    464.570    -0.052
-667.347    466.002    -0.052
-667.765    467.443    -0.052
-668.168    468.889    -0.052
-668.570    470.334    -0.052
-668.913    471.796    -0.053
-669.252    473.257    -0.053
-669.568    474.724    -0.053
-669.868    476.193    -0.053
-670.169    477.664    -0.053
-670.447    479.138    -0.053
-670.701    480.617    -0.053
-670.953    482.096    -0.054
-671.182    483.579    -0.054
-671.347    485.071    -0.054
-671.503    486.562    -0.054
-671.584    488.061    -0.054
-671.667    489.560    -0.054
-671.726    491.059    -0.054
-671.742    492.559    -0.054
-671.759    494.059    -0.055
-671.748    495.559    -0.055
-671.710    497.059    -0.055
-671.671    498.560    -0.055
-671.586    500.057    -0.055
-671.492    501.555    -0.055
-671.396    503.052    -0.055
-671.232    504.544    -0.055
-671.068    506.036    -0.055
-670.866    507.522    -0.056
-670.641    509.006    -0.056
-670.415    510.489    -0.056
-670.151    511.966    -0.056
-669.875    513.442    -0.056
-669.598    514.916    -0.056
-669.322    516.391    -0.056
-668.995    517.855    -0.056
-668.626    519.310    -0.056
-668.224    520.755    -0.056
-667.790    522.191    -0.056
-667.335    523.621    -0.056
-666.872    525.048    -0.057
-666.399    526.472    -0.057
-665.879    527.880    -0.057
-665.334    529.277    -0.057
-664.759    530.663    -0.057
-664.152    532.036    -0.057
-663.547    533.409    -0.057
-662.917    534.770    -0.057
-662.267    536.123    -0.057
-661.584    537.459    -0.057
-660.869    538.778    -0.057
-660.163    540.102    -0.057
-659.455    541.425    -0.057
-658.745    542.747    -0.057
-658.044    544.074    -0.057
-657.288    545.370    -0.057
-656.552    546.678    -0.057
-655.775    547.961    -0.057
-654.970    549.227    -0.057
-654.113    550.459    -0.057
-653.215    551.661    -0.057
-652.299    552.849    -0.057
-651.350    554.011    -0.057
-650.401    555.174    -0.057
-649.448    556.333    -0.057
-648.468    557.469    -0.057
-647.465    558.586    -0.057
-646.441    559.682    -0.057
-645.405    560.767    -0.057
-644.368    561.852    -0.057
-643.318    562.924    -0.057
-642.242    563.970    -0.057
-641.145    564.993    -0.057
-640.033    566.000    -0.057
-638.910    566.996    -0.057
-637.789    567.993    -0.057
-636.633    568.950    -0.057
-635.468    569.895    -0.057
-634.282    570.815    -0.057
-633.072    571.702    -0.057
-631.862    572.590    -0.057
-630.640    573.459    -0.057
-629.397    574.299    -0.057
-628.141    575.121    -0.057
-626.874    575.927    -0.057
-625.608    576.731    -0.057
-624.341    577.535    -0.057
-623.069    578.330    -0.057
-621.788    579.112    -0.057
-620.485    579.856    -0.057
-619.153    580.545    -0.057
-617.806    581.209    -0.056
-616.448    581.844    -0.056
-615.069    582.437    -0.056
-613.687    583.021    -0.056
-612.302    583.598    -0.056
-610.905    584.144    -0.056
-609.503    584.682    -0.056
-608.096    585.203    -0.056
-606.686    585.715    -0.056
-605.255    586.167    -0.056
-603.821    586.610    -0.056
-602.386    587.048    -0.056
-600.945    587.464    -0.055
-599.487    587.818    -0.055
-598.028    588.172    -0.055
-596.567    588.511    -0.055
-595.100    588.828    -0.055
-593.634    589.146    -0.055
-592.158    589.412    -0.055
-590.678    589.662    -0.055
-589.192    589.875    -0.055
-587.703    590.060    -0.054
-586.213    590.243    -0.054
-584.724    590.422    -0.054
-583.228    590.543    -0.054
-581.732    590.659    -0.054
-580.234    590.730    -0.054
-578.734    590.785    -0.054
-577.235    590.840    -0.054
-575.734    590.866    -0.053
-574.235    590.853    -0.053
-572.734    590.817    -0.053
-571.235    590.761    -0.053
-569.737    590.678    -0.053
-568.239    590.583    -0.053
-566.742    590.488    -0.053
-565.248    590.344    -0.052
-563.758    590.166    -0.052
-562.274    589.950    -0.052
-560.789    589.734    -0.052
-559.307    589.499    -0.052
-557.828    589.247    -0.052
-556.358    588.942    -0.052
-554.893    588.621    -0.051
-553.429    588.291    -0.051
-551.964    587.961    -0.051
-550.510    587.595    -0.051
-549.061    587.206    -0.051
-547.617    586.798    -0.051
-546.185    586.349    -0.050
-544.758    585.885    -0.050
-543.332    585.421    -0.050
-541.910    584.938    -0.050
-540.498    584.434    -0.050
-539.091    583.911    -0.050
-537.699    583.351    -0.049
-536.309    582.787    -0.049
-534.919    582.221    -0.049
-533.545    581.617    -0.049
-532.177    581.000    -0.049
-530.815    580.370    -0.049
-529.465    579.714    -0.048
-528.116    579.059    -0.048
-526.765    578.404    -0.048
-525.431    577.719    -0.048
-524.104    577.018    -0.048
-522.782    576.309    -0.048
-521.477    575.567    -0.047
-520.176    574.820    -0.047
-518.878    574.067    -0.047
-517.582    573.311    -0.047
-516.300    572.531    -0.047
-515.024    571.741    -0.046
-513.765    570.926    -0.046
-512.504    570.110    -0.046
-511.245    569.296    -0.046
-510.003    568.453    -0.046
-508.763    567.609    -0.046
-507.531    566.752    -0.045
-506.314    565.874    -0.045
-505.097    564.997    -0.045
-503.887    564.109    -0.045
-502.683    563.214    -0.045
-501.479    562.318    -0.045
-500.299    561.389    -0.044
-499.120    560.462    -0.044
-497.945    559.530    -0.044
-496.785    558.578    -0.044
-495.625    557.626    -0.044
-494.473    556.664    -0.044
-493.330    555.692    -0.043
-492.186    554.721    -0.043
-491.047    553.744    -0.043
-489.911    552.765    -0.043
-488.784    551.773    -0.043
-487.677    550.762    -0.042
-486.568    549.749    -0.042
-485.466    548.731    -0.042
-484.378    547.698    -0.042
-483.290    546.665    -0.042
-482.202    545.631    -0.042
-481.129    544.582    -0.041
-480.065    543.524    -0.041
-479.001    542.466    -0.041
-477.938    541.408    -0.041
-476.887    540.337    -0.041
-475.839    539.263    -0.041
-474.806    538.174    -0.040
-473.772    537.086    -0.040
-472.739    535.998    -0.040
-471.706    534.909    -0.040
-470.678    533.817    -0.040
-469.651    532.722    -0.040
-468.664    531.591    -0.039
-467.644    530.491    -0.039
-466.624    529.391    -0.039
-465.600    528.294    -0.039
-464.577    527.197    -0.039
-463.553    526.101    -0.039
-462.529    525.003    -0.038
-461.504    523.907    -0.038
-460.484    522.806    -0.038
-459.466    521.704    -0.038
-458.449    520.601    -0.038
-457.431    519.499    -0.038
-456.413    518.395    -0.037
-455.395    517.293    -0.037
-454.384    516.185    -0.037
-453.373    515.075    -0.037
-452.363    513.965    -0.037
-451.353    512.857    -0.037
-450.342    511.747    -0.036
-449.329    510.641    -0.036
-448.314    509.535    -0.036
-447.298    508.430    -0.036
-446.284    507.325    -0.036
-445.269    506.220    -0.036
-444.255    505.114    -0.036
-443.243    504.006    -0.035
-442.230    502.899    -0.035
-441.217    501.792    -0.035
-440.204    500.685    -0.035
-439.192    499.576    -0.035
-438.183    498.466    -0.035
-437.174    497.356    -0.034
-436.164    496.246    -0.034
-435.155    495.135    -0.034
-434.144    494.026    -0.034
-433.130    492.920    -0.034
-432.116    491.814    -0.034
-431.102    490.708    -0.033
-430.088    489.602    -0.033
-429.073    488.497    -0.033
-428.058    487.391    -0.033
-427.043    486.286    -0.033
-426.029    485.180    -0.033
-425.014    484.075    -0.033
-423.999    482.970    -0.032
-422.985    481.865    -0.032
-421.971    480.757    -0.032
-420.958    479.650    -0.032
-419.946    478.543    -0.032
-418.933    477.436    -0.032
-417.921    476.329    -0.032
-416.908    475.221    -0.031
-415.893    474.115    -0.031
-414.879    473.010    -0.031
-413.864    471.905    -0.031
-412.849    470.798    -0.031
-411.835    469.693    -0.031
-410.821    468.587    -0.030
-409.808    467.480    -0.030
-408.795    466.374    -0.030
-407.781    465.266    -0.030
-406.768    464.159    -0.030
-405.755    463.053    -0.030
-404.741    461.947    -0.030
-403.727    460.841    -0.029
-402.713    459.735    -0.029
-401.698    458.630    -0.029
-400.683    457.524    -0.029
-399.670    456.418    -0.029
-398.658    455.309    -0.029
-397.645    454.202    -0.029
-396.633    453.095    -0.028
-395.620    451.988    -0.028
-394.607    450.880    -0.028
-393.593    449.774    -0.028
-392.579    448.668    -0.028
-391.566    447.562    -0.028
-390.552    446.455    -0.028
-389.539    445.349    -0.027
-388.526    444.241    -0.027
-387.513    443.134    -0.027
-386.500    442.027    -0.027
-385.488    440.919    -0.027
-384.475    439.812    -0.027
-383.462    438.705    -0.027
-382.448    437.600    -0.027
-381.434    436.493    -0.026
-380.420    435.387    -0.026
-379.406    434.281    -0.026
-378.391    433.175    -0.026
-377.378    432.069    -0.026
-376.364    430.963    -0.026
-375.350    429.857    -0.026
-374.336    428.751    -0.025
-373.320    427.646    -0.025
-372.307    426.539    -0.025
-371.293    425.432    -0.025
-370.280    424.326    -0.025
-369.266    423.220    -0.025
-368.253    422.113    -0.025
-367.239    421.007    -0.025
-366.227    419.899    -0.024
-365.215    418.791    -0.024
-364.204    417.683    -0.024
-363.192    416.574    -0.024
-362.180    415.466    -0.024
-361.166    414.361    -0.024
-360.149    413.257    -0.024
-359.133    412.152    -0.023
-358.117    411.048    -0.023
-357.102    409.944    -0.023
-356.086    408.840    -0.023
-355.074    407.732    -0.023
-354.063    406.622    -0.023
-353.051    405.514    -0.023
-352.039    404.406    -0.023
-351.028    403.298    -0.022
-350.015    402.190    -0.022
-349.001    401.084    -0.022
-347.987    399.978    -0.022
-346.972    398.873    -0.022
-345.958    397.766    -0.022
-344.945    396.660    -0.022
-343.933    395.552    -0.022
-342.922    394.444    -0.021
-341.910    393.335    -0.021
-340.899    392.227    -0.021
-339.886    391.119    -0.021
-338.871    390.014    -0.021
-337.855    388.910    -0.021
-336.839    387.805    -0.021
-335.823    386.702    -0.021
-334.807    385.598    -0.020
-333.791    384.494    -0.020
-332.776    383.388    -0.020
-331.761    382.282    -0.020
-330.747    381.176    -0.020
-329.733    380.071    -0.020
-328.718    378.965    -0.020
-327.704    377.859    -0.020
-326.689    376.755    -0.020
-325.673    375.650    -0.019
-324.658    374.545    -0.019
-323.643    373.440    -0.019
-322.629    372.333    -0.019
-321.617    371.226    -0.019
-320.605    370.118    -0.019
-319.593    369.010    -0.019
-318.581    367.901    -0.019
-317.569    366.794    -0.018
-316.553    365.689    -0.018
-315.537    364.585    -0.018
-314.522    363.480    -0.018
-313.506    362.376    -0.018
-312.489    361.272    -0.018
-311.474    360.167    -0.018
-310.460    359.061    -0.018
-309.446    357.955    -0.018
-308.432    356.849    -0.017
-307.417    355.744    -0.017
-306.404    354.638    -0.017
-305.391    353.529    -0.017
-304.378    352.422    -0.017
-303.366    351.315    -0.017
-302.354    350.208    -0.017
-301.341    349.101    -0.017
-300.328    347.993    -0.017
-299.314    346.887    -0.016
-298.299    345.781    -0.016
-297.286    344.675    -0.016
-296.272    343.568    -0.016
-295.258    342.462    -0.016
-294.245    341.356    -0.016
-293.231    340.250    -0.016
-292.217    339.144    -0.016
-291.203    338.037    -0.016
-290.190    336.930    -0.016
-289.177    335.823    -0.015
-288.165    334.716    -0.015
-287.153    333.608    -0.015
-286.140    332.501    -0.015
-285.126    331.394    -0.015
-284.113    330.287    -0.015
-283.100    329.179    -0.015
-282.087    328.073    -0.015
-281.074    326.966    -0.015
-280.061    325.860    -0.014
-279.046    324.754    -0.014
-278.031    323.649    -0.014
-277.016    322.544    -0.014
-276.000    321.439    -0.014
-274.985    320.335    -0.014
-273.970    319.229    -0.014
-272.957    318.122    -0.014
-271.943    317.016    -0.014
-270.930    315.909    -0.014
-269.917    314.803    -0.013
-268.904    313.695    -0.013
-267.893    312.587    -0.013
-266.882    311.478    -0.013
-265.871    310.370    -0.013
-264.859    309.260    -0.013
-263.848    308.152    -0.013
-262.834    307.046    -0.013
-261.820    305.940    -0.013
-260.805    304.834    -0.013
-259.791    303.729    -0.013
-258.775    302.624    -0.012
-257.760    301.519    -0.012
-256.745    300.414    -0.012
-255.730    299.308    -0.012
-254.716    298.202    -0.012
-253.704    297.095    -0.012
-252.692    295.987    -0.012
-251.680    294.878    -0.012
-250.668    293.770    -0.012
-249.656    292.663    -0.012
-248.644    291.555    -0.012
-247.632    290.447    -0.011
-246.619    289.340    -0.011
-245.606    288.232    -0.011
-244.594    287.125    -0.011
-243.581    286.018    -0.011
-242.567    284.912    -0.011
-241.552    283.807    -0.011
-240.538    282.701    -0.011
-239.523    281.596    -0.011
-238.507    280.491    -0.011
-237.493    279.385    -0.011
-236.480    278.278    -0.010
-235.466    277.172    -0.010
-234.453    276.065    -0.010
-233.440    274.958    -0.010
-232.427    273.852    -0.010
-231.413    272.745    -0.010
-230.400    271.638    -0.010
-229.388    270.530    -0.010
-228.375    269.423    -0.010
-227.362    268.317    -0.010
-226.348    267.211    -0.010
-225.333    266.105    -0.010
-224.317    265.000    -0.009
-223.303    263.894    -0.009
-222.288    262.789    -0.009
-221.273    261.685    -0.009
-220.259    260.578    -0.009
-219.245    259.472    -0.009
-218.230    258.366    -0.009
-217.216    257.261    -0.009
-216.202    256.154    -0.009
-215.188    255.048    -0.009
-214.175    253.941    -0.009
-213.162    252.835    -0.009
-212.148    251.729    -0.009
-211.133    250.622    -0.008
-210.120    249.516    -0.008
-209.107    248.409    -0.008
-208.094    247.302    -0.008
-207.082    246.194    -0.008
-206.069    245.087    -0.008
-205.056    243.981    -0.008
-204.041    242.875    -0.008
-203.027    241.768    -0.008
-202.013    240.662    -0.008
-200.999    239.557    -0.008
-199.985    238.451    -0.008
-198.971    237.345    -0.008
-197.957    236.238    -0.007
-196.942    235.133    -0.007
-195.928    234.027    -0.007
-194.914    232.921    -0.007
-193.900    231.815    -0.007
-192.886    230.709    -0.007
-191.872    229.603    -0.007
-190.857    228.498    -0.007
-189.843    227.392    -0.007
-188.829    226.285    -0.007
-187.815    225.179    -0.007
-186.803    224.072    -0.007
-185.791    222.964    -0.007
-184.778    221.856    -0.007
-183.764    220.749    -0.006
-182.751    219.643    -0.006
-181.737    218.537    -0.006
-180.723    217.432    -0.006
-179.708    216.326    -0.006
-178.693    215.221    -0.006
-177.678    214.116    -0.006
-176.664    213.010    -0.006
-175.651    211.902    -0.006
-174.639    210.794    -0.006
-173.626    209.687    -0.006
-172.614    208.580    -0.006
-171.601    207.472    -0.006
-170.584    206.369    -0.006
-169.568    205.265    -0.006
-168.551    204.162    -0.006
-167.534    203.059    -0.005
-166.517    201.955    -0.005
-165.503    200.849    -0.005
-164.492    199.741    -0.005
-163.480    198.632    -0.005
-162.469    197.523    -0.005
-161.458    196.414    -0.005
-160.447    195.306    -0.005
-159.435    194.198    -0.005
-158.422    193.091    -0.005
-157.409    191.984    -0.005
-156.395    190.877    -0.005
-155.382    189.771    -0.005
-154.369    188.665    -0.005
-153.356    187.556    -0.005
-152.344    186.449    -0.005
-151.331    185.342    -0.004
-150.318    184.235    -0.004
-149.305    183.127    -0.004
-148.292    182.020    -0.004
-147.279    180.914    -0.004
-146.266    179.807    -0.004
-145.253    178.701    -0.004
-144.240    177.593    -0.004
-143.225    176.487    -0.004
-142.213    175.379    -0.004
-141.201    174.272    -0.004
-140.189    173.164    -0.004
-139.177    172.056    -0.004
-138.164    170.949    -0.004
-137.150    169.843    -0.004
-136.135    168.737    -0.004
-135.120    167.632    -0.004
-134.105    166.527    -0.004
-133.090    165.423    -0.004
-132.076    164.317    -0.003
-131.064    163.208    -0.003
-130.052    162.100    -0.003
-129.041    160.991    -0.003
-128.029    159.883    -0.003
-127.018    158.775    -0.003
-126.006    157.667    -0.003
-124.994    156.559    -0.003
-123.981    155.451    -0.003
-122.969    154.343    -0.003
-121.957    153.235    -0.003
-120.944    152.129    -0.003
-119.929    151.024    -0.003
-118.914    149.919    -0.003
-117.900    148.813    -0.003
-116.884    147.708    -0.003
-115.869    146.603    -0.003
-114.856    145.497    -0.003
-113.842    144.389    -0.003
-112.829    143.283    -0.003
-111.815    142.177    -0.003
-110.802    141.071    -0.003
-109.788    139.963    -0.002
-108.776    138.856    -0.002
-107.763    137.748    -0.002
-106.751    136.641    -0.002
-105.739    135.534    -0.002
-104.726    134.426    -0.002
-103.712    133.319    -0.002
-102.699    132.212    -0.002
-101.687    131.105    -0.002
-100.674    129.997    -0.002
-99.661    128.891    -0.002
-98.648    127.785    -0.002
-97.633    126.679    -0.002
-96.617    125.573    -0.002
-95.603    124.468    -0.002
-94.588    123.363    -0.002
-93.574    122.258    -0.002
-92.562    121.150    -0.002
-91.551    120.041    -0.002
-90.538    118.933    -0.002
-89.526    117.825    -0.002
-88.515    116.717    -0.002
-87.504    115.607    -0.002
-86.494    114.498    -0.002
-85.483    113.389    -0.002
-84.473    112.280    -0.002
-83.462    111.170    -0.002
-82.448    110.064    -0.001
-81.434    108.959    -0.001
-80.419    107.853    -0.001
-79.405    106.747    -0.001
-78.391    105.641    -0.001
-77.375    104.536    -0.001
-76.362    103.430    -0.001
-75.348    102.324    -0.001
-74.334    101.217    -0.001
-73.320    100.111    -0.001
-72.307    99.005    -0.001
-71.295    97.898    -0.001
-70.282    96.789    -0.001
-69.270    95.682    -0.001
-68.257    94.574    -0.001
-67.245    93.467    -0.001
-66.231    92.361    -0.001
-65.217    91.254    -0.001
-64.203    90.149    -0.001
-63.188    89.043    -0.001
-62.173    87.938    -0.001
-61.160    86.831    -0.001
-60.146    85.725    -0.001
-59.131    84.620    -0.001
-58.117    83.514    -0.001
-57.102    82.408    -0.001
-56.087    81.303    -0.001
-55.072    80.198    -0.001
-54.057    79.093    -0.001
-53.042    77.988    -0.001
-52.027    76.882    -0.001
-51.011    75.779    -0.001
-49.993    74.676    -0.001
-48.975    73.573    -0.001
-47.958    72.470    -0.001
-46.941    71.367    -0.001
-45.924    70.264    -0.001
-44.910    69.157    -0.001
-43.897    68.051    -0.001
-42.884    66.943    -0.000
-41.870    65.837    -0.000
-40.857    64.730    -0.000
-39.842    63.625    -0.000
-38.827    62.520    -0.000
-37.812    61.415    -0.000
-36.796    60.310    -0.000
-35.781    59.206    -0.000
-34.765    58.101    -0.000
-33.751    56.995    -0.000
-32.737    55.888    -0.000
-31.723    54.782    -0.000
-30.709    53.677    -0.000
-29.695    52.571    -0.000
-28.681    51.464    -0.000
-27.666    50.359    -0.000
-26.653    49.253    -0.000
-25.639    48.147    -0.000
-24.625    47.040    -0.000
-23.610    45.935    -0.000
-22.596    44.829    -0.000
-21.581    43.724    -0.000
-20.567    42.618    -0.000
-19.552    41.512    -0.000
-18.538    40.406    -0.000
-17.524    39.300    -0.000
-16.510    38.194    -0.000
-15.496    37.088    -0.000
-14.481    35.982    -0.000
-13.466    34.877    -0.000
-12.452    33.772    -0.000
-11.438    32.666    -0.000
-10.424    31.559    -0.000
-9.410    30.453    -0.000
-8.396    29.348    -0.000
-7.381    28.242    -0.000
-6.369    27.133    -0.000
-5.358    26.025    -0.000
-4.346    24.917    -0.000
-3.335    23.809    -0.000
-2.323    22.700    -0.000
-1.310    21.593    -0.000
-0.295    20.488    -0.000
0.720    19.383    -0.000
1.735    18.279    -0.000
2.750    17.173    -0.000
3.765    16.068    -0.000
4.777    14.960    -0.000
5.788    13.851    -0.000
6.798    12.740    -0.000
7.808    11.631    -0.000
8.818    10.522    -0.000
9.829    9.414    -0.000
10.843    8.307    -0.000
11.858    7.201    -0.000
12.872    6.095    -0.000
13.886    4.990    -0.000
14.900    3.884    -0.000
15.913    2.776    -0.000
16.926    1.670    -0.000
17.939    0.563    -0.000
18.952    -0.544    -0.000
19.965    -1.652    -0.000
20.978    -2.759    -0.000
21.990    -3.866    -0.000
23.003    -4.973    -0.000
24.015    -6.081    -0.000
25.028    -7.188    -0.000
26.042    -8.295    -0.000
27.056    -9.401    -0.000
28.070    -10.506    -0.000
29.085    -11.612    -0.000
30.099    -12.718    -0.000
31.114    -13.823    -0.000
32.129    -14.928    -0.000
33.142    -16.036    -0.000
34.156    -17.142    -0.000
35.169    -18.248    -0.000
36.183    -19.354    -0.000
37.197    -20.460    -0.000
38.209    -21.568    -0.000
39.223    -22.675    -0.000
40.235    -23.783    -0.000
41.247    -24.890    -0.000
42.260    -25.998    -0.000
43.273    -27.105    -0.000
44.287    -28.210    -0.000
45.301    -29.316    -0.000
46.316    -30.423    -0.000
47.330    -31.529    -0.000
48.343    -32.635    -0.000
49.357    -33.741    -0.000
50.370    -34.847    -0.000
51.384    -35.954    -0.000
52.399    -37.060    -0.000
53.413    -38.166    -0.000
54.426    -39.272    -0.000
55.440    -40.379    -0.000
56.453    -41.486    -0.000
57.466    -42.592    -0.000
58.480    -43.698    -0.000
59.494    -44.806    -0.000
60.507    -45.913    -0.000
61.520    -47.019    -0.000
62.533    -48.126    -0.000
63.546    -49.232    -0.001
64.559    -50.340    -0.001
65.572    -51.447    -0.001
66.585    -52.554    -0.001
67.597    -53.662    -0.001
68.609    -54.770    -0.001
69.622    -55.877    -0.001
70.634    -56.984    -0.001
71.646    -58.092    -0.001
72.659    -59.200    -0.001
73.671    -60.308    -0.001
74.684    -61.415    -0.001
75.698    -62.521    -0.001
76.713    -63.626    -0.001
77.728    -64.731    -0.001
78.743    -65.836    -0.001
79.759    -66.941    -0.001
80.774    -68.046    -0.001
81.787    -69.153    -0.001
82.800    -70.260    -0.001
83.813    -71.366    -0.001
84.827    -72.472    -0.001
85.841    -73.579    -0.001
86.855    -74.686    -0.001
87.869    -75.791    -0.001
88.884    -76.896    -0.001
89.898    -78.001    -0.001
90.913    -79.108    -0.001
91.928    -80.213    -0.001
92.942    -81.319    -0.001
93.956    -82.424    -0.001
94.970    -83.531    -0.001
95.985    -84.637    -0.001
96.999    -85.742    -0.001
98.013    -86.848    -0.001
99.026    -87.954    -0.001
100.041    -89.061    -0.001
101.055    -90.167    -0.001
102.068    -91.273    -0.001
103.082    -92.379    -0.002
104.094    -93.488    -0.002
105.106    -94.596    -0.002
106.118    -95.703    -0.002
107.131    -96.810    -0.002
108.143    -97.918    -0.002
109.157    -99.025    -0.002
110.170    -100.131    -0.002
111.184    -101.237    -0.002
112.198    -102.343    -0.002
113.212    -103.450    -0.002
114.227    -104.556    -0.002
115.241    -105.661    -0.002
116.255    -106.766    -0.002
117.270    -107.873    -0.002
118.284    -108.978    -0.002
119.299    -110.083    -0.002
120.315    -111.188    -0.002
121.329    -112.293    -0.002
122.344    -113.399    -0.002
123.359    -114.505    -0.002
124.374    -115.609    -0.002
125.387    -116.716    -0.002
126.399    -117.825    -0.002
127.412    -118.932    -0.002
128.424    -120.039    -0.002
129.436    -121.147    -0.002
130.449    -122.254    -0.003
131.462    -123.361    -0.003
132.476    -124.467    -0.003
133.490    -125.574    -0.003
134.503    -126.680    -0.003
135.516    -127.788    -0.003
136.529    -128.894    -0.003
137.542    -130.001    -0.003
138.555    -131.108    -0.003
139.567    -132.216    -0.003
140.581    -133.323    -0.003
141.594    -134.429    -0.003
142.608    -135.536    -0.003
143.621    -136.642    -0.003
144.634    -137.750    -0.003
145.647    -138.856    -0.003
146.661    -139.962    -0.003
147.676    -141.068    -0.003
148.691    -142.174    -0.003
149.705    -143.279    -0.003
150.720    -144.384    -0.003
151.735    -145.489    -0.003
152.749    -146.595    -0.004
153.760    -147.705    -0.004
154.770    -148.814    -0.004
155.780    -149.924    -0.004
156.790    -151.033    -0.004
157.801    -152.143    -0.004
158.814    -153.249    -0.004
159.831    -154.352    -0.004
160.849    -155.455    -0.004
161.866    -156.559    -0.004
162.883    -157.662    -0.004
163.898    -158.767    -0.004
164.911    -159.874    -0.004
165.923    -160.981    -0.004
166.935    -162.090    -0.004
167.949    -163.197    -0.004
168.961    -164.304    -0.004
169.973    -165.411    -0.004
170.985    -166.520    -0.004
171.997    -167.627    -0.005
173.009    -168.735    -0.005
174.022    -169.842    -0.005
175.035    -170.950    -0.005
176.048    -172.057    -0.005
177.061    -173.164    -0.005
178.074    -174.270    -0.005
179.087    -175.378    -0.005
180.100    -176.485    -0.005
181.115    -177.590    -0.005
182.130    -178.695    -0.005
183.145    -179.799    -0.005
184.161    -180.905    -0.005
185.176    -182.010    -0.005
186.190    -183.115    -0.005
187.202    -184.223    -0.005
188.214    -185.332    -0.005
189.225    -186.441    -0.006
190.236    -187.549    -0.006
191.248    -188.657    -0.006
192.261    -189.764    -0.006
193.276    -190.869    -0.006
194.292    -191.974    -0.006
195.306    -193.079    -0.006
196.321    -194.184    -0.006
197.335    -195.291    -0.006
198.347    -196.399    -0.006
199.358    -197.507    -0.006
200.369    -198.615    -0.006
201.382    -199.724    -0.006
202.394    -200.831    -0.006
203.409    -201.936    -0.006
204.424    -203.041    -0.007
205.439    -204.146    -0.007
206.453    -205.253    -0.007
207.469    -206.358    -0.007
208.481    -207.466    -0.007
209.492    -208.574    -0.007
210.503    -209.683    -0.007
211.514    -210.791    -0.007
212.525    -211.900    -0.007
213.538    -213.007    -0.007
214.554    -214.113    -0.007
215.570    -215.217    -0.007
216.585    -216.321    -0.007
217.601    -217.425    -0.007
218.617    -218.529    -0.007
219.632    -219.635    -0.008
220.646    -220.741    -0.008
221.662    -221.846    -0.008
222.677    -222.951    -0.008
223.691    -224.057    -0.008
224.705    -225.162    -0.008
225.716    -226.271    -0.008
226.726    -227.380    -0.008
227.738    -228.490    -0.008
228.748    -229.599    -0.008
229.759    -230.708    -0.008
230.772    -231.814    -0.008
231.787    -232.920    -0.008
232.801    -234.026    -0.009
233.815    -235.132    -0.009
234.830    -236.237    -0.009
235.845    -237.343    -0.009
236.861    -238.448    -0.009
237.876    -239.552    -0.009
238.892    -240.656    -0.009
239.908    -241.760    -0.009
240.924    -242.864    -0.009
241.939    -243.970    -0.009
242.953    -245.076    -0.009
243.967    -246.182    -0.009
244.981    -247.288    -0.010
245.995    -248.394    -0.010
247.009    -249.500    -0.010
248.022    -250.607    -0.010
249.036    -251.714    -0.010
250.049    -252.821    -0.010
251.062    -253.928    -0.010
252.075    -255.035    -0.010
253.090    -256.140    -0.010
254.105    -257.244    -0.010
255.119    -258.351    -0.010
256.135    -259.456    -0.010
257.150    -260.561    -0.011
258.164    -261.666    -0.011
259.176    -262.774    -0.011
260.189    -263.881    -0.011
261.202    -264.988    -0.011
262.216    -266.095    -0.011
263.228    -267.202    -0.011
264.242    -268.309    -0.011
265.255    -269.415    -0.011
266.269    -270.521    -0.011
267.283    -271.627    -0.011
268.297    -272.734    -0.011
269.313    -273.839    -0.012
270.329    -274.942    -0.012
271.345    -276.046    -0.012
272.362    -277.150    -0.012
273.378    -278.254    -0.012
274.394    -279.358    -0.012
275.403    -280.469    -0.012
276.413    -281.579    -0.012
277.421    -282.691    -0.012
278.430    -283.801    -0.012
279.439    -284.911    -0.012
280.449    -286.021    -0.013
281.461    -287.130    -0.013
282.473    -288.238    -0.013
283.484    -289.346    -0.013
284.495    -290.454    -0.013
285.508    -291.563    -0.013
286.522    -292.668    -0.013
287.535    -293.774    -0.013
288.550    -294.880    -0.013
289.564    -295.986    -0.013
290.578    -297.093    -0.014
291.592    -298.198    -0.014
292.607    -299.304    -0.014
293.621    -300.409    -0.014
294.635    -301.516    -0.014
295.650    -302.621    -0.014
296.663    -303.728    -0.014
297.674    -304.837    -0.014
298.685    -305.946    -0.014
299.696    -307.055    -0.014
300.707    -308.163    -0.015
301.720    -309.271    -0.015
302.737    -310.373    -0.015
303.755    -311.477    -0.015
304.773    -312.579    -0.015
305.790    -313.682    -0.015
306.808    -314.784    -0.015
307.822    -315.891    -0.015
308.834    -316.998    -0.015
309.847    -318.106    -0.015
310.859    -319.213    -0.016
311.871    -320.320    -0.016
312.885    -321.428    -0.016
313.898    -322.534    -0.016
314.913    -323.639    -0.016
315.928    -324.745    -0.016
316.942    -325.852    -0.016
317.956    -326.957    -0.016
318.970    -328.063    -0.016
319.985    -329.168    -0.017
320.999    -330.274    -0.017
322.014    -331.379    -0.017
323.029    -332.485    -0.017
324.042    -333.592    -0.017
325.054    -334.699    -0.017
326.066    -335.807    -0.017
327.079    -336.914    -0.017
328.091    -338.022    -0.017
329.106    -339.127    -0.018
330.121    -340.233    -0.018
331.135    -341.339    -0.018
332.149    -342.445    -0.018
333.164    -343.550    -0.018
334.179    -344.655    -0.018
335.194    -345.761    -0.018
336.209    -346.866    -0.018
337.225    -347.970    -0.018
338.240    -349.075    -0.019
339.254    -350.182    -0.019
340.266    -351.290    -0.019
341.277    -352.398    -0.019
342.288    -353.506    -0.019
343.301    -354.615    -0.019
344.312    -355.723    -0.019
345.325    -356.830    -0.019
346.337    -357.937    -0.019
347.350    -359.044    -0.020
348.362    -360.152    -0.020
349.375    -361.259    -0.020
350.388    -362.366    -0.020
351.401    -363.473    -0.020
352.414    -364.581    -0.020
353.427    -365.687    -0.020
354.440    -366.794    -0.020
355.454    -367.900    -0.021
356.470    -369.006    -0.021
357.485    -370.110    -0.021
358.500    -371.215    -0.021
359.516    -372.320    -0.021
360.530    -373.425    -0.021
361.543    -374.532    -0.021
362.557    -375.638    -0.021
363.572    -376.744    -0.022
364.586    -377.850    -0.022
365.599    -378.957    -0.022
366.611    -380.065    -0.022
367.624    -381.172    -0.022
368.636    -382.279    -0.022
369.649    -383.387    -0.022
370.663    -384.494    -0.022
371.677    -385.599    -0.023
372.692    -386.704    -0.023
373.707    -387.809    -0.023
374.722    -388.915    -0.023
375.737    -390.020    -0.023
376.750    -391.126    -0.023
377.764    -392.233    -0.023
378.776    -393.341    -0.023
379.789    -394.448    -0.024
380.802    -395.555    -0.024
381.814    -396.662    -0.024
382.827    -397.769    -0.024
383.840    -398.877    -0.024
384.853    -399.984    -0.024
385.865    -401.092    -0.024
386.877    -402.199    -0.024
387.888    -403.308    -0.025
388.900    -404.416    -0.025
389.912    -405.524    -0.025
390.924    -406.632    -0.025
391.936    -407.741    -0.025
392.947    -408.849    -0.025
393.958    -409.958    -0.025
394.969    -411.066    -0.026
395.980    -412.176    -0.026
396.992    -413.284    -0.026
398.005    -414.391    -0.026
399.019    -415.496    -0.026
400.034    -416.602    -0.026
401.048    -417.708    -0.026
402.062    -418.813    -0.026
403.077    -419.919    -0.027
404.091    -421.025    -0.027
405.103    -422.133    -0.027
406.116    -423.240    -0.027
407.130    -424.346    -0.027
408.143    -425.453    -0.027
409.158    -426.559    -0.027
410.174    -427.663    -0.028
411.189    -428.768    -0.028
412.204    -429.873    -0.028
413.220    -430.977    -0.028
414.232    -432.085    -0.028
415.243    -433.193    -0.028
416.255    -434.301    -0.028
417.267    -435.409    -0.029
418.279    -436.518    -0.029
419.290    -437.626    -0.029
420.301    -438.735    -0.029
421.312    -439.843    -0.029
422.324    -440.952    -0.029
423.336    -442.060    -0.029
424.348    -443.168    -0.030
425.360    -444.275    -0.030
426.373    -445.384    -0.030
427.385    -446.490    -0.030
428.398    -447.597    -0.030
429.411    -448.704    -0.030
430.427    -449.810    -0.030
431.442    -450.914    -0.031
432.458    -452.019    -0.031
433.473    -453.123    -0.031
434.489    -454.228    -0.031
435.504    -455.334    -0.031
436.518    -456.439    -0.031
437.533    -457.545    -0.031
438.547    -458.650    -0.032
439.562    -459.755    -0.032
440.575    -460.862    -0.032
441.586    -461.971    -0.032
442.596    -463.080    -0.032
443.608    -464.189    -0.032
444.618    -465.299    -0.033
445.628    -466.408    -0.033
446.635    -467.521    -0.033
447.641    -468.635    -0.033
448.647    -469.748    -0.033
449.654    -470.860    -0.033
450.662    -471.972    -0.033
451.681    -473.074    -0.034
452.700    -474.175    -0.034
453.719    -475.277    -0.034
454.738    -476.378    -0.034
455.754    -477.481    -0.034
456.770    -478.587    -0.034
457.785    -479.692    -0.035
458.800    -480.797    -0.035
459.815    -481.901    -0.035
460.830    -483.006    -0.035
461.844    -484.113    -0.035
462.858    -485.219    -0.035
463.873    -486.325    -0.035
464.886    -487.431    -0.036
465.900    -488.538    -0.036
466.914    -489.644    -0.036
467.924    -490.753    -0.036
468.935    -491.862    -0.036
469.946    -492.972    -0.036
470.957    -494.081    -0.037
471.967    -495.189    -0.037
472.976    -496.300    -0.037
473.980    -497.416    -0.037
474.985    -498.530    -0.037
475.991    -499.644    -0.037
477.003    -500.750    -0.038
478.029    -501.846    -0.038
479.020    -502.972    -0.038
480.012    -504.098    -0.038
481.004    -505.225    -0.038
481.996    -506.350    -0.038
482.987    -507.477    -0.039
483.963    -508.616    -0.039
484.940    -509.755    -0.039
485.914    -510.897    -0.039
486.885    -512.041    -0.039
487.855    -513.186    -0.039
488.817    -514.336    -0.040
489.769    -515.497    -0.040
490.720    -516.658    -0.040
491.659    -517.828    -0.040
492.589    -519.005    -0.040
493.521    -520.182    -0.040
494.435    -521.372    -0.041
495.347    -522.564    -0.041
496.254    -523.759    -0.041
497.148    -524.964    -0.041
498.043    -526.169    -0.041
498.934    -527.376    -0.041
499.814    -528.592    -0.042
500.692    -529.808    -0.042
501.560    -531.032    -0.042
502.422    -532.260    -0.042
503.284    -533.489    -0.042
504.121    -534.734    -0.042
504.958    -535.979    -0.043
505.817    -537.210    -0.043
506.627    -538.473    -0.043
507.423    -539.744    -0.043
508.219    -541.017    -0.043
508.994    -542.302    -0.043
509.764    -543.589    -0.044
510.511    -544.891    -0.044
511.259    -546.191    -0.044
512.005    -547.493    -0.044
512.734    -548.804    -0.044
513.458    -550.120    -0.044
514.180    -551.435    -0.045
514.863    -552.771    -0.045
515.547    -554.106    -0.045
516.227    -555.444    -0.045
516.878    -556.796    -0.045
517.520    -558.152    -0.045
518.144    -559.516    -0.046
518.754    -560.887    -0.046
519.365    -562.258    -0.046
519.956    -563.638    -0.046
520.535    -565.022    -0.046
521.082    -566.419    -0.046
521.605    -567.825    -0.047
522.120    -569.235    -0.047
522.625    -570.647    -0.047
523.100    -572.071    -0.047
523.564    -573.498    -0.047
524.009    -574.931    -0.047
524.415    -576.375    -0.048
524.822    -577.820    -0.048
525.202    -579.271    -0.048
525.558    -580.728    -0.048
525.900    -582.190    -0.048
526.225    -583.654    -0.048
526.548    -585.120    -0.049
526.860    -586.588    -0.049
527.137    -588.062    -0.049
527.404    -589.539    -0.049
527.631    -591.022    -0.049
527.841    -592.508    -0.049
528.050    -593.994    -0.050
528.222    -595.485    -0.050
528.394    -596.975    -0.050
528.504    -598.471    -0.050
528.588    -599.969    -0.050
528.664    -601.467    -0.050
528.722    -602.967    -0.050
528.779    -604.467    -0.051
528.831    -605.966    -0.051
528.801    -607.467    -0.051
528.772    -608.966    -0.051
528.742    -610.467    -0.051
528.640    -611.963    -0.051
528.533    -613.461    -0.051
528.427    -614.957    -0.052
528.236    -616.446    -0.052
528.033    -617.932    -0.052
527.818    -619.417    -0.052
527.585    -620.899    -0.052
527.363    -622.383    -0.052
527.141    -623.867    -0.052
526.870    -625.343    -0.052
526.560    -626.811    -0.053
526.217    -628.271    -0.053
525.874    -629.732    -0.053
525.518    -631.191    -0.053
525.153    -632.646    -0.053
524.768    -634.096    -0.053
524.358    -635.539    -0.053
523.882    -636.962    -0.053
523.389    -638.379    -0.054
522.879    -639.790    -0.054
522.345    -641.192    -0.054
521.796    -642.589    -0.054
521.213    -643.971    -0.054
520.620    -645.350    -0.054
520.014    -646.722    -0.054
519.400    -648.092    -0.054
518.757    -649.447    -0.054
518.071    -650.782    -0.054
517.371    -652.109    -0.054
516.609    -653.401    -0.054
515.835    -654.686    -0.055
515.032    -655.953    -0.055
514.218    -657.215    -0.055
513.390    -658.466    -0.055
512.574    -659.725    -0.055
511.747    -660.976    -0.055
510.887    -662.207    -0.055
510.004    -663.420    -0.055
509.100    -664.617    -0.055
508.186    -665.807    -0.055
507.268    -666.994    -0.055
506.327    -668.162    -0.055
505.375    -669.323    -0.055
504.385    -670.450    -0.055
503.376    -671.561    -0.055
502.363    -672.667    -0.055
501.345    -673.770    -0.055
500.317    -674.863    -0.055
499.262    -675.928    -0.055
498.202    -676.991    -0.055
497.058    -677.963    -0.055
495.914    -678.934    -0.056
494.762    -679.894    -0.056
493.594    -680.836    -0.056
492.405    -681.752    -0.056
491.217    -682.668    -0.056
490.031    -683.588    -0.056
488.820    -684.473    -0.056
487.589    -685.331    -0.056
486.341    -686.165    -0.056
485.092    -686.996    -0.056
483.826    -687.801    -0.056
482.559    -688.605    -0.056
481.276    -689.383    -0.056
479.993    -690.162    -0.056
478.697    -690.918    -0.055
477.392    -691.656    -0.055
476.054    -692.338    -0.055
474.710    -693.004    -0.055
473.356    -693.651    -0.055
471.995    -694.281    -0.055
470.617    -694.875    -0.055
469.231    -695.451    -0.055
467.834    -696.001    -0.055
466.427    -696.521    -0.055
465.014    -697.024    -0.055
463.590    -697.498    -0.055
462.153    -697.930    -0.055
460.712    -698.348    -0.055
459.274    -698.779    -0.055
457.832    -699.191    -0.055
456.376    -699.551    -0.055
454.918    -699.911    -0.055
453.458    -700.255    -0.055
451.988    -700.557    -0.055
450.514    -700.837    -0.055
449.034    -701.085    -0.054
447.554    -701.329    -0.054
446.073    -701.572    -0.054
444.582    -701.735    -0.054
443.089    -701.886    -0.054
441.593    -702.010    -0.054
440.098    -702.133    -0.054
438.602    -702.256    -0.054
437.104    -702.338    -0.054
435.605    -702.399    -0.054
434.105    -702.426    -0.054
432.604    -702.444    -0.053
431.104    -702.454    -0.053
429.604    -702.431    -0.053
428.105    -702.352    -0.053
426.608    -702.253    -0.053
425.113    -702.132    -0.053
423.620    -701.984    -0.053
422.128    -701.816    -0.053
420.640    -701.632    -0.053
419.152    -701.437    -0.052
417.666    -701.223    -0.052
416.182    -700.999    -0.052
414.702    -700.757    -0.052
413.232    -700.458    -0.052
411.768    -700.124    -0.052
410.307    -699.788    -0.052
408.844    -699.456    -0.052
407.383    -699.111    -0.051
405.927    -698.751    -0.051
404.477    -698.366    -0.051
403.031    -697.965    -0.051
401.595    -697.529    -0.051
400.182    -697.023    -0.051
398.796    -696.452    -0.051
397.428    -695.833    -0.050
396.057    -695.223    -0.050
394.693    -694.599    -0.050
393.331    -693.968    -0.050
391.968    -693.342    -0.050
390.625    -692.675    -0.050
389.290    -691.989    -0.050
387.955    -691.302    -0.049
386.632    -690.593    -0.049
385.299    -689.907    -0.049
383.985    -689.183    -0.049
382.690    -688.425    -0.049
381.413    -687.637    -0.049
380.161    -686.810    -0.048
378.916    -685.973    -0.048
377.674    -685.130    -0.048
376.455    -684.256    -0.048
375.235    -683.382    -0.048
374.015    -682.507    -0.048
372.827    -681.591    -0.047
371.654    -680.656    -0.047
370.509    -679.687    -0.047
369.389    -678.688    -0.047
368.281    -677.676    -0.047
367.178    -676.659    -0.047
366.115    -675.600    -0.046
365.054    -674.539    -0.046
363.994    -673.476    -0.046
362.966    -672.384    -0.046
361.940    -671.289    -0.046
360.922    -670.188    -0.046
359.954    -669.040    -0.045
358.997    -667.884    -0.045
358.056    -666.715    -0.045
357.127    -665.537    -0.045
356.196    -664.360    -0.045
355.279    -663.173    -0.044
354.398    -661.958    -0.044
353.533    -660.732    -0.044
352.695    -659.487    -0.044
351.876    -658.230    -0.044
351.057    -656.973    -0.044
350.262    -655.700    -0.043
349.481    -654.419    -0.043
348.704    -653.136    -0.043
347.977    -651.823    -0.043
347.248    -650.511    -0.043
346.521    -649.199    -0.043
345.837    -647.863    -0.042
345.158    -646.525    -0.042
344.480    -645.187    -0.042
343.851    -643.824    -0.042
343.225    -642.460    -0.042
342.599    -641.096    -0.042
342.018    -639.712    -0.041
341.443    -638.327    -0.041
340.871    -636.940    -0.041
340.341    -635.536    -0.041
339.811    -634.132    -0.041
339.289    -632.725    -0.041
338.799    -631.308    -0.040
338.308    -629.889    -0.040
337.833    -628.466    -0.040
337.375    -627.037    -0.040
336.917    -625.608    -0.040
336.490    -624.170    -0.040
336.086    -622.725    -0.039
335.684    -621.279    -0.039
335.297    -619.829    -0.039
334.910    -618.380    -0.039
334.524    -616.930    -0.039
334.173    -615.471    -0.039
333.838    -614.009    -0.038
333.503    -612.545    -0.038
333.193    -611.077    -0.038
332.886    -609.609    -0.038
332.579    -608.140    -0.038
332.296    -606.666    -0.038
332.017    -605.191    -0.037
331.747    -603.715    -0.037
331.535    -602.230    -0.037
331.323    -600.745    -0.037
331.112    -599.260    -0.037
330.906    -597.773    -0.037
330.701    -596.287    -0.037
330.510    -594.798    -0.036
330.332    -593.308    -0.036
330.153    -591.819    -0.036
329.984    -590.327    -0.036
329.826    -588.835    -0.036
329.668    -587.343    -0.036
329.527    -585.849    -0.035
329.394    -584.354    -0.035
329.261    -582.860    -0.035
329.160    -581.363    -0.035
329.071    -579.865    -0.035
328.981    -578.367    -0.035
328.886    -576.870    -0.035
328.792    -575.372    -0.035
328.698    -573.875    -0.034
328.612    -572.377    -0.034
328.526    -570.879    -0.034
328.444    -569.379    -0.034
328.380    -567.880    -0.034
328.317    -566.381    -0.034
328.253    -564.882    -0.034
328.189    -563.383    -0.033
328.124    -561.884    -0.033
328.069    -560.384    -0.033
328.030    -558.884    -0.033
327.992    -557.385    -0.033
327.953    -555.884    -0.033
327.921    -554.384    -0.033
327.892    -552.884    -0.032
327.864    -551.383    -0.032
327.833    -549.884    -0.032
327.802    -548.383    -0.032
327.770    -546.883    -0.032
327.738    -545.383    -0.032
327.707    -543.882    -0.032
327.676    -542.382    -0.032
327.645    -540.882    -0.031
327.615    -539.382    -0.031
327.583    -537.882    -0.031
327.553    -536.381    -0.031
327.522    -534.881    -0.031
327.496    -533.381    -0.031
327.469    -531.880    -0.031
327.443    -530.381    -0.031
327.415    -528.880    -0.030
327.389    -527.380    -0.030
327.362    -525.879    -0.030
327.335    -524.379    -0.030
327.307    -522.879    -0.030
327.280    -521.378    -0.030
327.251    -519.878    -0.030
327.224    -518.377    -0.030
327.196    -516.878    -0.029
327.168    -515.378    -0.029
327.139    -513.877    -0.029
327.110    -512.377    -0.029
327.081    -510.876    -0.029
327.053    -509.376    -0.029
327.027    -507.876    -0.029
327.001    -506.375    -0.029
326.975    -504.875    -0.028
326.947    -503.375    -0.028
326.919    -501.875    -0.028
326.891    -500.375    -0.028
326.866    -498.874    -0.028
326.841    -497.374    -0.028
326.815    -495.873    -0.028
326.787    -494.373    -0.028
326.757    -492.873    -0.027
326.728    -491.372    -0.027
326.699    -489.873    -0.027
326.670    -488.372    -0.027
326.640    -486.872    -0.027
326.615    -485.372    -0.027
326.590    -483.871    -0.027
326.566    -482.371    -0.027
326.542    -480.870    -0.027
326.518    -479.370    -0.026
326.492    -477.869    -0.026
326.468    -476.369    -0.026
326.444    -474.869    -0.026
326.419    -473.369    -0.026
326.393    -471.869    -0.026
326.367    -470.368    -0.026
326.342    -468.868    -0.026
326.317    -467.367    -0.026
326.292    -465.867    -0.025
326.268    -464.367    -0.025
326.243    -462.866    -0.025
326.217    -461.366    -0.025
326.192    -459.865    -0.025
326.168    -458.365    -0.025
326.143    -456.865    -0.025
326.118    -455.365    -0.025
326.091    -453.865    -0.025
326.066    -452.364    -0.024
326.040    -450.864    -0.024
326.013    -449.363    -0.024
325.968    -447.863    -0.024
325.923    -446.364    -0.024
325.877    -444.864    -0.024
325.831    -443.364    -0.024
325.786    -441.864    -0.024
325.735    -440.365    -0.024
325.660    -438.866    -0.023
325.579    -437.367    -0.023
325.495    -435.869    -0.023
325.378    -434.374    -0.023
325.263    -432.878    -0.023
325.114    -431.384    -0.023
324.961    -429.891    -0.023
324.808    -428.399    -0.023
324.653    -426.906    -0.023
324.493    -425.415    -0.022
324.321    -423.924    -0.022
324.149    -422.434    -0.022
323.994    -420.941    -0.022
323.840    -419.448    -0.022
323.670    -417.958    -0.022
323.467    -416.470    -0.022
323.253    -414.985    -0.022
323.014    -413.504    -0.022
322.765    -412.025    -0.022
322.515    -410.545    -0.021
322.253    -409.067    -0.021
321.988    -407.590    -0.021
321.740    -406.111    -0.021
321.449    -404.639    -0.021
321.157    -403.166    -0.021
320.862    -401.696    -0.021
320.551    -400.228    -0.021
320.231    -398.761    -0.021
319.891    -397.300    -0.020
319.549    -395.839    -0.020
319.207    -394.378    -0.020
318.850    -392.921    -0.020
318.475    -391.467    -0.020
318.088    -390.018    -0.020
317.686    -388.572    -0.020
317.288    -387.126    -0.020
316.889    -385.679    -0.020
316.472    -384.238    -0.019
316.044    -382.799    -0.019
315.613    -381.362    -0.019
315.181    -379.925    -0.019
314.748    -378.488    -0.019
314.317    -377.051    -0.019
313.864    -375.620    -0.019
313.407    -374.192    -0.019
312.945    -372.764    -0.019
312.457    -371.344    -0.018
311.969    -369.926    -0.018
311.477    -368.508    -0.018
310.973    -367.095    -0.018
310.462    -365.684    -0.018
309.932    -364.280    -0.018
309.397    -362.878    -0.018
308.862    -361.477    -0.018
308.307    -360.082    -0.018
307.740    -358.692    -0.018
307.177    -357.302    -0.017
306.574    -355.927    -0.017
305.966    -354.557    -0.017
305.356    -353.185    -0.017
304.734    -351.820    -0.017
304.105    -350.457    -0.017
303.470    -349.098    -0.017
302.831    -347.740    -0.017
302.191    -346.383    -0.017
301.546    -345.028    -0.016
300.887    -343.680    -0.016
300.228    -342.332    -0.016
299.567    -340.985    -0.016
298.903    -339.639    -0.016
298.239    -338.294    -0.016
297.554    -336.958    -0.016
296.850    -335.633    -0.016
296.145    -334.309    -0.016
295.429    -332.991    -0.016
294.705    -331.676    -0.015
293.980    -330.362    -0.015
293.233    -329.061    -0.015
292.480    -327.763    -0.015
291.723    -326.467    -0.015
290.943    -325.186    -0.015
290.162    -323.905    -0.015
289.376    -322.626    -0.015
288.581    -321.353    -0.015
287.785    -320.082    -0.015
286.973    -318.820    -0.014
286.153    -317.563    -0.014
285.333    -316.306    -0.014
284.495    -315.061    -0.014
283.654    -313.818    -0.014
282.813    -312.576    -0.014
281.961    -311.341    -0.014
281.109    -310.106    -0.014
280.253    -308.873    -0.014
279.382    -307.651    -0.014
278.511    -306.429    -0.013
277.635    -305.211    -0.013
276.746    -304.002    -0.013
275.857    -302.794    -0.013
274.962    -301.589    -0.013
274.064    -300.387    -0.013
273.165    -299.185    -0.013
272.238    -298.005    -0.013
271.307    -296.829    -0.013
270.375    -295.653    -0.013
269.406    -294.507    -0.013
268.435    -293.364    -0.012
267.458    -292.224    -0.012
266.465    -291.100    -0.012
265.471    -289.975    -0.012
264.475    -288.852    -0.012
263.476    -287.733    -0.012
262.477    -286.613    -0.012
261.469    -285.502    -0.012
260.456    -284.395    -0.012
259.443    -283.289    -0.012
258.430    -282.180    -0.011
257.420    -281.071    -0.011
256.409    -279.962    -0.011
255.399    -278.853    -0.011
254.388    -277.744    -0.011
253.378    -276.634    -0.011
252.367    -275.525    -0.011
251.356    -274.416    -0.011
250.345    -273.308    -0.011
249.329    -272.203    -0.011
248.313    -271.100    -0.011
247.296    -269.996    -0.011
246.284    -268.887    -0.010
245.274    -267.777    -0.010
244.262    -266.670    -0.010
243.250    -265.562    -0.010
242.238    -264.455    -0.010
241.225    -263.347    -0.010
240.213    -262.240    -0.010
239.200    -261.132    -0.010
238.187    -260.025    -0.010
237.175    -258.917    -0.010
236.162    -257.811    -0.010
235.149    -256.704    -0.010
234.136    -255.597    -0.009
233.122    -254.490    -0.009
232.110    -253.381    -0.009
231.098    -252.274    -0.009
230.087    -251.166    -0.009
229.075    -250.058    -0.009
228.063    -248.950    -0.009
227.047    -247.845    -0.009
226.031    -246.741    -0.009
225.015    -245.637    -0.009
223.999    -244.533    -0.009
222.983    -243.428    -0.009
221.969    -242.323    -0.008
220.956    -241.216    -0.008
219.943    -240.110    -0.008
218.929    -239.002    -0.008
217.916    -237.895    -0.008
216.903    -236.788    -0.008
215.889    -235.682    -0.008
214.876    -234.575    -0.008
213.862    -233.469    -0.008
212.848    -232.362    -0.008
211.834    -231.256    -0.008
210.821    -230.150    -0.008
209.809    -229.042    -0.008
208.796    -227.935    -0.008
207.784    -226.828    -0.007
206.771    -225.721    -0.007
205.758    -224.613    -0.007
204.743    -223.507    -0.007
203.729    -222.401    -0.007
202.715    -221.296    -0.007
201.701    -220.190    -0.007
200.687    -219.084    -0.007
199.673    -217.978    -0.007
198.658    -216.872    -0.007
197.644    -215.767    -0.007
196.630    -214.660    -0.007
195.616    -213.554    -0.007
194.601    -212.449    -0.007
193.587    -211.343    -0.006
192.572    -210.237    -0.006
191.556    -209.132    -0.006
190.541    -208.027    -0.006
189.527    -206.922    -0.006
188.514    -205.815    -0.006
187.503    -204.706    -0.006
186.491    -203.599    -0.006
185.478    -202.491    -0.006
184.466    -201.383    -0.006
183.454    -200.274    -0.006
182.442    -199.167    -0.006
181.430    -198.059    -0.006
180.418    -196.952    -0.006
179.406    -195.843    -0.006
178.394    -194.735    -0.005
177.380    -193.630    -0.005
176.365    -192.524    -0.005
175.351    -191.419    -0.005
174.336    -190.313    -0.005
173.321    -189.208    -0.005
172.305    -188.104    -0.005
171.288    -187.000    -0.005
170.272    -185.896    -0.005
169.255    -184.793    -0.005
168.238    -183.690    -0.005
167.221    -182.586    -0.005
166.210    -181.478    -0.005
165.198    -180.369    -0.005
164.186    -179.261    -0.005
163.174    -178.153    -0.005
162.163    -177.045    -0.005
161.150    -175.937    -0.004
160.137    -174.831    -0.004
159.124    -173.724    -0.004
158.110    -172.618    -0.004
157.096    -171.511    -0.004
156.083    -170.404    -0.004
155.068    -169.299    -0.004
154.054    -168.194    -0.004
153.039    -167.088    -0.004
152.025    -165.982    -0.004
151.010    -164.877    -0.004
149.997    -163.770    -0.004
148.984    -162.663    -0.004
147.973    -161.554    -0.004
146.961    -160.446    -0.004
145.950    -159.338    -0.004
144.937    -158.230    -0.004
143.925    -157.122    -0.004
142.913    -156.014    -0.004
141.901    -154.907    -0.003
140.888    -153.799    -0.003
139.876    -152.692    -0.003
138.864    -151.584    -0.003
137.850    -150.477    -0.003
136.838    -149.369    -0.003
135.826    -148.262    -0.003
134.814    -147.154    -0.003
133.800    -146.048    -0.003
132.783    -144.945    -0.003
131.765    -143.842    -0.003
130.748    -142.738    -0.003
129.731    -141.635    -0.003
128.714    -140.532    -0.003
127.701    -139.425    -0.003
126.688    -138.319    -0.003
125.674    -137.211    -0.003
124.660    -136.105    -0.003
123.647    -134.998    -0.003
122.633    -133.893    -0.003
121.618    -132.786    -0.003
120.604    -131.681    -0.003
119.589    -130.576    -0.002
118.574    -129.471    -0.002
117.559    -128.366    -0.002
116.545    -127.259    -0.002
115.531    -126.153    -0.002
114.517    -125.047    -0.002
113.504    -123.941    -0.002
112.490    -122.834    -0.002
111.477    -121.727    -0.002
110.466    -120.618    -0.002
109.455    -119.509    -0.002
108.445    -118.400    -0.002
107.434    -117.291    -0.002
106.423    -116.182    -0.002
105.408    -115.077    -0.002
104.391    -113.973    -0.002
103.376    -112.868    -0.002
102.360    -111.764    -0.002
101.344    -110.660    -0.002
100.328    -109.556    -0.002
99.313    -108.450    -0.002
98.298    -107.345    -0.002
97.283    -106.241    -0.002
96.266    -105.136    -0.002
95.251    -104.032    -0.002
94.237    -102.925    -0.002
93.224    -101.819    -0.001
92.211    -100.712    -0.001
91.197    -99.606    -0.001
90.183    -98.499    -0.001
89.169    -97.392    -0.001
88.157    -96.286    -0.001
87.144    -95.179    -0.001
86.131    -94.072    -0.001
85.118    -92.964    -0.001
84.105    -91.857    -0.001
83.093    -90.750    -0.001
82.081    -89.642    -0.001
81.070    -88.533    -0.001
80.058    -87.425    -0.001
79.046    -86.317    -0.001
78.034    -85.210    -0.001
77.020    -84.102    -0.001
76.007    -82.995    -0.001
74.995    -81.888    -0.001
73.982    -80.781    -0.001
72.969    -79.674    -0.001
71.955    -78.568    -0.001
70.941    -77.462    -0.001
69.926    -76.356    -0.001
68.912    -75.250    -0.001
67.898    -74.144    -0.001
66.885    -73.037    -0.001
65.872    -71.930    -0.001
64.860    -70.823    -0.001
63.846    -69.715    -0.001
62.833    -68.609    -0.001
61.820    -67.502    -0.001
60.809    -66.394    -0.001
59.798    -65.284    -0.001
58.786    -64.176    -0.001
57.775    -63.068    -0.001
56.763    -61.960    -0.001
55.751    -60.852    -0.001
54.737    -59.745    -0.001
53.723    -58.640    -0.000
52.708    -57.535    -0.000
51.694    -56.429    -0.000
50.679    -55.322    -0.000
49.665    -54.217    -0.000
48.651    -53.111    -0.000
47.637    -52.005    -0.000
46.623    -50.900    -0.000
45.609    -49.793    -0.000
44.596    -48.687    -0.000
43.582    -47.580    -0.000
42.569    -46.473    -0.000
41.557    -45.365    -0.000
40.544    -44.258    -0.000
39.531    -43.151    -0.000
38.519    -42.043    -0.000
37.508    -40.934    -0.000
36.495    -39.826    -0.000
35.484    -38.718    -0.000
34.472    -37.611    -0.000
33.460    -36.502    -0.000
32.445    -35.397    -0.000
31.430    -34.292    -0.000
30.414    -33.187    -0.000
29.400    -32.082    -0.000
28.385    -30.976    -0.000
27.370    -29.871    -0.000
26.356    -28.765    -0.000
25.342    -27.660    -0.000
24.327    -26.554    -0.000
23.312    -25.448    -0.000
22.298    -24.343    -0.000
21.286    -23.235    -0.000
20.274    -22.128    -0.000
19.261    -21.020    -0.000
18.249    -19.913    -0.000
17.236    -18.805    -0.000
16.223    -17.698    -0.000
15.212    -16.589    -0.000
14.200    -15.481    -0.000
13.189    -14.373    -0.000
12.177    -13.265    -0.000
11.166    -12.156    -0.000
10.151    -11.050    -0.000
9.135    -9.946    -0.000
8.120    -8.841    -0.000
7.104    -7.737    -0.000
6.088    -6.632    -0.000
5.073    -5.528    -0.000
4.058    -4.422    -0.000
3.043    -3.317    -0.000
2.029    -2.210    -0.000
1.015    -1.105    -0.000
-0.000    0.000    0.000
