2.559    2.329    -0.000
1.546    3.436    -0.000
0.532    4.542    -0.000
-0.481    5.649    -0.000
-1.494    6.756    -0.000
-2.507    7.863    -0.000
-3.520    8.970    -0.000
-4.532    10.077    -0.000
-5.545    11.184    -0.000
-6.560    12.291    -0.000
-7.573    13.397    -0.000
-8.587    14.503    -0.000
-9.601    15.609    -0.000
-10.615    16.716    -0.000
-11.628    17.822    -0.000
-12.643    18.928    -0.000
-13.656    20.034    -0.000
-14.669    21.141    -0.000
-15.682    22.249    -0.000
-16.695    23.355    -0.000
-17.709    24.461    -0.000
-18.721    25.568    -0.000
-19.735    26.676    -0.000
-20.748    27.783    -0.000
-21.761    28.890    -0.000
-22.774    29.996    -0.000
-23.787    31.103    -0.000
-24.804    32.207    -0.000
-25.820    33.311    -0.000
-26.837    34.415    -0.000
-27.853    35.518    -0.000
-28.870    36.623    -0.000
-29.883    37.729    -0.000
-30.894    38.838    -0.000
-31.905    39.946    -0.000
-32.917    41.055    -0.000
-33.929    42.163    -0.000
-34.941    43.271    -0.000
-35.955    44.376    -0.000
-36.970    45.481    -0.000
-37.985    46.587    -0.000
-39.000    47.692    -0.000
-40.015    48.797    -0.000
-41.030    49.902    -0.000
-42.045    51.008    -0.000
-43.059    52.114    -0.000
-44.074    53.219    -0.000
-45.088    54.324    -0.000
-46.103    55.429    -0.000
-47.117    56.537    -0.000
-48.129    57.645    -0.000
-49.141    58.752    -0.000
-50.153    59.860    -0.000
-51.165    60.968    -0.000
-52.178    62.075    -0.001
-53.191    63.182    -0.001
-54.204    64.289    -0.001
-55.217    65.396    -0.001
-56.230    66.503    -0.001
-57.243    67.610    -0.001
-58.256    68.716    -0.001
-59.269    69.824    -0.001
-60.282    70.932    -0.001
-61.295    72.039    -0.001
-62.307    73.145    -0.001
-63.321    74.252    -0.001
-64.335    75.358    -0.001
-65.350    76.463    -0.001
-66.365    77.568    -0.001
-67.381    78.673    -0.001
-68.396    79.778    -0.001
-69.409    80.886    -0.001
-70.420    81.994    -0.001
-71.431    83.103    -0.001
-72.442    84.211    -0.001
-73.454    85.320    -0.001
-74.465    86.428    -0.001
-75.479    87.534    -0.001
-76.493    88.640    -0.001
-77.506    89.747    -0.001
-78.520    90.854    -0.001
-79.534    91.959    -0.001
-80.549    93.065    -0.001
-81.563    94.170    -0.001
-82.578    95.276    -0.001
-83.593    96.381    -0.001
-84.608    97.486    -0.001
-85.622    98.591    -0.001
-86.636    99.699    -0.001
-87.650    100.805    -0.001
-88.663    101.912    -0.001
-89.675    103.019    -0.001
-90.688    104.127    -0.001
-91.702    105.233    -0.002
-92.715    106.339    -0.002
-93.730    107.445    -0.002
-94.743    108.551    -0.002
-95.757    109.659    -0.002
-96.771    110.764    -0.002
-97.784    111.871    -0.002
-98.797    112.977    -0.002
-99.810    114.085    -0.002
-100.824    115.191    -0.002
-101.837    116.298    -0.002
-102.851    117.405    -0.002
-103.864    118.511    -0.002
-104.877    119.619    -0.002
-105.890    120.725    -0.002
-106.903    121.832    -0.002
-107.917    122.938    -0.002
-108.931    124.045    -0.002
-109.945    125.151    -0.002
-110.959    126.257    -0.002
-111.973    127.363    -0.002
-112.987    128.469    -0.002
-114.001    129.574    -0.002
-115.016    130.680    -0.002
-116.030    131.786    -0.002
-117.045    132.891    -0.002
-118.059    133.997    -0.003
-119.074    135.103    -0.003
-120.088    136.208    -0.003
-121.100    137.316    -0.003
-122.112    138.425    -0.003
-123.123    139.533    -0.003
-124.135    140.641    -0.003
-125.147    141.749    -0.003
-126.159    142.857    -0.003
-127.172    143.964    -0.003
-128.186    145.071    -0.003
-129.199    146.177    -0.003
-130.212    147.284    -0.003
-131.226    148.391    -0.003
-132.239    149.497    -0.003
-133.253    150.603    -0.003
-134.267    151.709    -0.003
-135.281    152.816    -0.003
-136.295    153.922    -0.003
-137.308    155.029    -0.003
-138.321    156.136    -0.003
-139.334    157.242    -0.003
-140.348    158.349    -0.004
-141.362    159.455    -0.004
-142.375    160.562    -0.004
-143.386    161.670    -0.004
-144.397    162.780    -0.004
-145.409    163.888    -0.004
-146.420    164.996    -0.004
-147.433    166.104    -0.004
-148.449    167.208    -0.004
-149.465    168.312    -0.004
-150.481    169.416    -0.004
-151.497    170.520    -0.004
-152.514    171.623    -0.004
-153.529    172.729    -0.004
-154.545    173.834    -0.004
-155.560    174.939    -0.004
-156.575    176.043    -0.004
-157.590    177.149    -0.004
-158.605    178.254    -0.004
-159.616    179.362    -0.005
-160.628    180.470    -0.005
-161.641    181.578    -0.005
-162.653    182.686    -0.005
-163.665    183.794    -0.005
-164.678    184.900    -0.005
-165.692    186.006    -0.005
-166.706    187.113    -0.005
-167.720    188.218    -0.005
-168.735    189.324    -0.005
-169.750    190.429    -0.005
-170.764    191.535    -0.005
-171.778    192.642    -0.005
-172.792    193.747    -0.005
-173.807    194.852    -0.005
-174.821    195.958    -0.005
-175.838    197.063    -0.005
-176.926    198.235    -0.006
-177.879    199.263    -0.006
-178.899    200.362    -0.006
-179.920    201.462    -0.006
-180.941    202.563    -0.006
-181.950    203.673    -0.006
-182.959    204.784    -0.006
-183.967    205.895    -0.006
-184.974    207.008    -0.006
-186.078    208.165    -0.006
-186.978    209.104    -0.006
-188.093    210.254    -0.006
-189.149    211.320    -0.006
-190.208    212.383    -0.006
-191.352    213.502    -0.006
-192.352    214.481    -0.007
-193.425    215.530    -0.007
-194.570    216.650    -0.007
-195.567    217.633    -0.007
-196.630    218.692    -0.007
-197.693    219.752    -0.007
-198.841    220.866    -0.007
-199.928    221.902    -0.007
-201.016    222.935    -0.007
-202.115    223.956    -0.007
-203.214    224.978    -0.007
-204.305    226.008    -0.007
-205.393    227.041    -0.007
-206.482    228.074    -0.007
-207.588    229.088    -0.008
-208.695    230.101    -0.008
-209.879    231.178    -0.008
-210.995    232.181    -0.008
-212.110    233.185    -0.008
-213.226    234.188    -0.008
-214.352    235.180    -0.008
-215.487    236.162    -0.008
-216.621    237.144    -0.008
-217.756    238.126    -0.008
-218.890    239.109    -0.008
-220.024    240.091    -0.008
-221.159    241.072    -0.008
-222.374    242.114    -0.008
-223.517    243.086    -0.009
-224.667    244.050    -0.009
-225.826    245.003    -0.009
-227.064    246.017    -0.009
-228.235    246.957    -0.009
-229.326    247.834    -0.009
-230.573    248.837    -0.009
-231.743    249.777    -0.009
-232.913    250.717    -0.009
-234.092    251.645    -0.009
-235.276    252.568    -0.009
-236.460    253.490    -0.009
-237.644    254.412    -0.010
-238.827    255.334    -0.010
-240.090    256.317    -0.010
-241.201    257.170    -0.010
-242.469    258.146    -0.010
-243.661    259.057    -0.010
-244.867    259.951    -0.010
-246.072    260.845    -0.010
-247.281    261.734    -0.010
-248.492    262.620    -0.010
-249.703    263.506    -0.010
-251.003    264.439    -0.010
-252.143    265.253    -0.011
-253.364    266.125    -0.011
-254.671    267.047    -0.011
-255.899    267.911    -0.011
-257.125    268.776    -0.011
-258.358    269.633    -0.011
-259.592    270.486    -0.011
-260.826    271.339    -0.011
-262.062    272.190    -0.011
-263.297    273.041    -0.011
-264.619    273.944    -0.011
-265.867    274.777    -0.011
-267.116    275.610    -0.012
-268.277    276.393    -0.012
-269.516    277.239    -0.012
-270.756    278.084    -0.012
-272.086    278.975    -0.012
-273.335    279.807    -0.012
-274.583    280.640    -0.012
-275.833    281.470    -0.012
-277.094    282.282    -0.012
-278.363    283.085    -0.012
-279.630    283.887    -0.012
-280.898    284.690    -0.013
-282.167    285.491    -0.013
-283.522    286.343    -0.013
-284.806    287.120    -0.013
-286.089    287.897    -0.013
-287.372    288.675    -0.013
-288.656    289.452    -0.013
-289.940    290.230    -0.013
-291.229    290.997    -0.013
-292.608    291.808    -0.013
-293.902    292.567    -0.013
-295.197    293.328    -0.014
-296.491    294.087    -0.014
-297.786    294.846    -0.014
-299.091    295.586    -0.014
-300.396    296.326    -0.014
-301.701    297.066    -0.014
-303.006    297.807    -0.014
-304.311    298.547    -0.014
-305.715    299.316    -0.014
-307.034    300.031    -0.014
-308.353    300.747    -0.015
-309.672    301.463    -0.015
-310.991    302.179    -0.015
-312.310    302.894    -0.015
-313.641    303.587    -0.015
-314.972    304.280    -0.015
-316.303    304.973    -0.015
-317.722    305.713    -0.015
-319.053    306.406    -0.015
-320.387    307.091    -0.015
-321.730    307.761    -0.016
-323.073    308.431    -0.016
-324.416    309.101    -0.016
-325.759    309.771    -0.016
-327.101    310.441    -0.016
-328.448    311.102    -0.016
-329.799    311.754    -0.016
-331.151    312.407    -0.016
-332.501    313.060    -0.016
-333.853    313.712    -0.016
-335.204    314.365    -0.017
-336.655    315.040    -0.017
-338.021    315.661    -0.017
-339.388    316.280    -0.017
-340.755    316.900    -0.017
-342.121    317.520    -0.017
-343.580    318.179    -0.017
-344.955    318.778    -0.017
-346.330    319.379    -0.017
-347.706    319.979    -0.018
-349.082    320.579    -0.018
-350.457    321.180    -0.018
-351.838    321.765    -0.018
-353.225    322.338    -0.018
-354.611    322.911    -0.018
-355.998    323.484    -0.018
-357.385    324.057    -0.018
-358.772    324.630    -0.018
-360.258    325.224    -0.018
-361.652    325.780    -0.019
-363.046    326.336    -0.019
-364.440    326.891    -0.019
-365.834    327.447    -0.019
-367.232    327.992    -0.019
-368.636    328.521    -0.019
-370.039    329.051    -0.019
-371.443    329.581    -0.019
-372.848    330.110    -0.019
-374.345    330.674    -0.020
-375.755    331.191    -0.020
-377.166    331.698    -0.020
-378.579    332.205    -0.020
-379.991    332.713    -0.020
-381.403    333.219    -0.020
-382.816    333.727    -0.020
-384.332    334.240    -0.020
-385.755    334.715    -0.020
-387.083    335.159    -0.021
-388.507    335.635    -0.021
-390.024    336.143    -0.021
-391.448    336.618    -0.021
-392.876    337.077    -0.021
-394.306    337.534    -0.021
-395.735    337.989    -0.021
-397.164    338.446    -0.021
-398.595    338.901    -0.021
-400.024    339.358    -0.022
-401.453    339.814    -0.022
-402.984    340.282    -0.022
-404.421    340.713    -0.022
-405.763    341.115    -0.022
-407.295    341.575    -0.022
-408.733    342.006    -0.022
-410.171    342.436    -0.022
-411.613    342.851    -0.023
-413.055    343.267    -0.023
-414.497    343.682    -0.023
-415.939    344.096    -0.023
-417.380    344.513    -0.023
-418.822    344.927    -0.023
-420.265    345.340    -0.023
-421.707    345.755    -0.023
-423.149    346.168    -0.023
-424.592    346.581    -0.024
-426.035    346.995    -0.024
-427.477    347.411    -0.024
-428.918    347.827    -0.024
-430.360    348.243    -0.024
-431.802    348.659    -0.024
-433.243    349.074    -0.024
-434.685    349.492    -0.024
-436.125    349.912    -0.025
-437.565    350.332    -0.025
-439.006    350.753    -0.025
-440.447    351.173    -0.025
-441.888    351.592    -0.025
-443.329    352.010    -0.025
-444.771    352.426    -0.025
-446.212    352.843    -0.025
-447.654    353.259    -0.026
-449.095    353.675    -0.026
-450.537    354.091    -0.026
-451.979    354.506    -0.026
-453.421    354.921    -0.026
-454.863    355.337    -0.026
-456.305    355.753    -0.026
-457.747    356.167    -0.026
-459.188    356.585    -0.027
-460.630    357.002    -0.027
-462.071    357.419    -0.027
-463.512    357.837    -0.027
-464.953    358.253    -0.027
-466.395    358.670    -0.027
-467.836    359.088    -0.027
-469.278    359.506    -0.027
-470.719    359.923    -0.028
-472.160    360.342    -0.028
-473.601    360.759    -0.028
-475.042    361.177    -0.028
-476.483    361.595    -0.028
-477.925    362.013    -0.028
-479.366    362.431    -0.028
-480.807    362.849    -0.028
-482.248    363.266    -0.029
-483.691    363.683    -0.029
-485.132    364.099    -0.029
-486.574    364.515    -0.029
-488.015    364.931    -0.029
-489.457    365.347    -0.029
-490.898    365.764    -0.029
-492.339    366.182    -0.030
-493.781    366.599    -0.030
-495.222    367.016    -0.030
-496.663    367.434    -0.030
-498.105    367.851    -0.030
-499.546    368.269    -0.030
-500.987    368.688    -0.030
-502.428    369.106    -0.030
-503.869    369.523    -0.031
-505.310    369.942    -0.031
-506.752    370.359    -0.031
-508.193    370.777    -0.031
-509.634    371.193    -0.031
-511.076    371.610    -0.031
-512.518    372.027    -0.031
-513.959    372.444    -0.032
-515.401    372.860    -0.032
-516.842    373.277    -0.032
-518.284    373.693    -0.032
-519.726    374.108    -0.032
-521.167    374.525    -0.032
-522.608    374.942    -0.032
-524.050    375.360    -0.033
-525.491    375.778    -0.033
-526.933    376.196    -0.033
-528.374    376.613    -0.033
-529.815    377.030    -0.033
-531.257    377.445    -0.033
-532.699    377.860    -0.033
-534.141    378.276    -0.034
-535.583    378.691    -0.034
-537.025    379.106    -0.034
-538.466    379.523    -0.034
-539.907    379.940    -0.034
-541.349    380.357    -0.034
-542.791    380.774    -0.034
-544.232    381.191    -0.035
-545.673    381.611    -0.035
-547.113    382.033    -0.035
-548.553    382.454    -0.035
-549.992    382.877    -0.035
-551.432    383.299    -0.035
-552.872    383.720    -0.036
-554.309    384.156    -0.036
-555.745    384.591    -0.036
-557.181    385.027    -0.036
-558.617    385.461    -0.036
-560.053    385.895    -0.036
-561.390    386.313    -0.036
-562.819    386.770    -0.037
-564.249    387.225    -0.037
-565.679    387.682    -0.037
-567.108    388.138    -0.037
-568.537    388.594    -0.037
-569.961    389.071    -0.037
-571.288    389.517    -0.037
-572.710    389.995    -0.038
-574.227    390.506    -0.038
-575.650    390.985    -0.038
-576.974    391.440    -0.038
-578.383    391.954    -0.038
-579.793    392.468    -0.038
-581.203    392.982    -0.039
-582.613    393.495    -0.039
-584.022    394.010    -0.039
-585.326    394.522    -0.039
-586.719    395.081    -0.039
-588.111    395.640    -0.039
-589.504    396.198    -0.040
-590.897    396.757    -0.040
-592.192    397.287    -0.040
-593.565    397.894    -0.040
-594.938    398.500    -0.040
-596.310    399.107    -0.040
-597.682    399.714    -0.041
-598.956    400.295    -0.041
-600.317    400.928    -0.041
-601.677    401.561    -0.041
-602.947    402.152    -0.041
-604.280    402.840    -0.041
-605.524    403.483    -0.042
-606.855    404.177    -0.042
-608.184    404.874    -0.042
-609.424    405.525    -0.042
-610.727    406.268    -0.042
-612.031    407.011    -0.042
-613.245    407.708    -0.043
-614.528    408.487    -0.043
-615.812    409.265    -0.043
-617.091    410.050    -0.043
-618.277    410.794    -0.043
-619.542    411.601    -0.043
-620.706    412.379    -0.044
-621.944    413.227    -0.044
-623.182    414.076    -0.044
-624.411    414.937    -0.044
-625.548    415.754    -0.044
-626.681    416.576    -0.044
-627.865    417.498    -0.045
-629.050    418.419    -0.045
-630.229    419.348    -0.045
-631.318    420.228    -0.045
-632.492    421.205    -0.045
-633.555    422.117    -0.045
-634.605    423.044    -0.046
-635.805    424.103    -0.046
-636.835    425.051    -0.046
-637.855    426.010    -0.046
-638.945    427.043    -0.046
-639.930    428.037    -0.046
-640.975    429.113    -0.047
-642.021    430.189    -0.047
-642.983    431.208    -0.047
-643.922    432.247    -0.047
-644.917    433.370    -0.047
-645.823    434.439    -0.048
-646.793    435.583    -0.048
-647.689    436.659    -0.048
-648.619    437.837    -0.048
-649.412    438.867    -0.048
-650.285    440.087    -0.048
-651.158    441.308    -0.049
-652.032    442.529    -0.049
-652.810    443.692    -0.049
-653.582    444.861    -0.049
-654.329    446.046    -0.049
-655.090    447.339    -0.049
-655.850    448.633    -0.050
-656.546    449.848    -0.050
-657.226    451.072    -0.050
-657.910    452.408    -0.050
-658.533    453.662    -0.050
-659.171    455.020    -0.050
-659.809    456.378    -0.050
-660.388    457.653    -0.051
-660.929    458.945    -0.051
-661.505    460.331    -0.051
-662.006    461.638    -0.051
-662.500    462.948    -0.051
-663.025    464.355    -0.051
-663.512    465.773    -0.052
-663.998    467.194    -0.052
-664.346    468.342    -0.052
-664.749    469.787    -0.052
-665.179    471.329    -0.052
-665.481    472.594    -0.052
-665.824    474.054    -0.052
-666.124    475.423    -0.053
-666.381    476.799    -0.053
-666.652    478.275    -0.053
-666.903    479.653    -0.053
-667.123    481.137    -0.053
-667.338    482.622    -0.053
-667.512    484.012    -0.053
-667.650    485.406    -0.053
-667.808    486.998    -0.054
-667.916    488.294    -0.054
-668.008    489.792    -0.054
-668.074    491.191    -0.054
-668.111    492.590    -0.054
-668.116    494.091    -0.054
-668.121    495.592    -0.054
-668.096    496.992    -0.054
-668.059    498.392    -0.054
-667.994    499.891    -0.055
-667.881    501.287    -0.055
-667.758    502.783    -0.055
-667.640    504.278    -0.055
-667.528    505.775    -0.055
-667.379    507.066    -0.055
-667.149    508.447    -0.055
-666.896    509.927    -0.055
-666.661    511.307    -0.055
-666.413    512.686    -0.055
-666.094    514.152    -0.056
-665.785    515.517    -0.056
-665.422    516.974    -0.056
-665.060    518.430    -0.056
-664.699    519.783    -0.056
-664.301    521.230    -0.056
-663.903    522.573    -0.056
-663.496    523.808    -0.056
-662.971    525.319    -0.056
-662.511    526.643    -0.056
-662.008    527.949    -0.056
-661.458    529.345    -0.056
-660.904    530.740    -0.056
-660.334    532.019    -0.056
-659.723    533.389    -0.056
-659.179    534.571    -0.057
-658.524    535.921    -0.057
-657.844    537.258    -0.057
-657.194    538.499    -0.057
-656.509    539.720    -0.057
-655.727    541.117    -0.057
-655.082    542.246    -0.057
-654.307    543.531    -0.057
-653.486    544.905    -0.057
-652.773    545.992    -0.057
-651.937    547.237    -0.057
-651.192    548.304    -0.057
-650.305    549.514    -0.057
-649.468    550.637    -0.057
-648.608    551.741    -0.057
-647.645    552.893    -0.057
-646.682    554.043    -0.057
-645.772    555.108    -0.057
-644.791    556.243    -0.057
-643.854    557.284    -0.057
-642.887    558.297    -0.057
-641.837    559.370    -0.057
-640.857    560.369    -0.057
-639.783    561.417    -0.057
-638.772    562.386    -0.057
-637.667    563.402    -0.057
-636.608    564.318    -0.057
-635.472    565.298    -0.057
-634.326    566.267    -0.057
-633.244    567.156    -0.057
-632.150    568.030    -0.057
-631.037    568.880    -0.057
-629.820    569.758    -0.057
-628.603    570.635    -0.057
-627.447    571.426    -0.057
-626.280    572.201    -0.056
-625.016    573.009    -0.056
-623.819    573.736    -0.056
-622.535    574.513    -0.056
-621.250    575.288    -0.056
-620.028    575.972    -0.056
-618.797    576.639    -0.056
-617.474    577.345    -0.056
-616.216    577.963    -0.056
-614.869    578.626    -0.056
-613.604    579.224    -0.056
-612.331    579.807    -0.056
-610.949    580.392    -0.056
-609.656    580.930    -0.056
-608.257    581.475    -0.056
-606.859    582.019    -0.055
-605.539    582.487    -0.055
-604.395    582.848    -0.055
-602.945    583.233    -0.055
-601.495    583.618    -0.055
-600.052    584.029    -0.055
-598.693    584.370    -0.055
-597.231    584.707    -0.055
-595.864    585.014    -0.055
-594.393    585.308    -0.055
-592.922    585.603    -0.055
-591.640    585.817    -0.054
-590.158    586.058    -0.054
-588.677    586.298    -0.054
-587.287    586.467    -0.054
-585.796    586.645    -0.054
-584.505    586.788    -0.054
-583.008    586.896    -0.054
-581.511    587.003    -0.054
-580.114    587.096    -0.053
-578.614    587.135    -0.053
-577.113    587.174    -0.053
-575.814    587.177    -0.053
-574.313    587.161    -0.053
-572.812    587.145    -0.053
-571.513    587.109    -0.053
-570.016    587.011    -0.053
-568.518    586.911    -0.052
-567.021    586.810    -0.052
-565.524    586.710    -0.052
-564.332    586.580    -0.052
-562.849    586.350    -0.052
-561.366    586.120    -0.052
-559.884    585.888    -0.052
-558.402    585.652    -0.051
-557.132    585.371    -0.051
-555.667    585.048    -0.051
-554.301    584.740    -0.051
-552.742    584.377    -0.051
-551.486    584.037    -0.051
-550.038    583.644    -0.050
-548.590    583.250    -0.050
-547.345    582.876    -0.050
-545.920    582.406    -0.050
-544.496    581.935    -0.050
-543.176    581.465    -0.050
-541.768    580.949    -0.050
-540.358    580.434    -0.049
-539.054    579.923    -0.049
-537.660    579.366    -0.049
-536.360    578.847    -0.049
-534.984    578.250    -0.049
-533.704    577.680    -0.049
-532.338    577.058    -0.048
-531.080    576.444    -0.048
-529.732    575.785    -0.048
-528.473    575.171    -0.048
-527.145    574.472    -0.048
-525.817    573.774    -0.048
-524.590    573.097    -0.047
-523.283    572.361    -0.047
-521.975    571.626    -0.047
-520.762    570.926    -0.047
-519.481    570.145    -0.047
-518.201    569.363    -0.047
-517.008    568.628    -0.046
-515.747    567.817    -0.046
-514.484    567.004    -0.046
-513.315    566.234    -0.046
-512.076    565.387    -0.046
-510.838    564.539    -0.046
-509.694    563.731    -0.045
-508.563    562.907    -0.045
-507.350    562.023    -0.045
-506.147    561.125    -0.045
-504.945    560.228    -0.045
-503.827    559.384    -0.044
-502.651    558.451    -0.044
-501.476    557.519    -0.044
-500.305    556.581    -0.044
-499.140    555.635    -0.044
-497.974    554.690    -0.044
-496.984    553.847    -0.043
-495.845    552.870    -0.043
-494.705    551.894    -0.043
-493.577    550.906    -0.043
-492.448    549.916    -0.043
-491.323    548.924    -0.043
-490.287    547.982    -0.042
-489.103    546.904    -0.042
-488.070    545.958    -0.042
-486.977    544.931    -0.042
-485.883    543.904    -0.042
-484.869    542.938    -0.042
-483.790    541.895    -0.041
-482.639    540.783    -0.041
-481.646    539.794    -0.041
-480.587    538.731    -0.041
-479.528    537.668    -0.041
-478.469    536.605    -0.041
-477.410    535.543    -0.040
-476.426    534.545    -0.040
-475.389    533.461    -0.040
-474.352    532.376    -0.040
-473.315    531.292    -0.040
-472.278    530.207    -0.040
-471.241    529.123    -0.039
-470.202    528.040    -0.039
-469.161    526.960    -0.039
-468.131    525.869    -0.039
-467.175    524.845    -0.039
-466.083    523.675    -0.039
-465.059    522.578    -0.038
-464.103    521.555    -0.038
-463.082    520.454    -0.038
-462.065    519.352    -0.038
-461.048    518.249    -0.038
-460.031    517.146    -0.038
-459.012    516.043    -0.037
-457.995    514.940    -0.037
-456.979    513.836    -0.037
-455.969    512.726    -0.037
-454.959    511.617    -0.037
-453.949    510.507    -0.037
-452.937    509.398    -0.036
-451.925    508.290    -0.036
-450.911    507.185    -0.036
-449.896    506.079    -0.036
-448.881    504.974    -0.036
-447.866    503.869    -0.036
-446.852    502.764    -0.036
-445.838    501.657    -0.035
-444.842    500.534    -0.035
-443.912    499.488    -0.035
-442.850    498.291    -0.035
-441.853    497.168    -0.035
-440.848    496.054    -0.035
-439.839    494.944    -0.034
-438.829    493.833    -0.034
-437.820    492.724    -0.034
-436.810    491.614    -0.034
-435.799    490.504    -0.034
-434.785    489.398    -0.034
-433.770    488.293    -0.033
-432.756    487.187    -0.033
-431.742    486.082    -0.033
-430.728    484.976    -0.033
-429.713    483.870    -0.033
-428.698    482.764    -0.033
-427.683    481.659    -0.033
-426.668    480.554    -0.032
-425.654    479.448    -0.032
-424.639    478.343    -0.032
-423.626    477.236    -0.032
-422.614    476.129    -0.032
-421.600    475.022    -0.032
-420.588    473.914    -0.032
-419.576    472.807    -0.031
-418.562    471.700    -0.031
-417.548    470.595    -0.031
-416.533    469.489    -0.031
-415.518    468.383    -0.031
-414.503    467.278    -0.031
-413.489    466.172    -0.030
-412.476    465.066    -0.030
-411.463    463.958    -0.030
-410.450    462.852    -0.030
-409.437    461.745    -0.030
-408.423    460.638    -0.030
-407.410    459.531    -0.030
-406.396    458.425    -0.029
-405.381    457.320    -0.029
-404.367    456.214    -0.029
-403.353    455.109    -0.029
-402.339    454.002    -0.029
-401.325    452.895    -0.029
-400.312    451.788    -0.029
-399.300    450.681    -0.028
-398.287    449.573    -0.028
-397.275    448.466    -0.028
-396.262    447.359    -0.028
-395.247    446.253    -0.028
-394.234    445.146    -0.028
-393.220    444.040    -0.028
-392.207    442.934    -0.027
-391.194    441.827    -0.027
-390.181    440.720    -0.027
-389.169    439.612    -0.027
-388.155    438.505    -0.027
-387.143    437.398    -0.027
-386.130    436.291    -0.027
-385.117    435.184    -0.027
-384.103    434.078    -0.026
-383.089    432.972    -0.026
-382.075    431.866    -0.026
-381.060    430.759    -0.026
-380.046    429.653    -0.026
-379.032    428.548    -0.026
-378.018    427.442    -0.026
-377.004    426.337    -0.025
-375.990    425.230    -0.025
-374.975    424.124    -0.025
-373.961    423.018    -0.025
-372.948    421.912    -0.025
-371.934    420.805    -0.025
-370.921    419.699    -0.025
-369.907    418.592    -0.024
-368.895    417.485    -0.024
-367.882    416.377    -0.024
-366.870    415.269    -0.024
-365.859    414.161    -0.024
-364.847    413.053    -0.024
-363.836    411.945    -0.024
-362.820    410.840    -0.024
-361.804    409.735    -0.023
-360.787    408.631    -0.023
-359.772    407.527    -0.023
-358.756    406.423    -0.023
-357.741    405.317    -0.023
-356.729    404.209    -0.023
-355.718    403.101    -0.023
-354.706    401.993    -0.023
-353.694    400.884    -0.022
-352.683    399.776    -0.022
-351.670    398.669    -0.022
-350.656    397.564    -0.022
-349.642    396.457    -0.022
-348.628    395.351    -0.022
-347.613    394.245    -0.022
-346.600    393.139    -0.022
-345.588    392.031    -0.021
-344.576    390.922    -0.021
-343.565    389.814    -0.021
-342.553    388.706    -0.021
-341.541    387.598    -0.021
-340.526    386.492    -0.021
-339.512    385.387    -0.021
-338.497    384.281    -0.021
-337.483    383.176    -0.020
-336.398    381.999    -0.020
-335.362    380.914    -0.020
-334.397    379.898    -0.020
-333.377    378.798    -0.020
-332.289    377.624    -0.020
-331.339    376.595    -0.020
-330.322    375.491    -0.020
-329.308    374.385    -0.020
-328.296    373.278    -0.019
-327.284    372.170    -0.019
-326.269    371.065    -0.019
-325.252    369.960    -0.019
-324.235    368.857    -0.019
-323.219    367.753    -0.019
-322.205    366.648    -0.019
-321.191    365.542    -0.019
-320.176    364.436    -0.018
-319.162    363.330    -0.018
-318.147    362.225    -0.018
-317.133    361.119    -0.018
-316.118    360.013    -0.018
-315.104    358.907    -0.018
-314.090    357.801    -0.018
-313.075    356.696    -0.018
-312.061    355.591    -0.018
-311.045    354.485    -0.017
-310.031    353.380    -0.017
-309.018    352.273    -0.017
-308.007    351.164    -0.017
-306.996    350.055    -0.017
-305.984    348.947    -0.017
-304.971    347.840    -0.017
-303.958    346.733    -0.017
-302.945    345.626    -0.017
-301.932    344.519    -0.016
-300.919    343.412    -0.016
-299.906    342.305    -0.016
-298.893    341.199    -0.016
-297.811    340.019    -0.016
-296.865    338.985    -0.016
-295.852    337.879    -0.016
-294.839    336.772    -0.016
-293.827    335.663    -0.016
-292.815    334.556    -0.016
-291.801    333.450    -0.015
-290.787    332.344    -0.015
-289.773    331.237    -0.015
-288.759    330.131    -0.015
-287.745    329.026    -0.015
-286.731    327.920    -0.015
-285.719    326.812    -0.015
-284.706    325.704    -0.015
-283.694    324.597    -0.015
-282.681    323.489    -0.014
-281.669    322.382    -0.014
-280.656    321.274    -0.014
-279.642    320.169    -0.014
-278.628    319.063    -0.014
-277.613    317.957    -0.014
-276.599    316.850    -0.014
-275.586    315.744    -0.014
-274.573    314.637    -0.014
-273.561    313.530    -0.014
-272.548    312.423    -0.013
-271.533    311.316    -0.013
-270.520    310.210    -0.013
-269.506    309.104    -0.013
-268.493    307.997    -0.013
-267.480    306.890    -0.013
-266.466    305.784    -0.013
-265.452    304.678    -0.013
-264.437    303.573    -0.013
-263.422    302.467    -0.013
-262.408    301.361    -0.013
-261.394    300.255    -0.012
-260.381    299.148    -0.012
-259.369    298.041    -0.012
-258.357    296.933    -0.012
-257.344    295.825    -0.012
-256.331    294.718    -0.012
-255.318    293.611    -0.012
-254.306    292.503    -0.012
-253.293    291.397    -0.012
-252.280    290.290    -0.012
-251.266    289.183    -0.012
-250.253    288.077    -0.011
-249.239    286.970    -0.011
-248.225    285.864    -0.011
-247.210    284.759    -0.011
-246.196    283.654    -0.011
-245.181    282.547    -0.011
-244.168    281.440    -0.011
-243.156    280.333    -0.011
-242.143    279.226    -0.011
-241.131    278.118    -0.011
-240.118    277.010    -0.011
-239.106    275.903    -0.010
-238.092    274.798    -0.010
-237.074    273.694    -0.010
-236.058    272.590    -0.010
-235.042    271.486    -0.010
-234.025    270.382    -0.010
-233.009    269.279    -0.010
-231.992    268.175    -0.010
-230.976    267.071    -0.010
-229.959    265.967    -0.010
-228.942    264.864    -0.010
-227.930    263.756    -0.010
-226.918    262.648    -0.009
-225.906    261.540    -0.009
-224.894    260.433    -0.009
-223.882    259.325    -0.009
-222.869    258.217    -0.009
-221.857    257.109    -0.009
-220.844    256.003    -0.009
-219.830    254.896    -0.009
-218.817    253.790    -0.009
-217.803    252.683    -0.009
-216.788    251.577    -0.009
-215.774    250.471    -0.009
-214.761    249.365    -0.009
-213.747    248.258    -0.008
-212.734    247.151    -0.008
-211.722    246.044    -0.008
-210.710    244.936    -0.008
-209.697    243.829    -0.008
-208.684    242.721    -0.008
-207.669    241.617    -0.008
-206.654    240.512    -0.008
-205.638    239.408    -0.008
-204.623    238.302    -0.008
-203.608    237.197    -0.008
-202.591    236.093    -0.008
-201.576    234.989    -0.008
-200.560    233.884    -0.007
-199.545    232.779    -0.007
-198.529    231.675    -0.007
-197.513    230.571    -0.007
-196.499    229.466    -0.007
-195.486    228.357    -0.007
-194.475    227.249    -0.007
-193.464    226.140    -0.007
-192.452    225.032    -0.007
-191.441    223.923    -0.007
-190.429    222.815    -0.007
-189.417    221.707    -0.007
-188.407    220.598    -0.007
-187.397    219.489    -0.007
-186.383    218.381    -0.006
-185.366    217.279    -0.006
-184.279    216.103    -0.006
-183.261    215.001    -0.006
-182.311    213.971    -0.006
-181.295    212.868    -0.006
-180.283    211.760    -0.006
-179.272    210.651    -0.006
-178.261    209.543    -0.006
-177.249    208.434    -0.006
-176.237    207.326    -0.006
-175.225    206.218    -0.006
-174.212    205.112    -0.006
-173.196    204.006    -0.006
-172.181    202.902    -0.006
-171.165    201.798    -0.005
-170.151    200.693    -0.005
-169.136    199.587    -0.005
-168.122    198.480    -0.005
-167.108    197.374    -0.005
-166.094    196.269    -0.005
-165.081    195.162    -0.005
-164.069    194.053    -0.005
-163.057    192.946    -0.005
-162.044    191.838    -0.005
-161.032    190.731    -0.005
-160.020    189.622    -0.005
-159.008    188.515    -0.005
-157.996    187.407    -0.005
-156.984    186.300    -0.005
-155.970    185.191    -0.005
-154.958    184.084    -0.005
-153.946    182.977    -0.004
-152.934    181.870    -0.004
-151.921    180.762    -0.004
-150.909    179.654    -0.004
-149.897    178.547    -0.004
-148.882    177.441    -0.004
-147.868    176.335    -0.004
-146.855    175.228    -0.004
-145.841    174.121    -0.004
-144.828    173.015    -0.004
-143.814    171.909    -0.004
-142.800    170.802    -0.004
-141.786    169.696    -0.004
-140.772    168.590    -0.004
-139.759    167.484    -0.004
-138.745    166.378    -0.004
-137.731    165.271    -0.004
-136.718    164.165    -0.004
-135.703    163.058    -0.004
-134.690    161.952    -0.003
-133.676    160.845    -0.003
-132.664    159.738    -0.003
-131.651    158.631    -0.003
-130.638    157.524    -0.003
-129.627    156.416    -0.003
-128.617    155.305    -0.003
-127.607    154.195    -0.003
-126.597    153.086    -0.003
-125.585    151.979    -0.003
-124.573    150.870    -0.003
-123.561    149.762    -0.003
-122.548    148.655    -0.003
-121.536    147.548    -0.003
-120.523    146.439    -0.003
-119.511    145.332    -0.003
-118.499    144.225    -0.003
-117.487    143.118    -0.003
-116.473    142.009    -0.003
-115.461    140.902    -0.003
-114.449    139.795    -0.003
-113.436    138.688    -0.003
-112.424    137.580    -0.002
-111.411    136.473    -0.002
-110.398    135.366    -0.002
-109.384    134.259    -0.002
-108.371    133.152    -0.002
-107.359    132.044    -0.002
-106.345    130.939    -0.002
-105.331    129.833    -0.002
-104.316    128.728    -0.002
-103.301    127.621    -0.002
-102.287    126.516    -0.002
-101.273    125.410    -0.002
-100.258    124.304    -0.002
-99.244    123.199    -0.002
-98.230    122.092    -0.002
-97.216    120.987    -0.002
-96.201    119.881    -0.002
-95.186    118.776    -0.002
-94.171    117.670    -0.002
-93.160    116.562    -0.002
-92.149    115.453    -0.002
-91.138    114.345    -0.002
-90.127    113.235    -0.002
-89.116    112.127    -0.002
-88.105    111.018    -0.002
-87.094    109.909    -0.002
-86.083    108.799    -0.002
-85.071    107.692    -0.001
-84.057    106.587    -0.001
-83.042    105.481    -0.001
-82.027    104.376    -0.001
-81.013    103.269    -0.001
-79.998    102.164    -0.001
-78.984    101.059    -0.001
-77.970    99.953    -0.001
-76.957    98.845    -0.001
-75.943    97.739    -0.001
-74.929    96.633    -0.001
-73.916    95.526    -0.001
-72.903    94.420    -0.001
-71.889    93.313    -0.001
-70.876    92.206    -0.001
-69.862    91.100    -0.001
-68.848    89.994    -0.001
-67.834    88.888    -0.001
-66.819    87.782    -0.001
-65.805    86.677    -0.001
-64.790    85.572    -0.001
-63.776    84.465    -0.001
-62.760    83.360    -0.001
-61.745    82.255    -0.001
-60.730    81.150    -0.001
-59.715    80.046    -0.001
-58.700    78.940    -0.001
-57.685    77.835    -0.001
-56.670    76.730    -0.001
-55.654    75.625    -0.001
-54.640    74.520    -0.001
-53.625    73.414    -0.001
-52.611    72.308    -0.001
-51.598    71.201    -0.001
-50.585    70.095    -0.001
-49.572    68.987    -0.001
-48.558    67.881    -0.001
-47.542    66.776    -0.001
-46.526    65.673    -0.001
-45.510    64.569    -0.000
-44.493    63.464    -0.000
-43.477    62.361    -0.000
-42.460    61.258    -0.000
-41.447    60.151    -0.000
-40.436    59.041    -0.000
-39.425    57.932    -0.000
-38.415    56.823    -0.000
-37.330    55.646    -0.000
-36.312    54.544    -0.000
-35.362    53.514    -0.000
-34.343    52.412    -0.000
-33.325    51.310    -0.000
-32.312    50.204    -0.000
-31.299    49.096    -0.000
-30.287    47.989    -0.000
-29.273    46.883    -0.000
-28.258    45.778    -0.000
-27.242    44.673    -0.000
-26.227    43.567    -0.000
-25.216    42.459    -0.000
-24.206    41.350    -0.000
-23.196    40.241    -0.000
-22.185    39.131    -0.000
-21.095    37.960    -0.000
-20.140    36.934    -0.000
-19.050    35.762    -0.000
-18.105    34.729    -0.000
-17.097    33.617    -0.000
-16.088    32.506    -0.000
-15.079    31.397    -0.000
-14.067    30.289    -0.000
-13.055    29.180    -0.000
-12.044    28.071    -0.000
-10.959    26.895    -0.000
-9.939    25.794    -0.000
-8.920    24.692    -0.000
-7.972    23.662    -0.000
-6.960    22.554    -0.000
-5.948    21.446    -0.000
-4.936    20.339    -0.000
-3.925    19.229    -0.000
-2.915    18.120    -0.000
-1.904    17.011    -0.000
-0.894    15.902    -0.000
0.119    14.793    -0.000
1.132    13.686    -0.000
2.144    12.579    -0.000
3.157    11.472    -0.000
4.170    10.365    -0.000
5.183    9.258    -0.000
6.197    8.151    -0.000
7.209    7.044    -0.000
8.224    5.939    -0.000
9.239    4.833    -0.000
10.323    3.655    -0.000
11.270    2.624    -0.000
12.283    1.518    -0.000
13.296    0.410    -0.000
14.309    -0.698    -0.000
15.321    -1.805    -0.000
16.334    -2.912    -0.000
17.346    -4.020    -0.000
18.427    -5.200    -0.000
19.372    -6.233    -0.000
20.387    -7.339    -0.000
21.401    -8.445    -0.000
22.415    -9.552    -0.000
23.429    -10.657    -0.000
24.443    -11.763    -0.000
25.457    -12.869    -0.000
26.472    -13.976    -0.000
27.486    -15.081    -0.000
28.500    -16.187    -0.000
29.514    -17.293    -0.000
30.528    -18.398    -0.000
31.540    -19.507    -0.000
32.550    -20.617    -0.000
33.560    -21.726    -0.000
34.570    -22.836    -0.000
35.580    -23.946    -0.000
36.593    -25.052    -0.000
37.607    -26.159    -0.000
38.620    -27.265    -0.000
39.634    -28.373    -0.000
40.651    -29.476    -0.000
41.668    -30.579    -0.000
42.753    -31.755    -0.000
43.703    -32.784    -0.000
44.715    -33.893    -0.000
45.725    -35.002    -0.000
46.736    -36.111    -0.000
47.746    -37.221    -0.000
48.761    -38.326    -0.000
49.845    -39.503    -0.000
50.794    -40.534    -0.000
51.807    -41.640    -0.000
52.818    -42.750    -0.000
53.830    -43.858    -0.000
54.841    -44.966    -0.000
55.854    -46.073    -0.000
56.868    -47.178    -0.000
57.883    -48.285    -0.000
58.897    -49.390    -0.000
59.912    -50.496    -0.000
60.926    -51.601    -0.001
61.940    -52.708    -0.001
62.954    -53.814    -0.001
63.968    -54.920    -0.001
64.982    -56.026    -0.001
65.993    -57.135    -0.001
67.005    -58.244    -0.001
68.016    -59.352    -0.001
69.029    -60.459    -0.001
70.042    -61.565    -0.001
71.055    -62.672    -0.001
72.069    -63.779    -0.001
73.083    -64.885    -0.001
74.099    -65.989    -0.001
75.114    -67.095    -0.001
76.129    -68.200    -0.001
77.143    -69.306    -0.001
78.156    -70.412    -0.001
79.169    -71.519    -0.001
80.183    -72.627    -0.001
81.197    -73.733    -0.001
82.211    -74.838    -0.001
83.226    -75.943    -0.001
84.240    -77.050    -0.001
85.251    -78.158    -0.001
86.263    -79.266    -0.001
87.277    -80.372    -0.001
88.291    -81.479    -0.001
89.373    -82.657    -0.001
90.320    -83.690    -0.001
91.334    -84.795    -0.001
92.416    -85.975    -0.001
93.361    -87.008    -0.001
94.376    -88.114    -0.001
95.390    -89.220    -0.001
96.404    -90.326    -0.001
97.416    -91.434    -0.001
98.429    -92.541    -0.001
99.442    -93.647    -0.001
100.456    -94.754    -0.001
101.469    -95.862    -0.002
102.481    -96.969    -0.002
103.494    -98.076    -0.002
104.508    -99.182    -0.002
105.521    -100.289    -0.002
106.534    -101.396    -0.002
107.548    -102.503    -0.002
108.561    -103.610    -0.002
109.574    -104.716    -0.002
110.588    -105.823    -0.002
111.601    -106.929    -0.002
112.615    -108.035    -0.002
113.629    -109.141    -0.002
114.644    -110.246    -0.002
115.658    -111.353    -0.002
116.673    -112.458    -0.002
117.686    -113.564    -0.002
118.699    -114.671    -0.002
119.713    -115.778    -0.002
120.795    -116.957    -0.002
121.740    -117.992    -0.002
122.752    -119.099    -0.002
123.764    -120.207    -0.002
124.777    -121.314    -0.002
125.789    -122.422    -0.002
126.803    -123.527    -0.002
127.819    -124.632    -0.003
128.833    -125.739    -0.003
129.848    -126.844    -0.003
130.931    -128.022    -0.003
131.879    -129.052    -0.003
132.963    -130.231    -0.003
133.910    -131.262    -0.003
134.926    -132.367    -0.003
135.941    -133.472    -0.003
136.955    -134.578    -0.003
137.968    -135.685    -0.003
138.980    -136.793    -0.003
139.991    -137.901    -0.003
141.002    -139.010    -0.003
142.016    -140.118    -0.003
143.030    -141.223    -0.003
144.044    -142.329    -0.003
145.058    -143.435    -0.003
146.072    -144.542    -0.003
147.086    -145.647    -0.003
148.101    -146.753    -0.003
149.115    -147.859    -0.003
150.129    -148.965    -0.004
151.210    -150.144    -0.004
152.157    -151.177    -0.004
153.171    -152.283    -0.004
154.184    -153.389    -0.004
155.199    -154.496    -0.004
156.213    -155.602    -0.004
157.227    -156.708    -0.004
158.241    -157.813    -0.004
159.253    -158.920    -0.004
160.266    -160.028    -0.004
161.279    -161.135    -0.004
162.292    -162.242    -0.004
163.305    -163.349    -0.004
164.318    -164.456    -0.004
165.331    -165.563    -0.004
166.343    -166.670    -0.004
167.356    -167.777    -0.004
168.370    -168.885    -0.004
169.382    -169.992    -0.005
170.395    -171.099    -0.005
171.408    -172.206    -0.005
172.421    -173.312    -0.005
173.435    -174.419    -0.005
174.449    -175.525    -0.005
175.463    -176.631    -0.005
176.477    -177.737    -0.005
177.491    -178.844    -0.005
178.505    -179.950    -0.005
179.518    -181.056    -0.005
180.532    -182.162    -0.005
181.546    -183.269    -0.005
182.560    -184.375    -0.005
183.573    -185.482    -0.005
184.587    -186.588    -0.005
185.600    -187.695    -0.005
186.613    -188.802    -0.006
187.626    -189.909    -0.006
188.708    -191.089    -0.006
189.654    -192.121    -0.006
190.667    -193.229    -0.006
191.679    -194.336    -0.006
192.692    -195.443    -0.006
193.704    -196.550    -0.006
194.717    -197.659    -0.006
195.730    -198.766    -0.006
196.742    -199.873    -0.006
197.755    -200.980    -0.006
198.767    -202.087    -0.006
199.780    -203.195    -0.006
200.792    -204.302    -0.006
201.806    -205.409    -0.007
202.818    -206.516    -0.007
203.831    -207.625    -0.007
204.843    -208.732    -0.007
205.856    -209.839    -0.007
206.869    -210.946    -0.007
207.884    -212.051    -0.007
208.901    -213.155    -0.007
209.917    -214.259    -0.007
210.933    -215.363    -0.007
211.946    -216.470    -0.007
212.958    -217.578    -0.007
213.971    -218.685    -0.007
214.983    -219.792    -0.007
215.997    -220.899    -0.007
217.010    -222.007    -0.008
218.022    -223.114    -0.008
219.034    -224.221    -0.008
220.047    -225.328    -0.008
221.060    -226.435    -0.008
222.075    -227.542    -0.008
223.088    -228.648    -0.008
224.102    -229.754    -0.008
225.116    -230.860    -0.008
226.130    -231.966    -0.008
227.145    -233.071    -0.008
228.160    -234.176    -0.008
229.176    -235.281    -0.008
230.191    -236.387    -0.009
231.206    -237.492    -0.009
232.220    -238.597    -0.009
233.235    -239.702    -0.009
234.250    -240.807    -0.009
235.265    -241.913    -0.009
236.281    -243.018    -0.009
237.296    -244.122    -0.009
238.311    -245.227    -0.009
239.326    -246.333    -0.009
240.341    -247.438    -0.009
241.356    -248.543    -0.009
242.370    -249.648    -0.010
243.380    -250.758    -0.010
244.389    -251.870    -0.010
245.398    -252.980    -0.010
246.410    -254.088    -0.010
247.424    -255.193    -0.010
248.439    -256.300    -0.010
249.454    -257.405    -0.010
250.469    -258.510    -0.010
251.483    -259.615    -0.010
252.497    -260.722    -0.010
253.511    -261.828    -0.010
254.594    -263.007    -0.011
255.539    -264.039    -0.011
256.554    -265.145    -0.011
257.568    -266.252    -0.011
258.582    -267.358    -0.011
259.663    -268.538    -0.011
260.609    -269.570    -0.011
261.621    -270.678    -0.011
262.633    -271.786    -0.011
263.645    -272.894    -0.011
264.657    -274.002    -0.011
265.669    -275.111    -0.011
266.681    -276.218    -0.012
267.695    -277.324    -0.012
268.708    -278.430    -0.012
269.723    -279.537    -0.012
270.736    -280.644    -0.012
271.750    -281.750    -0.012
272.763    -282.856    -0.012
273.776    -283.963    -0.012
274.787    -285.072    -0.012
275.799    -286.180    -0.012
276.812    -287.288    -0.012
277.824    -288.395    -0.013
278.837    -289.502    -0.013
279.851    -290.609    -0.013
280.865    -291.714    -0.013
281.879    -292.820    -0.013
282.961    -294.000    -0.013
283.908    -295.032    -0.013
284.924    -296.137    -0.013
285.939    -297.241    -0.013
286.955    -298.345    -0.013
287.971    -299.450    -0.014
288.986    -300.554    -0.014
290.000    -301.661    -0.014
291.011    -302.769    -0.014
292.022    -303.878    -0.014
293.034    -304.987    -0.014
294.045    -306.095    -0.014
295.056    -307.204    -0.014
296.070    -308.309    -0.014
297.087    -309.414    -0.014
298.103    -310.518    -0.015
299.119    -311.623    -0.015
300.134    -312.727    -0.015
301.150    -313.832    -0.015
302.165    -314.937    -0.015
303.177    -316.045    -0.015
304.190    -317.152    -0.015
305.202    -318.260    -0.015
306.214    -319.368    -0.015
307.296    -320.548    -0.015
308.243    -321.578    -0.016
309.259    -322.682    -0.016
310.276    -323.787    -0.016
311.293    -324.890    -0.016
312.308    -325.995    -0.016
313.319    -327.103    -0.016
314.330    -328.212    -0.016
315.342    -329.321    -0.016
316.353    -330.429    -0.016
317.365    -331.537    -0.017
318.378    -332.644    -0.017
319.392    -333.751    -0.017
320.406    -334.857    -0.017
321.420    -335.962    -0.017
322.434    -337.068    -0.017
323.448    -338.174    -0.017
324.463    -339.280    -0.017
325.476    -340.387    -0.017
326.490    -341.493    -0.018
327.503    -342.600    -0.018
328.516    -343.707    -0.018
329.529    -344.814    -0.018
330.614    -345.991    -0.018
331.564    -347.020    -0.018
332.582    -348.123    -0.018
333.600    -349.225    -0.018
334.618    -350.327    -0.018
335.635    -351.430    -0.019
336.644    -352.540    -0.019
337.652    -353.653    -0.019
338.660    -354.765    -0.019
339.667    -355.876    -0.019
340.675    -356.988    -0.019
341.682    -358.101    -0.019
342.763    -359.282    -0.019
343.710    -360.313    -0.019
344.724    -361.419    -0.020
345.738    -362.525    -0.020
346.752    -363.631    -0.020
347.767    -364.736    -0.020
348.781    -365.842    -0.020
349.796    -366.948    -0.020
350.812    -368.053    -0.020
351.827    -369.158    -0.020
352.841    -370.263    -0.021
353.856    -371.368    -0.021
354.863    -372.481    -0.021
355.867    -373.595    -0.021
356.873    -374.710    -0.021
357.965    -375.879    -0.021
358.998    -376.968    -0.021
359.953    -377.993    -0.021
360.968    -379.098    -0.022
361.980    -380.205    -0.022
362.991    -381.313    -0.022
364.003    -382.422    -0.022
365.013    -383.532    -0.022
366.022    -384.643    -0.022
367.032    -385.752    -0.022
368.044    -386.860    -0.022
369.057    -387.967    -0.023
370.070    -389.074    -0.023
371.083    -390.181    -0.023
372.164    -391.361    -0.023
373.179    -392.466    -0.023
374.127    -393.498    -0.023
375.142    -394.602    -0.023
376.226    -395.781    -0.023
377.173    -396.812    -0.024
378.257    -397.991    -0.024
379.275    -399.092    -0.024
380.223    -400.122    -0.024
381.233    -401.233    -0.024
382.243    -402.343    -0.024
383.253    -403.452    -0.024
384.262    -404.562    -0.024
385.273    -405.672    -0.025
386.284    -406.781    -0.025
387.294    -407.890    -0.025
388.304    -409.000    -0.025
389.317    -410.107    -0.025
390.332    -411.212    -0.025
391.347    -412.318    -0.025
392.361    -413.424    -0.025
393.375    -414.529    -0.026
394.390    -415.635    -0.026
395.403    -416.742    -0.026
396.414    -417.850    -0.026
397.426    -418.958    -0.026
398.438    -420.067    -0.026
399.449    -421.175    -0.026
400.461    -422.283    -0.027
401.473    -423.391    -0.027
402.486    -424.499    -0.027
403.498    -425.605    -0.027
404.580    -426.786    -0.027
405.526    -427.819    -0.027
406.539    -428.926    -0.027
407.552    -430.033    -0.028
408.568    -431.136    -0.028
409.585    -432.239    -0.028
410.602    -433.343    -0.028
411.620    -434.447    -0.028
412.704    -435.623    -0.028
413.653    -436.653    -0.028
414.738    -437.830    -0.029
415.686    -438.861    -0.029
416.696    -439.971    -0.029
417.706    -441.080    -0.029
418.717    -442.189    -0.029
419.728    -443.298    -0.029
420.738    -444.408    -0.029
421.748    -445.517    -0.030
422.760    -446.625    -0.030
423.773    -447.731    -0.030
424.787    -448.839    -0.030
425.800    -449.946    -0.030
426.814    -451.052    -0.030
427.827    -452.158    -0.030
428.840    -453.266    -0.031
429.853    -454.373    -0.031
430.866    -455.479    -0.031
431.880    -456.586    -0.031
432.893    -457.693    -0.031
433.906    -458.800    -0.031
434.919    -459.907    -0.031
435.931    -461.014    -0.032
436.943    -462.122    -0.032
437.956    -463.230    -0.032
438.968    -464.338    -0.032
439.980    -465.445    -0.032
440.992    -466.553    -0.032
442.005    -467.661    -0.032
443.017    -468.768    -0.033
444.029    -469.876    -0.033
445.042    -470.983    -0.033
446.054    -472.092    -0.033
447.066    -473.199    -0.033
448.077    -474.308    -0.033
449.088    -475.416    -0.034
450.100    -476.525    -0.034
451.112    -477.633    -0.034
452.123    -478.741    -0.034
453.134    -479.850    -0.034
454.145    -480.958    -0.034
455.157    -482.067    -0.034
456.168    -483.176    -0.035
457.180    -484.284    -0.035
458.192    -485.392    -0.035
459.273    -486.572    -0.035
460.219    -487.605    -0.035
461.233    -488.711    -0.035
462.247    -489.817    -0.036
463.261    -490.923    -0.036
464.276    -492.029    -0.036
465.289    -493.135    -0.036
466.303    -494.241    -0.036
467.317    -495.348    -0.036
468.400    -496.526    -0.037
469.418    -497.629    -0.037
470.366    -498.658    -0.037
471.377    -499.768    -0.037
472.386    -500.879    -0.037
473.387    -501.997    -0.037
474.386    -503.115    -0.038
475.386    -504.235    -0.038
476.386    -505.354    -0.038
477.307    -506.409    -0.038
478.291    -507.542    -0.038
479.275    -508.675    -0.038
480.253    -509.812    -0.039
481.220    -510.961    -0.039
482.186    -512.108    -0.039
483.089    -513.179    -0.039
484.046    -514.334    -0.039
485.003    -515.491    -0.039
485.958    -516.648    -0.039
486.912    -517.806    -0.040
487.861    -518.968    -0.040
488.812    -520.130    -0.040
489.761    -521.291    -0.040
490.570    -522.310    -0.040
491.456    -523.520    -0.040
492.343    -524.731    -0.041
493.230    -525.941    -0.041
494.117    -527.151    -0.041
495.003    -528.362    -0.041
495.955    -529.650    -0.041
496.783    -530.779    -0.041
497.662    -531.995    -0.042
498.541    -533.210    -0.042
499.404    -534.438    -0.042
500.266    -535.667    -0.042
501.067    -536.815    -0.042
501.905    -538.059    -0.042
502.743    -539.305    -0.043
503.460    -540.390    -0.043
504.256    -541.661    -0.043
505.106    -543.018    -0.043
505.838    -544.211    -0.043
506.614    -545.496    -0.044
507.322    -546.704    -0.044
508.069    -548.006    -0.044
508.816    -549.307    -0.044
509.561    -550.610    -0.044
510.284    -551.925    -0.044
511.009    -553.239    -0.045
511.624    -554.384    -0.045
512.307    -555.720    -0.045
513.036    -557.145    -0.045
513.664    -558.396    -0.045
514.315    -559.749    -0.045
514.911    -561.016    -0.046
515.490    -562.292    -0.046
516.100    -563.663    -0.046
516.751    -565.124    -0.046
517.298    -566.413    -0.046
517.838    -567.705    -0.046
518.385    -569.103    -0.047
518.873    -570.416    -0.047
519.387    -571.826    -0.047
519.862    -573.143    -0.047
520.277    -574.375    -0.047
520.666    -575.824    -0.047
521.053    -577.274    -0.047
521.440    -578.724    -0.048
521.785    -580.081    -0.048
522.141    -581.539    -0.048
522.483    -583.000    -0.048
522.785    -584.368    -0.048
523.130    -585.930    -0.048
523.404    -587.202    -0.049
523.681    -588.677    -0.049
523.949    -590.153    -0.049
524.168    -591.536    -0.049
524.378    -593.022    -0.049
524.587    -594.507    -0.049
524.727    -595.800    -0.049
524.847    -597.196    -0.050
524.962    -598.692    -0.050
525.082    -600.288    -0.050
525.189    -601.685    -0.050
525.274    -602.982    -0.050
525.308    -604.582    -0.050
525.323    -605.982    -0.050
525.316    -607.383    -0.051
525.275    -608.883    -0.051
525.233    -610.383    -0.051
525.166    -611.782    -0.051
525.078    -613.179    -0.051
524.950    -614.674    -0.051
524.794    -616.066    -0.051
524.627    -617.557    -0.052
524.478    -618.848    -0.052
524.255    -620.332    -0.052
524.024    -621.815    -0.052
523.785    -623.195    -0.052
523.492    -624.667    -0.052
523.198    -626.138    -0.052
522.887    -627.504    -0.052
522.531    -628.858    -0.052
522.152    -630.206    -0.053
521.719    -631.643    -0.053
521.286    -633.079    -0.053
520.863    -634.415    -0.053
520.394    -635.840    -0.053
519.938    -637.164    -0.053
519.448    -638.476    -0.053
518.909    -639.877    -0.053
518.393    -641.178    -0.053
517.832    -642.570    -0.053
517.270    -643.962    -0.054
516.771    -645.163    -0.054
516.107    -646.508    -0.054
515.443    -647.854    -0.054
514.859    -649.016    -0.054
514.145    -650.335    -0.054
513.450    -651.550    -0.054
512.735    -652.754    -0.054
511.902    -654.122    -0.054
511.121    -655.402    -0.054
510.425    -656.501    -0.054
509.592    -657.749    -0.054
508.746    -658.989    -0.054
507.982    -660.040    -0.054
507.037    -661.332    -0.055
506.208    -662.461    -0.055
505.299    -663.656    -0.055
504.406    -664.862    -0.055
503.575    -665.861    -0.055
502.599    -667.001    -0.055
501.743    -667.979    -0.055
500.723    -669.080    -0.055
499.689    -670.167    -0.055
498.786    -671.103    -0.055
497.705    -672.143    -0.055
496.623    -673.183    -0.055
495.595    -674.134    -0.055
494.475    -675.132    -0.055
493.416    -676.049    -0.055
492.343    -676.949    -0.055
491.175    -677.891    -0.055
490.084    -678.770    -0.055
488.962    -679.608    -0.055
487.760    -680.505    -0.055
486.554    -681.399    -0.055
485.482    -682.135    -0.055
484.235    -682.968    -0.055
482.987    -683.802    -0.055
481.800    -684.544    -0.055
480.606    -685.276    -0.055
479.316    -686.043    -0.055
478.012    -686.785    -0.055
476.708    -687.528    -0.055
475.491    -688.220    -0.055
474.273    -688.911    -0.055
473.014    -689.525    -0.055
471.747    -690.122    -0.055
470.373    -690.727    -0.055
469.091    -691.291    -0.055
467.799    -691.830    -0.055
466.402    -692.377    -0.055
465.092    -692.874    -0.055
463.773    -693.340    -0.055
462.352    -693.824    -0.055
460.931    -694.309    -0.055
459.594    -694.723    -0.055
458.251    -695.121    -0.054
456.806    -695.524    -0.054
455.449    -695.870    -0.054
453.995    -696.240    -0.054
452.733    -696.553    -0.054
451.164    -696.875    -0.054
449.792    -697.152    -0.054
448.415    -697.405    -0.054
446.931    -697.636    -0.054
445.548    -697.850    -0.054
444.160    -698.031    -0.054
442.668    -698.194    -0.054
441.373    -698.325    -0.054
439.877    -698.422    -0.054
438.380    -698.519    -0.053
436.981    -698.599    -0.053
435.481    -698.654    -0.053
433.982    -698.697    -0.053
432.581    -698.702    -0.053
431.081    -698.688    -0.053
429.680    -698.675    -0.053
428.281    -698.620    -0.053
426.782    -698.543    -0.053
425.386    -698.442    -0.053
424.193    -698.309    -0.052
422.608    -698.087    -0.052
421.221    -697.894    -0.052
419.738    -697.666    -0.052
418.255    -697.436    -0.052
416.773    -697.200    -0.052
415.392    -696.968    -0.052
414.017    -696.700    -0.052
412.650    -696.397    -0.051
411.188    -696.058    -0.051
409.627    -695.706    -0.051
408.457    -695.440    -0.051
407.013    -695.028    -0.051
405.473    -694.595    -0.051
404.227    -694.222    -0.051
402.895    -693.790    -0.051
401.475    -693.308    -0.050
400.055    -692.821    -0.050
398.844    -692.347    -0.050
397.452    -691.787    -0.050
396.166    -691.233    -0.050
394.884    -690.668    -0.050
393.525    -690.032    -0.050
392.274    -689.403    -0.049
390.933    -688.729    -0.049
389.684    -688.097    -0.049
388.372    -687.367    -0.049
387.155    -686.677    -0.049
385.945    -685.971    -0.049
384.759    -685.226    -0.049
383.488    -684.426    -0.048
382.302    -683.681    -0.048
381.063    -682.836    -0.048
379.916    -682.032    -0.048
378.788    -681.203    -0.048
377.508    -680.242    -0.048
376.387    -679.402    -0.047
375.271    -678.556    -0.047
374.102    -677.616    -0.047
373.029    -676.715    -0.047
371.970    -675.798    -0.047
370.856    -674.794    -0.047
369.742    -673.789    -0.046
368.784    -672.909    -0.046
367.637    -671.792    -0.046
366.644    -670.805    -0.046
365.738    -669.873    -0.046
364.723    -668.768    -0.046
363.707    -667.663    -0.045
362.775    -666.619    -0.045
361.796    -665.481    -0.045
360.902    -664.403    -0.045
360.030    -663.307    -0.045
359.117    -662.117    -0.045
358.199    -660.930    -0.044
357.274    -659.748    -0.044
356.510    -658.696    -0.044
355.729    -657.533    -0.044
354.914    -656.274    -0.044
354.098    -655.014    -0.044
353.361    -653.825    -0.043
352.588    -652.539    -0.043
351.833    -651.242    -0.043
351.152    -650.018    -0.043
350.424    -648.705    -0.043
349.698    -647.391    -0.043
349.106    -646.235    -0.042
348.434    -644.892    -0.042
347.772    -643.546    -0.042
347.184    -642.275    -0.042
346.554    -640.913    -0.042
345.926    -639.551    -0.042
345.376    -638.262    -0.041
344.840    -636.968    -0.041
344.286    -635.574    -0.041
343.786    -634.266    -0.041
343.249    -632.864    -0.041
342.756    -631.554    -0.041
342.264    -630.136    -0.040
341.772    -628.719    -0.040
341.327    -627.391    -0.040
340.875    -625.960    -0.040
340.424    -624.529    -0.040
340.027    -623.186    -0.040
339.619    -621.742    -0.039
339.224    -620.294    -0.039
338.843    -618.843    -0.039
338.468    -617.390    -0.039
338.118    -616.034    -0.039
337.806    -614.669    -0.039
337.477    -613.205    -0.038
337.158    -611.738    -0.038
336.791    -610.180    -0.038
336.444    -608.721    -0.038
336.097    -607.261    -0.038
335.858    -605.982    -0.038
335.585    -604.507    -0.038
335.345    -603.127    -0.037
335.101    -601.647    -0.037
334.857    -600.166    -0.037
334.654    -598.781    -0.037
334.445    -597.295    -0.037
334.233    -595.809    -0.037
334.042    -594.321    -0.037
333.856    -592.831    -0.036
333.682    -591.442    -0.036
333.518    -589.950    -0.036
333.366    -588.458    -0.036
333.219    -586.964    -0.036
333.080    -585.470    -0.036
332.943    -583.977    -0.036
332.818    -582.581    -0.035
332.703    -581.085    -0.035
332.589    -579.589    -0.035
332.478    -578.092    -0.035
332.389    -576.594    -0.035
332.300    -575.097    -0.035
332.220    -573.698    -0.035
332.142    -572.200    -0.034
332.064    -570.702    -0.034
331.989    -569.203    -0.034
331.932    -567.704    -0.034
331.877    -566.203    -0.034
331.825    -564.704    -0.034
331.779    -563.205    -0.034
331.733    -561.704    -0.033
331.688    -560.204    -0.033
331.646    -558.705    -0.033
331.608    -557.305    -0.033
331.570    -555.804    -0.033
331.534    -554.305    -0.033
331.498    -552.804    -0.033
331.463    -551.304    -0.033
331.427    -549.804    -0.032
331.393    -548.303    -0.032
331.360    -546.804    -0.032
331.329    -545.304    -0.032
331.299    -543.803    -0.032
331.268    -542.303    -0.032
331.238    -540.802    -0.032
331.207    -539.302    -0.031
331.181    -537.803    -0.031
331.155    -536.302    -0.031
331.130    -534.802    -0.031
331.104    -533.301    -0.031
331.079    -531.801    -0.031
331.053    -530.301    -0.031
331.027    -528.800    -0.031
331.002    -527.300    -0.030
330.977    -525.799    -0.030
330.952    -524.299    -0.030
330.927    -522.799    -0.030
330.900    -521.299    -0.030
330.875    -519.799    -0.030
330.850    -518.298    -0.030
330.825    -516.798    -0.030
330.800    -515.297    -0.029
330.775    -513.797    -0.029
330.747    -512.297    -0.029
330.721    -510.796    -0.029
330.695    -509.296    -0.029
330.669    -507.795    -0.029
330.643    -506.295    -0.029
330.615    -504.796    -0.029
330.587    -503.295    -0.028
330.559    -501.795    -0.028
330.531    -500.294    -0.028
330.503    -498.794    -0.028
330.475    -497.294    -0.028
330.447    -495.793    -0.028
330.422    -494.293    -0.028
330.397    -492.792    -0.028
330.371    -491.293    -0.028
330.346    -489.792    -0.027
330.321    -488.292    -0.027
330.296    -486.792    -0.027
330.271    -485.291    -0.027
330.246    -483.791    -0.027
330.222    -482.290    -0.027
330.197    -480.790    -0.027
330.171    -479.289    -0.027
330.144    -477.789    -0.026
330.117    -476.289    -0.026
330.091    -474.788    -0.026
330.064    -473.289    -0.026
330.038    -471.788    -0.026
330.011    -470.288    -0.026
329.986    -468.788    -0.026
329.961    -467.287    -0.026
329.936    -465.787    -0.026
329.911    -464.286    -0.025
329.886    -462.786    -0.025
329.861    -461.285    -0.025
329.835    -459.785    -0.025
329.810    -458.285    -0.025
329.784    -456.785    -0.025
329.759    -455.285    -0.025
329.733    -453.784    -0.025
329.694    -452.284    -0.025
329.648    -450.684    -0.024
329.609    -449.284    -0.024
329.566    -447.784    -0.024
329.520    -446.185    -0.024
329.480    -444.784    -0.024
329.412    -443.185    -0.024
329.348    -441.686    -0.024
329.269    -440.088    -0.024
329.180    -438.690    -0.024
329.079    -437.092    -0.024
328.993    -435.695    -0.023
328.892    -434.097    -0.023
328.768    -432.602    -0.023
328.634    -431.107    -0.023
328.499    -429.613    -0.023
328.355    -428.019    -0.023
328.202    -426.526    -0.023
328.034    -425.035    -0.023
327.864    -423.544    -0.023
327.663    -421.956    -0.022
327.472    -420.467    -0.022
327.278    -418.980    -0.022
327.071    -417.494    -0.022
326.820    -415.913    -0.022
326.578    -414.433    -0.022
326.339    -412.951    -0.022
326.100    -411.469    -0.022
325.852    -409.989    -0.022
325.574    -408.413    -0.021
325.293    -406.940    -0.021
325.002    -405.467    -0.021
324.707    -403.996    -0.021
324.411    -402.525    -0.021
324.079    -400.959    -0.021
323.759    -399.493    -0.021
323.427    -398.030    -0.021
323.086    -396.568    -0.021
322.743    -395.108    -0.020
322.395    -393.648    -0.020
322.012    -392.094    -0.020
321.654    -390.637    -0.020
321.296    -389.179    -0.020
320.963    -387.819    -0.020
320.477    -386.086    -0.020
320.017    -384.658    -0.020
319.601    -383.321    -0.020
319.176    -381.882    -0.019
318.751    -380.443    -0.019
318.287    -378.911    -0.019
317.838    -377.480    -0.019
317.416    -376.144    -0.019
316.926    -374.620    -0.019
316.456    -373.195    -0.019
315.986    -371.770    -0.019
315.500    -370.350    -0.019
315.006    -368.934    -0.018
314.512    -367.516    -0.018
313.967    -366.012    -0.018
313.451    -364.603    -0.018
312.899    -363.101    -0.018
312.357    -361.701    -0.018
311.852    -360.395    -0.018
311.270    -358.904    -0.018
310.704    -357.514    -0.018
310.138    -356.125    -0.018
309.565    -354.738    -0.017
308.981    -353.356    -0.017
308.357    -351.881    -0.017
307.764    -350.503    -0.017
307.151    -349.133    -0.017
306.539    -347.764    -0.017
305.866    -346.311    -0.017
305.227    -344.954    -0.017
304.586    -343.597    -0.017
303.882    -342.160    -0.016
303.261    -340.904    -0.016
302.552    -339.469    -0.016
301.874    -338.130    -0.016
301.193    -336.794    -0.016
300.464    -335.369    -0.016
299.757    -334.045    -0.016
299.098    -332.809    -0.016
298.342    -331.398    -0.016
297.620    -330.083    -0.016
296.898    -328.767    -0.015
296.113    -327.373    -0.015
295.351    -326.081    -0.015
294.588    -324.788    -0.015
293.766    -323.415    -0.015
292.987    -322.133    -0.015
292.260    -320.936    -0.015
291.405    -319.582    -0.015
290.596    -318.319    -0.015
289.732    -316.971    -0.014
288.912    -315.714    -0.014
288.093    -314.458    -0.014
287.264    -313.206    -0.014
286.422    -311.964    -0.014
285.580    -310.722    -0.014
284.731    -309.485    -0.014
283.819    -308.170    -0.014
282.962    -306.938    -0.014
282.099    -305.711    -0.014
281.232    -304.486    -0.013
280.367    -303.260    -0.013
279.427    -301.964    -0.013
278.604    -300.831    -0.013
277.663    -299.537    -0.013
276.756    -298.341    -0.013
275.849    -297.146    -0.013
274.870    -295.879    -0.013
273.934    -294.707    -0.013
272.997    -293.534    -0.013
271.982    -292.297    -0.013
271.013    -291.151    -0.012
270.044    -290.007    -0.012
269.065    -288.868    -0.012
268.082    -287.735    -0.012
267.099    -286.601    -0.012
266.028    -285.411    -0.012
265.020    -284.300    -0.012
264.011    -283.190    -0.012
263.002    -282.080    -0.012
261.992    -280.969    -0.012
260.982    -279.860    -0.011
259.971    -278.751    -0.011
258.961    -277.642    -0.011
257.949    -276.532    -0.011
256.937    -275.425    -0.011
255.924    -274.318    -0.011
254.913    -273.209    -0.011
253.905    -272.098    -0.011
252.896    -270.987    -0.011
251.887    -269.877    -0.011
250.878    -268.766    -0.011
249.868    -267.655    -0.011
248.858    -266.545    -0.010
247.846    -265.438    -0.010
246.834    -264.330    -0.010
245.822    -263.222    -0.010
244.809    -262.115    -0.010
243.796    -261.008    -0.010
242.785    -259.900    -0.010
241.773    -258.791    -0.010
240.761    -257.683    -0.010
239.749    -256.576    -0.010
238.737    -255.468    -0.010
237.724    -254.360    -0.010
236.711    -253.253    -0.009
235.698    -252.147    -0.009
234.685    -251.040    -0.009
233.671    -249.933    -0.009
232.658    -248.827    -0.009
231.642    -247.722    -0.009
230.626    -246.618    -0.009
229.610    -245.514    -0.009
228.595    -244.408    -0.009
227.579    -243.305    -0.009
226.564    -242.199    -0.009
225.552    -241.091    -0.009
224.540    -239.983    -0.008
223.527    -238.875    -0.008
222.515    -237.768    -0.008
221.503    -236.661    -0.008
220.487    -235.557    -0.008
219.471    -234.452    -0.008
218.454    -233.348    -0.008
217.438    -232.245    -0.008
216.421    -231.141    -0.008
215.406    -230.035    -0.008
214.392    -228.929    -0.008
213.378    -227.824    -0.008
212.363    -226.719    -0.008
211.349    -225.613    -0.008
210.334    -224.507    -0.007
209.319    -223.402    -0.007
208.304    -222.297    -0.007
207.290    -221.191    -0.007
206.275    -220.085    -0.007
205.260    -218.980    -0.007
204.249    -217.872    -0.007
203.238    -216.763    -0.007
202.227    -215.654    -0.007
201.216    -214.545    -0.007
200.205    -213.436    -0.007
199.193    -212.328    -0.007
198.180    -211.222    -0.007
197.167    -210.114    -0.007
196.153    -209.008    -0.006
195.139    -207.902    -0.006
194.126    -206.795    -0.006
193.112    -205.689    -0.006
192.098    -204.583    -0.006
191.083    -203.478    -0.006
190.068    -202.372    -0.006
189.053    -201.267    -0.006
188.039    -200.161    -0.006
187.024    -199.056    -0.006
186.009    -197.951    -0.006
184.994    -196.846    -0.006
183.979    -195.740    -0.006
182.964    -194.635    -0.006
181.953    -193.526    -0.006
180.942    -192.418    -0.005
179.930    -191.309    -0.005
178.919    -190.201    -0.005
177.907    -189.093    -0.005
176.894    -187.987    -0.005
175.878    -186.882    -0.005
174.863    -185.776    -0.005
173.848    -184.671    -0.005
172.833    -183.566    -0.005
171.818    -182.461    -0.005
170.806    -181.353    -0.005
169.793    -180.246    -0.005
168.779    -179.140    -0.005
167.766    -178.033    -0.005
166.753    -176.926    -0.005
165.741    -175.818    -0.005
164.729    -174.711    -0.005
163.716    -173.604    -0.004
162.703    -172.496    -0.004
161.690    -171.388    -0.004
160.677    -170.282    -0.004
159.663    -169.176    -0.004
158.649    -168.070    -0.004
157.635    -166.963    -0.004
156.621    -165.858    -0.004
155.606    -164.752    -0.004
154.592    -163.647    -0.004
153.578    -162.541    -0.004
152.564    -161.434    -0.004
151.550    -160.328    -0.004
150.536    -159.223    -0.004
149.522    -158.117    -0.004
148.508    -157.009    -0.004
147.495    -155.903    -0.004
146.481    -154.796    -0.004
145.468    -153.690    -0.004
144.455    -152.583    -0.003
143.441    -151.477    -0.003
142.426    -150.371    -0.003
141.413    -149.265    -0.003
140.399    -148.159    -0.003
139.385    -147.052    -0.003
138.370    -145.947    -0.003
137.356    -144.842    -0.003
136.341    -143.736    -0.003
135.326    -142.630    -0.003
134.311    -141.525    -0.003
133.297    -140.419    -0.003
132.283    -139.313    -0.003
131.270    -138.207    -0.003
130.256    -137.101    -0.003
129.241    -135.995    -0.003
128.227    -134.889    -0.003
127.215    -133.782    -0.003
126.204    -132.672    -0.003
125.194    -131.563    -0.003
124.183    -130.454    -0.003
123.172    -129.345    -0.003
122.159    -128.237    -0.002
121.145    -127.131    -0.002
120.131    -126.025    -0.002
119.117    -124.920    -0.002
118.102    -123.815    -0.002
117.088    -122.708    -0.002
116.074    -121.603    -0.002
115.059    -120.497    -0.002
114.045    -119.391    -0.002
113.031    -118.284    -0.002
112.017    -117.179    -0.002
111.002    -116.073    -0.002
109.988    -114.968    -0.002
108.974    -113.862    -0.002
107.959    -112.755    -0.002
106.945    -111.649    -0.002
105.931    -110.544    -0.002
104.917    -109.438    -0.002
103.903    -108.332    -0.002
102.889    -107.226    -0.002
101.874    -106.121    -0.002
100.859    -105.016    -0.002
99.844    -103.911    -0.002
98.831    -102.803    -0.002
97.818    -101.696    -0.002
96.805    -100.590    -0.002
95.792    -99.483    -0.001
94.777    -98.376    -0.001
93.764    -97.270    -0.001
92.749    -96.164    -0.001
91.735    -95.059    -0.001
90.721    -93.952    -0.001
89.706    -92.847    -0.001
88.692    -91.742    -0.001
87.679    -90.634    -0.001
86.668    -89.526    -0.001
85.656    -88.417    -0.001
84.644    -87.309    -0.001
83.632    -86.202    -0.001
82.620    -85.094    -0.001
81.607    -83.987    -0.001
80.593    -82.880    -0.001
79.579    -81.774    -0.001
78.566    -80.668    -0.001
77.552    -79.561    -0.001
76.538    -78.456    -0.001
75.523    -77.351    -0.001
74.507    -76.245    -0.001
73.493    -75.140    -0.001
72.478    -74.034    -0.001
71.465    -72.927    -0.001
70.453    -71.820    -0.001
69.441    -70.712    -0.001
68.429    -69.604    -0.001
67.416    -68.497    -0.001
66.403    -67.390    -0.001
65.390    -66.283    -0.001
64.376    -65.176    -0.001
63.362    -64.070    -0.001
62.348    -62.965    -0.001
61.334    -61.859    -0.001
60.320    -60.753    -0.001
59.307    -59.645    -0.001
58.294    -58.538    -0.001
57.282    -57.431    -0.001
56.269    -56.324    -0.000
55.256    -55.217    -0.000
54.242    -54.110    -0.000
53.230    -53.002    -0.000
52.218    -51.895    -0.000
51.205    -50.787    -0.000
50.193    -49.680    -0.000
49.180    -48.573    -0.000
48.169    -47.465    -0.000
47.156    -46.357    -0.000
46.144    -45.248    -0.000
45.132    -44.141    -0.000
44.120    -43.033    -0.000
43.106    -41.928    -0.000
42.091    -40.822    -0.000
41.075    -39.717    -0.000
40.060    -38.612    -0.000
39.045    -37.507    -0.000
38.031    -36.401    -0.000
37.019    -35.293    -0.000
36.007    -34.186    -0.000
34.994    -33.079    -0.000
33.981    -31.972    -0.000
32.969    -30.863    -0.000
31.954    -29.758    -0.000
30.939    -28.653    -0.000
29.924    -27.548    -0.000
28.909    -26.442    -0.000
27.894    -25.338    -0.000
26.878    -24.233    -0.000
25.868    -23.124    -0.000
24.857    -22.014    -0.000
23.846    -20.906    -0.000
22.835    -19.797    -0.000
21.824    -18.689    -0.000
20.810    -17.582    -0.000
19.795    -16.476    -0.000
18.780    -15.371    -0.000
17.765    -14.266    -0.000
16.750    -13.162    -0.000
15.735    -12.056    -0.000
14.722    -10.949    -0.000
13.709    -9.842    -0.000
12.696    -8.735    -0.000
11.684    -7.628    -0.000
10.671    -6.520    -0.000
9.658    -5.413    -0.000
8.644    -4.308    -0.000
7.629    -3.202    -0.000
6.614    -2.096    -0.000
5.599    -0.991    -0.000
4.585    0.114    -0.000
3.572    1.221    -0.000
2.559    2.329    -0.000
