-3.038    -2.690    -0.000
-3.982    -1.656    -0.000
-5.062    -0.474    -0.000
-6.007    0.560    -0.000
-7.020    1.667    -0.000
-8.100    2.848    -0.000
-9.046    3.880    -0.000
-10.059    4.987    -0.000
-11.140    6.168    -0.000
-12.086    7.201    -0.000
-13.099    8.307    -0.000
-14.180    9.488    -0.000
-15.126    10.521    -0.000
-16.139    11.627    -0.000
-17.153    12.733    -0.000
-18.171    13.836    -0.000
-19.187    14.940    -0.000
-20.204    16.044    -0.000
-21.220    17.148    -0.000
-22.237    18.251    -0.000
-23.250    19.357    -0.000
-24.262    20.466    -0.000
-25.275    21.574    -0.000
-26.287    22.681    -0.000
-27.299    23.789    -0.000
-28.311    24.896    -0.000
-29.393    26.077    -0.000
-30.338    27.110    -0.000
-31.351    28.216    -0.000
-32.366    29.322    -0.000
-33.379    30.430    -0.000
-34.394    31.535    -0.000
-35.410    32.639    -0.000
-36.425    33.743    -0.000
-37.441    34.847    -0.000
-38.457    35.952    -0.000
-39.474    37.056    -0.000
-40.485    38.165    -0.000
-41.495    39.274    -0.000
-42.504    40.385    -0.000
-43.582    41.569    -0.000
-44.524    42.604    -0.000
-45.536    43.712    -0.000
-46.552    44.817    -0.000
-47.567    45.922    -0.000
-48.583    47.026    -0.000
-49.598    48.130    -0.000
-50.614    49.235    -0.000
-51.628    50.341    -0.000
-52.643    51.447    -0.000
-53.657    52.552    -0.000
-54.672    53.658    -0.000
-55.686    54.765    -0.000
-56.768    55.944    -0.000
-57.712    56.977    -0.001
-58.725    58.084    -0.001
-59.739    59.192    -0.001
-60.751    60.299    -0.001
-61.764    61.406    -0.001
-62.777    62.513    -0.001
-63.789    63.620    -0.001
-64.802    64.728    -0.001
-65.815    65.835    -0.001
-66.828    66.942    -0.001
-67.840    68.049    -0.001
-68.854    69.156    -0.001
-69.868    70.262    -0.001
-70.882    71.368    -0.001
-71.895    72.474    -0.001
-72.910    73.581    -0.001
-73.924    74.687    -0.001
-74.937    75.793    -0.001
-75.951    76.900    -0.001
-76.964    78.006    -0.001
-77.978    79.113    -0.001
-78.992    80.219    -0.001
-80.005    81.326    -0.001
-81.085    82.507    -0.001
-82.098    83.614    -0.001
-83.111    84.721    -0.001
-84.056    85.755    -0.001
-85.068    86.862    -0.001
-86.147    88.045    -0.001
-87.091    89.080    -0.001
-88.102    90.188    -0.001
-89.113    91.297    -0.001
-90.192    92.480    -0.001
-91.137    93.513    -0.001
-92.220    94.692    -0.001
-93.168    95.722    -0.001
-94.183    96.827    -0.001
-95.198    97.933    -0.001
-96.212    99.038    -0.001
-97.226    100.144    -0.002
-98.240    101.250    -0.002
-99.255    102.356    -0.002
-100.269    103.462    -0.002
-101.283    104.568    -0.002
-102.297    105.674    -0.002
-103.311    106.780    -0.002
-104.325    107.887    -0.002
-105.339    108.993    -0.002
-106.353    110.099    -0.002
-107.367    111.205    -0.002
-108.380    112.313    -0.002
-109.392    113.420    -0.002
-110.405    114.527    -0.002
-111.417    115.634    -0.002
-112.430    116.741    -0.002
-113.444    117.849    -0.002
-114.457    118.955    -0.002
-115.537    120.136    -0.002
-116.552    121.242    -0.002
-117.498    122.275    -0.002
-118.511    123.381    -0.002
-119.527    124.486    -0.002
-120.542    125.591    -0.002
-121.557    126.696    -0.002
-122.571    127.802    -0.002
-123.586    128.907    -0.003
-124.600    130.013    -0.003
-125.680    131.195    -0.003
-126.625    132.229    -0.003
-127.637    133.337    -0.003
-128.649    134.444    -0.003
-129.661    135.551    -0.003
-130.675    136.658    -0.003
-131.690    137.763    -0.003
-132.704    138.869    -0.003
-133.718    139.975    -0.003
-134.733    141.080    -0.003
-135.747    142.187    -0.003
-136.828    143.368    -0.003
-137.773    144.400    -0.003
-138.854    145.581    -0.003
-139.801    146.614    -0.003
-140.814    147.720    -0.003
-141.827    148.827    -0.003
-142.906    150.009    -0.003
-143.851    151.043    -0.003
-144.931    152.224    -0.003
-145.875    153.258    -0.004
-146.889    154.365    -0.004
-147.902    155.471    -0.004
-148.916    156.578    -0.004
-149.930    157.684    -0.004
-150.943    158.790    -0.004
-151.957    159.896    -0.004
-152.969    161.005    -0.004
-154.049    162.186    -0.004
-155.060    163.295    -0.004
-156.072    164.403    -0.004
-157.084    165.511    -0.004
-158.028    166.545    -0.004
-159.042    167.651    -0.004
-160.056    168.757    -0.004
-161.070    169.864    -0.004
-162.083    170.971    -0.004
-163.096    172.077    -0.004
-164.112    173.182    -0.004
-165.128    174.286    -0.005
-166.144    175.390    -0.005
-167.161    176.494    -0.005
-168.177    177.598    -0.005
-169.192    178.703    -0.005
-170.272    179.884    -0.005
-171.218    180.917    -0.005
-172.231    182.024    -0.005
-173.243    183.131    -0.005
-174.257    184.238    -0.005
-175.325    185.430    -0.005
-176.320    186.554    -0.005
-177.315    187.677    -0.005
-178.310    188.800    -0.005
-179.304    189.924    -0.005
-180.300    191.046    -0.005
-181.295    192.169    -0.005
-182.290    193.293    -0.006
-183.237    194.324    -0.006
-184.260    195.421    -0.006
-185.286    196.517    -0.006
-186.312    197.612    -0.006
-187.339    198.706    -0.006
-188.365    199.801    -0.006
-189.326    200.820    -0.006
-190.371    201.898    -0.006
-191.415    202.975    -0.006
-192.352    203.938    -0.006
-193.401    205.011    -0.006
-194.449    206.085    -0.006
-195.499    207.157    -0.006
-196.550    208.229    -0.006
-197.600    209.300    -0.007
-198.596    210.285    -0.007
-199.666    211.336    -0.007
-200.740    212.385    -0.007
-201.822    213.424    -0.007
-202.904    214.464    -0.007
-203.916    215.432    -0.007
-205.003    216.466    -0.007
-206.092    217.499    -0.007
-207.183    218.529    -0.007
-208.279    219.554    -0.007
-209.376    220.578    -0.007
-210.474    221.601    -0.007
-211.576    222.618    -0.007
-212.680    223.635    -0.007
-213.715    224.579    -0.008
-214.828    225.585    -0.008
-215.940    226.592    -0.008
-217.053    227.598    -0.008
-218.240    228.673    -0.008
-219.279    229.612    -0.008
-220.408    230.600    -0.008
-221.537    231.588    -0.008
-222.667    232.576    -0.008
-223.731    233.488    -0.008
-224.870    234.463    -0.008
-226.010    235.439    -0.008
-227.227    236.479    -0.008
-228.292    237.388    -0.009
-229.439    238.355    -0.009
-230.595    239.313    -0.009
-231.675    240.205    -0.009
-232.840    241.150    -0.009
-234.006    242.095    -0.009
-235.171    243.041    -0.009
-236.337    243.986    -0.009
-237.502    244.930    -0.009
-238.677    245.864    -0.009
-239.856    246.791    -0.009
-241.036    247.718    -0.009
-242.137    248.584    -0.009
-243.395    249.574    -0.010
-244.496    250.439    -0.010
-245.681    251.359    -0.010
-246.867    252.279    -0.010
-248.053    253.198    -0.010
-249.254    254.098    -0.010
-250.455    254.998    -0.010
-251.659    255.893    -0.010
-252.866    256.785    -0.010
-254.074    257.676    -0.010
-255.205    258.500    -0.010
-256.423    259.377    -0.010
-257.640    260.255    -0.011
-258.861    261.127    -0.011
-260.085    261.995    -0.011
-261.308    262.864    -0.011
-262.455    263.669    -0.011
-263.772    264.579    -0.011
-265.007    265.432    -0.011
-266.241    266.283    -0.011
-267.395    267.078    -0.011
-268.631    267.928    -0.011
-269.864    268.784    -0.011
-271.097    269.640    -0.011
-272.329    270.496    -0.012
-273.561    271.352    -0.012
-274.794    272.207    -0.012
-275.964    272.978    -0.012
-277.222    273.794    -0.012
-278.482    274.611    -0.012
-279.740    275.427    -0.012
-281.000    276.243    -0.012
-282.260    277.058    -0.012
-283.525    277.865    -0.012
-284.789    278.673    -0.012
-285.979    279.412    -0.013
-287.261    280.191    -0.013
-288.544    280.970    -0.013
-289.826    281.749    -0.013
-291.108    282.529    -0.013
-292.391    283.307    -0.013
-293.594    284.024    -0.013
-294.972    284.840    -0.013
-296.176    285.553    -0.013
-297.473    286.309    -0.013
-298.769    287.065    -0.013
-300.067    287.818    -0.014
-301.368    288.565    -0.014
-302.670    289.312    -0.014
-303.975    290.052    -0.014
-305.283    290.788    -0.014
-306.590    291.524    -0.014
-307.902    292.254    -0.014
-309.213    292.983    -0.014
-310.437    293.663    -0.014
-311.761    294.370    -0.014
-313.084    295.077    -0.015
-314.408    295.783    -0.015
-315.734    296.486    -0.015
-317.060    297.189    -0.015
-318.299    297.842    -0.015
-319.719    298.580    -0.015
-321.051    299.271    -0.015
-322.296    299.913    -0.015
-323.635    300.590    -0.015
-324.974    301.267    -0.015
-326.316    301.938    -0.016
-327.661    302.603    -0.016
-329.005    303.269    -0.016
-330.354    303.929    -0.016
-331.613    304.541    -0.016
-332.964    305.196    -0.016
-334.320    305.836    -0.016
-335.679    306.472    -0.016
-337.039    307.108    -0.016
-338.398    307.742    -0.016
-339.759    308.376    -0.017
-341.118    309.011    -0.017
-342.485    309.629    -0.017
-343.762    310.204    -0.017
-345.131    310.820    -0.017
-346.501    311.432    -0.017
-347.871    312.044    -0.017
-349.242    312.652    -0.017
-350.620    313.247    -0.017
-351.998    313.841    -0.017
-353.286    314.393    -0.018
-354.759    315.017    -0.018
-356.141    315.603    -0.018
-357.436    316.136    -0.018
-358.824    316.706    -0.018
-360.213    317.276    -0.018
-361.600    317.845    -0.018
-362.988    318.416    -0.018
-364.284    318.948    -0.018
-365.682    319.492    -0.018
-367.081    320.035    -0.019
-368.480    320.578    -0.019
-369.881    321.115    -0.019
-371.282    321.653    -0.019
-372.685    322.185    -0.019
-374.090    322.712    -0.019
-375.495    323.237    -0.019
-376.808    323.727    -0.019
-378.309    324.280    -0.019
-379.624    324.763    -0.020
-381.034    325.276    -0.020
-382.445    325.785    -0.020
-383.857    326.295    -0.020
-385.273    326.792    -0.020
-386.692    327.281    -0.020
-388.111    327.769    -0.020
-389.441    328.205    -0.020
-390.868    328.671    -0.020
-392.295    329.135    -0.021
-393.723    329.596    -0.021
-395.153    330.049    -0.021
-396.583    330.501    -0.021
-398.015    330.954    -0.021
-399.446    331.404    -0.021
-400.877    331.855    -0.021
-402.309    332.304    -0.021
-403.645    332.723    -0.021
-405.082    333.155    -0.022
-406.519    333.588    -0.022
-407.957    334.016    -0.022
-409.397    334.439    -0.022
-410.837    334.862    -0.022
-412.275    335.292    -0.022
-413.712    335.723    -0.022
-415.149    336.153    -0.022
-416.590    336.572    -0.022
-418.031    336.989    -0.023
-419.473    337.405    -0.023
-420.915    337.821    -0.023
-422.357    338.238    -0.023
-423.798    338.654    -0.023
-425.240    339.070    -0.023
-426.681    339.487    -0.023
-428.123    339.904    -0.023
-429.564    340.320    -0.024
-431.006    340.738    -0.024
-432.447    341.154    -0.024
-433.888    341.572    -0.024
-435.330    341.988    -0.024
-436.772    342.405    -0.024
-438.213    342.822    -0.024
-439.655    343.239    -0.024
-441.096    343.655    -0.025
-442.538    344.072    -0.025
-443.979    344.488    -0.025
-445.421    344.905    -0.025
-446.862    345.322    -0.025
-448.304    345.738    -0.025
-449.745    346.153    -0.025
-451.188    346.570    -0.025
-452.629    346.986    -0.026
-454.071    347.402    -0.026
-455.513    347.819    -0.026
-456.954    348.234    -0.026
-458.396    348.650    -0.026
-459.838    349.066    -0.026
-461.279    349.482    -0.026
-462.721    349.897    -0.026
-464.163    350.314    -0.027
-465.604    350.732    -0.027
-467.045    351.151    -0.027
-468.486    351.569    -0.027
-469.927    351.987    -0.027
-471.368    352.407    -0.027
-472.809    352.823    -0.027
-474.251    353.240    -0.027
-475.692    353.657    -0.028
-477.134    354.074    -0.028
-478.575    354.490    -0.028
-480.017    354.908    -0.028
-481.459    355.325    -0.028
-482.900    355.741    -0.028
-484.341    356.159    -0.028
-485.783    356.576    -0.028
-487.224    356.993    -0.029
-488.665    357.410    -0.029
-490.107    357.826    -0.029
-491.548    358.243    -0.029
-492.990    358.660    -0.029
-494.431    359.077    -0.029
-495.873    359.496    -0.029
-497.313    359.918    -0.030
-498.753    360.339    -0.030
-500.194    360.756    -0.030
-501.636    361.172    -0.030
-503.078    361.587    -0.030
-504.519    362.003    -0.030
-505.961    362.419    -0.030
-507.403    362.834    -0.031
-508.845    363.249    -0.031
-510.288    363.663    -0.031
-511.730    364.077    -0.031
-513.172    364.492    -0.031
-514.614    364.906    -0.031
-516.056    365.322    -0.031
-517.497    365.739    -0.031
-518.939    366.155    -0.032
-520.381    366.571    -0.032
-521.822    366.988    -0.032
-523.263    367.405    -0.032
-524.705    367.823    -0.032
-526.146    368.243    -0.032
-527.586    368.662    -0.032
-529.027    369.082    -0.033
-530.468    369.501    -0.033
-531.908    369.920    -0.033
-533.349    370.341    -0.033
-534.789    370.760    -0.033
-536.230    371.179    -0.033
-537.672    371.599    -0.033
-539.112    372.019    -0.034
-540.552    372.439    -0.034
-541.989    372.871    -0.034
-543.426    373.304    -0.034
-544.862    373.738    -0.034
-546.300    374.171    -0.034
-547.736    374.603    -0.035
-549.173    375.037    -0.035
-550.609    375.470    -0.035
-552.045    375.903    -0.035
-553.483    376.337    -0.035
-554.919    376.770    -0.035
-556.356    377.204    -0.035
-557.792    377.637    -0.036
-559.229    378.070    -0.036
-560.665    378.503    -0.036
-562.102    378.936    -0.036
-563.539    379.369    -0.036
-564.975    379.803    -0.036
-566.412    380.236    -0.036
-567.848    380.670    -0.037
-569.286    381.103    -0.037
-570.722    381.536    -0.037
-572.245    382.026    -0.037
-573.673    382.488    -0.037
-575.097    382.961    -0.037
-576.614    383.472    -0.038
-578.028    383.977    -0.038
-579.442    384.476    -0.038
-580.859    384.972    -0.038
-582.271    385.476    -0.038
-583.777    386.019    -0.038
-585.179    386.555    -0.039
-586.582    387.089    -0.039
-587.986    387.618    -0.039
-589.475    388.203    -0.039
-590.866    388.768    -0.039
-592.256    389.333    -0.039
-593.729    389.958    -0.040
-595.107    390.552    -0.040
-596.485    391.145    -0.040
-597.937    391.819    -0.040
-599.206    392.410    -0.040
-600.495    392.960    -0.040
-602.053    393.642    -0.041
-603.411    394.277    -0.041
-604.765    394.925    -0.041
-606.116    395.578    -0.041
-607.633    396.345    -0.041
-608.876    396.993    -0.041
-610.295    397.733    -0.042
-611.623    398.432    -0.042
-613.028    399.198    -0.042
-614.339    399.928    -0.042
-615.730    400.719    -0.042
-617.024    401.478    -0.042
-618.318    402.239    -0.043
-619.529    402.942    -0.043
-620.981    403.826    -0.043
-622.249    404.630    -0.043
-623.589    405.504    -0.043
-624.834    406.342    -0.044
-626.074    407.188    -0.044
-627.318    408.026    -0.044
-628.628    408.945    -0.044
-629.917    409.894    -0.044
-631.122    410.789    -0.044
-632.317    411.696    -0.045
-633.441    412.531    -0.045
-634.784    413.574    -0.045
-635.953    414.515    -0.045
-637.118    415.462    -0.045
-638.337    416.497    -0.046
-639.549    417.543    -0.046
-640.750    418.602    -0.046
-641.852    419.620    -0.046
-642.950    420.642    -0.046
-644.120    421.735    -0.046
-645.182    422.794    -0.047
-646.302    423.939    -0.047
-647.281    424.939    -0.047
-648.447    426.177    -0.047
-649.460    427.285    -0.047
-650.596    428.550    -0.048
-651.534    429.721    -0.048
-652.487    430.879    -0.048
-653.478    432.137    -0.048
-654.406    433.316    -0.048
-655.309    434.515    -0.048
-656.265    435.798    -0.049
-657.203    437.094    -0.049
-658.057    438.328    -0.049
-658.929    439.670    -0.049
-659.738    440.934    -0.049
-660.581    442.295    -0.050
-661.369    443.572    -0.050
-662.245    445.029    -0.050
-662.953    446.351    -0.050
-663.640    447.573    -0.050
-664.414    448.973    -0.050
-665.130    450.405    -0.051
-665.829    451.845    -0.051
-666.467    453.202    -0.051
-667.092    454.567    -0.051
-667.749    456.135    -0.051
-668.318    457.524    -0.051
-668.904    459.013    -0.052
-669.450    460.517    -0.052
-669.962    461.927    -0.052
-670.445    463.349    -0.052
-670.937    464.872    -0.052
-671.396    466.299    -0.052
-671.883    467.929    -0.053
-672.273    469.378    -0.053
-672.665    470.826    -0.053
-673.039    472.486    -0.053
-673.339    473.955    -0.053
-673.629    475.428    -0.053
-673.918    476.900    -0.053
-674.185    478.478    -0.054
-674.450    480.158    -0.054
-674.630    481.647    -0.054
-674.811    483.138    -0.054
-674.990    484.627    -0.054
-675.153    486.219    -0.054
-675.288    487.714    -0.054
-675.382    489.511    -0.055
-675.417    491.011    -0.055
-675.448    492.512    -0.055
-675.478    494.012    -0.055
-675.500    495.612    -0.055
-675.493    497.112    -0.055
-675.479    498.613    -0.055
-675.451    500.113    -0.055
-675.394    501.712    -0.056
-675.302    503.411    -0.056
-675.142    505.003    -0.056
-674.953    506.492    -0.056
-674.764    507.980    -0.056
-674.541    509.565    -0.056
-674.305    511.148    -0.056
-674.028    512.724    -0.056
-673.721    514.192    -0.056
-673.414    515.661    -0.056
-673.107    517.130    -0.057
-672.715    518.784    -0.057
-672.309    520.332    -0.057
-671.867    521.871    -0.057
-671.429    523.306    -0.057
-670.990    524.741    -0.057
-670.444    526.351    -0.057
-669.946    527.767    -0.057
-669.424    529.173    -0.057
-668.902    530.580    -0.057
-668.325    532.073    -0.057
-667.762    533.464    -0.057
-667.095    535.028    -0.057
-666.490    536.401    -0.057
-665.756    537.934    -0.057
-665.006    539.348    -0.058
-664.302    540.674    -0.058
-663.597    541.998    -0.058
-662.806    543.389    -0.058
-662.045    544.681    -0.058
-661.290    545.979    -0.058
-660.590    547.191    -0.058
-659.707    548.645    -0.058
-658.840    549.991    -0.058
-658.020    551.247    -0.058
-657.096    552.554    -0.058
-656.154    553.847    -0.058
-655.258    555.051    -0.058
-654.273    556.312    -0.058
-653.338    557.486    -0.058
-652.321    558.722    -0.058
-651.284    559.941    -0.058
-650.362    560.996    -0.058
-649.326    562.216    -0.058
-648.150    563.444    -0.058
-647.104    564.519    -0.058
-646.058    565.595    -0.058
-644.934    566.734    -0.058
-643.775    567.839    -0.058
-642.586    568.909    -0.058
-641.472    569.915    -0.058
-640.347    570.907    -0.058
-639.135    571.952    -0.058
-637.989    572.922    -0.058
-636.549    574.001    -0.058
-635.331    574.878    -0.058
-633.916    575.821    -0.058
-632.746    576.592    -0.057
-631.597    577.392    -0.057
-630.183    578.336    -0.057
-628.917    579.141    -0.057
-627.644    579.936    -0.057
-626.366    580.721    -0.057
-624.891    581.569    -0.057
-623.682    582.274    -0.057
-622.190    583.092    -0.057
-620.860    583.785    -0.057
-619.439    584.522    -0.057
-618.088    585.175    -0.057
-616.547    585.895    -0.057
-615.176    586.503    -0.057
-613.804    587.108    -0.057
-612.322    587.714    -0.057
-610.933    588.281    -0.056
-609.430    588.831    -0.056
-607.920    589.364    -0.056
-606.503    589.856    -0.056
-604.982    590.355    -0.056
-603.547    590.793    -0.056
-602.011    591.241    -0.056
-600.465    591.655    -0.056
-599.006    592.010    -0.056
-597.451    592.387    -0.056
-595.788    592.743    -0.055
-594.312    593.011    -0.055
-592.833    593.266    -0.055
-591.355    593.522    -0.055
-589.770    593.746    -0.055
-588.183    593.952    -0.055
-586.692    594.119    -0.055
-585.099    594.270    -0.055
-583.604    594.396    -0.054
-581.907    594.509    -0.054
-580.408    594.569    -0.054
-578.907    594.626    -0.054
-577.408    594.680    -0.054
-575.808    594.712    -0.054
-574.208    594.718    -0.054
-572.608    594.696    -0.053
-571.108    594.642    -0.053
-569.510    594.546    -0.053
-568.013    594.446    -0.053
-566.318    594.306    -0.053
-564.827    594.138    -0.053
-563.238    593.945    -0.053
-561.751    593.746    -0.052
-560.267    593.524    -0.052
-558.686    593.279    -0.052
-557.111    592.992    -0.052
-555.637    592.711    -0.052
-554.075    592.360    -0.052
-552.518    591.992    -0.051
-550.968    591.591    -0.051
-549.521    591.192    -0.051
-548.078    590.783    -0.051
-546.449    590.295    -0.051
-545.019    589.840    -0.051
-543.590    589.384    -0.050
-542.256    588.959    -0.050
-540.651    588.396    -0.050
-539.237    587.892    -0.050
-537.738    587.332    -0.050
-536.252    586.737    -0.050
-534.955    586.208    -0.049
-533.477    585.596    -0.049
-532.094    585.014    -0.049
-530.721    584.407    -0.049
-529.178    583.694    -0.049
-527.825    583.044    -0.049
-526.478    582.384    -0.048
-525.130    581.723    -0.048
-523.710    580.986    -0.048
-522.385    580.281    -0.048
-520.980    579.515    -0.048
-519.672    578.780    -0.047
-518.282    577.987    -0.047
-516.986    577.231    -0.047
-515.691    576.471    -0.047
-514.333    575.625    -0.047
-513.059    574.832    -0.047
-511.785    574.039    -0.046
-510.521    573.231    -0.046
-509.257    572.421    -0.046
-507.854    571.461    -0.046
-506.701    570.665    -0.046
-505.386    569.753    -0.046
-504.171    568.873    -0.045
-502.955    567.994    -0.045
-501.661    567.050    -0.045
-500.461    566.150    -0.045
-499.270    565.237    -0.045
-498.079    564.325    -0.044
-496.821    563.335    -0.044
-495.660    562.385    -0.044
-494.498    561.436    -0.044
-493.273    560.406    -0.044
-492.124    559.440    -0.044
-490.981    558.467    -0.043
-489.841    557.493    -0.043
-488.701    556.517    -0.043
-487.564    555.537    -0.043
-486.367    554.476    -0.043
-485.183    553.399    -0.043
-484.150    552.453    -0.042
-482.974    551.367    -0.042
-481.883    550.336    -0.042
-480.801    549.297    -0.042
-479.654    548.182    -0.042
-478.578    547.135    -0.041
-477.510    546.081    -0.041
-476.449    545.019    -0.041
-475.388    543.958    -0.041
-474.327    542.896    -0.041
-473.274    541.828    -0.041
-472.224    540.757    -0.040
-471.173    539.686    -0.040
-470.122    538.614    -0.040
-469.071    537.543    -0.040
-467.950    536.401    -0.040
-466.899    535.330    -0.040
-465.871    534.237    -0.039
-464.783    533.064    -0.039
-463.830    532.037    -0.039
-462.809    530.937    -0.039
-461.788    529.838    -0.039
-460.767    528.738    -0.039
-459.747    527.638    -0.038
-458.725    526.538    -0.038
-457.704    525.439    -0.038
-456.679    524.343    -0.038
-455.585    523.175    -0.038
-454.580    522.061    -0.038
-453.569    520.952    -0.037
-452.554    519.846    -0.037
-451.539    518.742    -0.037
-450.524    517.636    -0.037
-449.513    516.528    -0.037
-448.569    515.493    -0.037
-447.484    514.315    -0.036
-446.468    513.212    -0.036
-445.520    512.182    -0.036
-444.438    511.002    -0.036
-443.425    509.895    -0.036
-442.412    508.788    -0.036
-441.398    507.681    -0.036
-440.384    506.575    -0.035
-439.371    505.468    -0.035
-438.357    504.362    -0.035
-437.343    503.256    -0.035
-436.396    502.225    -0.035
-435.314    501.045    -0.035
-434.300    499.939    -0.034
-433.284    498.834    -0.034
-432.272    497.726    -0.034
-431.262    496.617    -0.034
-430.252    495.508    -0.034
-429.241    494.398    -0.034
-428.231    493.289    -0.033
-427.220    492.180    -0.033
-426.206    491.073    -0.033
-425.193    489.966    -0.033
-424.180    488.860    -0.033
-423.166    487.754    -0.033
-422.153    486.648    -0.033
-421.139    485.540    -0.032
-420.193    484.508    -0.032
-419.111    483.328    -0.032
-418.098    482.222    -0.032
-417.084    481.116    -0.032
-416.071    480.008    -0.032
-415.058    478.902    -0.032
-414.044    477.795    -0.031
-413.031    476.688    -0.031
-412.018    475.580    -0.031
-411.006    474.473    -0.031
-409.992    473.367    -0.031
-408.978    472.262    -0.031
-407.964    471.154    -0.030
-406.950    470.048    -0.030
-405.936    468.943    -0.030
-404.922    467.837    -0.030
-403.909    466.730    -0.030
-402.896    465.623    -0.030
-401.883    464.516    -0.030
-400.869    463.410    -0.029
-399.855    462.303    -0.029
-398.841    461.197    -0.029
-397.827    460.091    -0.029
-396.813    458.985    -0.029
-395.799    457.879    -0.029
-394.785    456.774    -0.029
-393.770    455.667    -0.028
-392.825    454.635    -0.028
-391.743    453.455    -0.028
-390.729    452.349    -0.028
-389.715    451.242    -0.028
-388.701    450.136    -0.028
-387.690    449.028    -0.028
-386.679    447.919    -0.027
-385.669    446.808    -0.027
-384.659    445.699    -0.027
-383.650    444.589    -0.027
-382.640    443.480    -0.027
-381.627    442.372    -0.027
-380.682    441.339    -0.027
-379.601    440.158    -0.027
-378.588    439.051    -0.026
-377.575    437.944    -0.026
-376.561    436.838    -0.026
-375.546    435.733    -0.026
-374.531    434.628    -0.026
-373.515    433.523    -0.026
-372.501    432.416    -0.026
-371.555    431.385    -0.025
-370.472    430.206    -0.025
-369.457    429.101    -0.025
-368.443    427.995    -0.025
-367.429    426.888    -0.025
-366.414    425.783    -0.025
-365.399    424.678    -0.025
-364.386    423.572    -0.025
-363.372    422.465    -0.024
-362.359    421.358    -0.024
-361.345    420.252    -0.024
-360.331    419.146    -0.024
-359.317    418.040    -0.024
-358.303    416.933    -0.024
-357.289    415.827    -0.024
-356.275    414.721    -0.023
-355.329    413.689    -0.023
-354.248    412.509    -0.023
-353.234    411.402    -0.023
-352.221    410.295    -0.023
-351.209    409.188    -0.023
-350.196    408.079    -0.023
-349.184    406.973    -0.023
-348.238    405.940    -0.022
-347.156    404.761    -0.022
-346.141    403.655    -0.022
-345.126    402.549    -0.022
-344.180    401.518    -0.022
-343.097    400.338    -0.022
-342.084    399.232    -0.022
-341.072    398.124    -0.022
-340.058    397.017    -0.021
-339.046    395.909    -0.021
-338.033    394.802    -0.021
-337.021    393.695    -0.021
-336.074    392.663    -0.021
-335.059    391.558    -0.021
-333.977    390.379    -0.021
-332.961    389.274    -0.021
-331.947    388.168    -0.020
-330.932    387.062    -0.020
-329.918    385.957    -0.020
-328.904    384.851    -0.020
-327.890    383.746    -0.020
-326.875    382.639    -0.020
-325.860    381.534    -0.020
-324.844    380.430    -0.020
-323.828    379.326    -0.020
-322.811    378.222    -0.019
-321.795    377.118    -0.019
-320.846    376.089    -0.019
-319.763    374.910    -0.019
-318.749    373.803    -0.019
-317.736    372.696    -0.019
-316.723    371.589    -0.019
-315.710    370.483    -0.019
-314.697    369.376    -0.018
-313.683    368.269    -0.018
-312.669    367.163    -0.018
-311.723    366.131    -0.018
-310.641    364.951    -0.018
-309.627    363.845    -0.018
-308.681    362.812    -0.018
-307.600    361.632    -0.018
-306.586    360.526    -0.018
-305.639    359.494    -0.017
-304.557    358.314    -0.017
-303.544    357.207    -0.017
-302.531    356.100    -0.017
-301.519    354.993    -0.017
-300.507    353.885    -0.017
-299.494    352.777    -0.017
-298.481    351.670    -0.017
-297.469    350.562    -0.017
-296.457    349.455    -0.016
-295.445    348.346    -0.016
-294.433    347.239    -0.016
-293.422    346.131    -0.016
-292.407    345.024    -0.016
-291.394    343.917    -0.016
-290.449    342.885    -0.016
-289.367    341.705    -0.016
-288.354    340.599    -0.016
-287.340    339.491    -0.016
-286.394    338.459    -0.015
-285.312    337.279    -0.015
-284.298    336.173    -0.015
-283.284    335.067    -0.015
-282.271    333.960    -0.015
-281.257    332.854    -0.015
-280.244    331.748    -0.015
-279.230    330.642    -0.015
-278.216    329.534    -0.015
-277.203    328.428    -0.015
-276.189    327.321    -0.014
-275.177    326.214    -0.014
-274.165    325.107    -0.014
-273.152    323.999    -0.014
-272.139    322.891    -0.014
-271.127    321.784    -0.014
-270.114    320.677    -0.014
-269.100    319.571    -0.014
-268.086    318.465    -0.014
-267.071    317.360    -0.014
-266.057    316.254    -0.013
-265.042    315.148    -0.013
-264.026    314.043    -0.013
-263.011    312.939    -0.013
-261.995    311.835    -0.013
-261.047    310.804    -0.013
-259.966    309.624    -0.013
-258.955    308.515    -0.013
-257.944    307.406    -0.013
-256.933    306.297    -0.013
-255.923    305.187    -0.012
-254.912    304.078    -0.012
-253.898    302.973    -0.012
-252.883    301.868    -0.012
-251.867    300.762    -0.012
-250.852    299.657    -0.012
-249.905    298.627    -0.012
-248.821    297.448    -0.012
-247.807    296.342    -0.012
-246.795    295.234    -0.012
-245.782    294.128    -0.012
-244.768    293.021    -0.011
-243.755    291.914    -0.011
-242.742    290.806    -0.011
-241.730    289.699    -0.011
-240.717    288.592    -0.011
-239.704    287.486    -0.011
-238.759    286.452    -0.011
-237.677    285.272    -0.011
-236.662    284.167    -0.011
-235.647    283.062    -0.011
-234.632    281.957    -0.011
-233.618    280.851    -0.010
-232.603    279.746    -0.010
-231.588    278.641    -0.010
-230.572    277.536    -0.010
-229.626    276.504    -0.010
-228.611    275.399    -0.010
-227.529    274.219    -0.010
-226.516    273.112    -0.010
-225.504    272.005    -0.010
-224.490    270.897    -0.010
-223.478    269.789    -0.010
-222.465    268.682    -0.010
-221.453    267.575    -0.009
-220.440    266.467    -0.009
-219.425    265.362    -0.009
-218.411    264.257    -0.009
-217.464    263.225    -0.009
-216.381    262.046    -0.009
-215.367    260.940    -0.009
-214.354    259.833    -0.009
-213.341    258.726    -0.009
-212.328    257.619    -0.009
-211.315    256.512    -0.009
-210.301    255.405    -0.009
-209.354    254.375    -0.009
-208.337    253.271    -0.008
-207.319    252.168    -0.008
-206.302    251.065    -0.008
-205.219    249.887    -0.008
-204.208    248.778    -0.008
-203.196    247.670    -0.008
-202.184    246.561    -0.008
-201.173    245.452    -0.008
-200.162    244.344    -0.008
-199.151    243.236    -0.008
-198.138    242.129    -0.008
-197.123    241.023    -0.008
-196.109    239.917    -0.008
-195.096    238.810    -0.007
-194.082    237.704    -0.007
-193.068    236.597    -0.007
-192.055    235.491    -0.007
-191.042    234.384    -0.007
-190.028    233.277    -0.007
-189.015    232.170    -0.007
-188.003    231.063    -0.007
-186.989    229.957    -0.007
-185.976    228.850    -0.007
-184.962    227.744    -0.007
-183.948    226.637    -0.007
-182.935    225.530    -0.007
-181.921    224.424    -0.007
-180.907    223.319    -0.006
-179.893    222.212    -0.006
-178.879    221.106    -0.006
-177.865    220.001    -0.006
-176.851    218.893    -0.006
-175.840    217.784    -0.006
-174.829    216.676    -0.006
-173.818    215.567    -0.006
-172.807    214.459    -0.006
-171.862    213.425    -0.006
-170.776    212.249    -0.006
-169.825    211.222    -0.006
-168.738    210.046    -0.006
-167.788    209.018    -0.006
-166.701    207.843    -0.006
-165.685    206.738    -0.006
-164.673    205.630    -0.005
-163.661    204.523    -0.005
-162.648    203.415    -0.005
-161.636    202.306    -0.005
-160.624    201.199    -0.005
-159.611    200.093    -0.005
-158.598    198.986    -0.005
-157.585    197.879    -0.005
-156.570    196.772    -0.005
-155.557    195.666    -0.005
-154.546    194.557    -0.005
-153.535    193.449    -0.005
-152.524    192.339    -0.005
-151.513    191.231    -0.005
-150.502    190.122    -0.005
-149.491    189.014    -0.005
-148.478    187.906    -0.005
-147.465    186.799    -0.004
-146.453    185.691    -0.004
-145.441    184.584    -0.004
-144.428    183.476    -0.004
-143.415    182.368    -0.004
-142.404    181.260    -0.004
-141.392    180.152    -0.004
-140.381    179.043    -0.004
-139.370    177.935    -0.004
-138.359    176.827    -0.004
-137.413    175.793    -0.004
-136.329    174.615    -0.004
-135.314    173.510    -0.004
-134.299    172.405    -0.004
-133.284    171.301    -0.004
-132.269    170.196    -0.004
-131.256    169.088    -0.004
-130.244    167.980    -0.004
-129.232    166.872    -0.003
-128.221    165.764    -0.003
-127.209    164.655    -0.003
-126.195    163.549    -0.003
-125.247    162.519    -0.003
-124.164    161.341    -0.003
-123.147    160.237    -0.003
-122.200    159.205    -0.003
-121.116    158.027    -0.003
-120.104    156.920    -0.003
-119.094    155.810    -0.003
-118.085    154.699    -0.003
-117.075    153.589    -0.003
-116.065    152.479    -0.003
-115.056    151.369    -0.003
-114.043    150.261    -0.003
-113.029    149.156    -0.003
-112.015    148.050    -0.003
-111.001    146.944    -0.003
-109.986    145.838    -0.003
-108.972    144.732    -0.003
-107.958    143.626    -0.003
-106.944    142.520    -0.002
-105.931    141.413    -0.002
-104.918    140.306    -0.002
-103.903    139.200    -0.002
-102.890    138.094    -0.002
-101.877    136.987    -0.002
-100.865    135.879    -0.002
-99.852    134.771    -0.002
-98.840    133.664    -0.002
-97.828    132.557    -0.002
-96.813    131.451    -0.002
-95.865    130.420    -0.002
-94.780    129.243    -0.002
-93.764    128.139    -0.002
-92.749    127.034    -0.002
-91.739    125.924    -0.002
-90.728    124.815    -0.002
-89.716    123.707    -0.002
-88.705    122.598    -0.002
-87.695    121.488    -0.002
-86.684    120.380    -0.002
-85.672    119.272    -0.002
-84.661    118.164    -0.002
-83.648    117.055    -0.002
-82.637    115.947    -0.002
-81.625    114.839    -0.002
-80.609    113.735    -0.002
-79.593    112.631    -0.001
-78.577    111.527    -0.001
-77.561    110.423    -0.001
-76.544    109.319    -0.001
-75.532    108.211    -0.001
-74.521    107.102    -0.001
-73.509    105.994    -0.001
-72.498    104.886    -0.001
-71.487    103.777    -0.001
-70.475    102.669    -0.001
-69.460    101.563    -0.001
-68.445    100.458    -0.001
-67.430    99.353    -0.001
-66.415    98.248    -0.001
-65.468    97.216    -0.001
-64.386    96.037    -0.001
-63.370    94.932    -0.001
-62.423    93.901    -0.001
-61.408    92.796    -0.001
-60.325    91.617    -0.001
-59.310    90.512    -0.001
-58.295    89.407    -0.001
-57.280    88.302    -0.001
-56.269    87.192    -0.001
-55.260    86.082    -0.001
-54.251    84.971    -0.001
-53.242    83.861    -0.001
-52.232    82.751    -0.001
-51.282    81.721    -0.001
-50.198    80.544    -0.001
-49.181    79.441    -0.001
-48.165    78.337    -0.001
-47.148    77.233    -0.001
-46.132    76.129    -0.001
-45.117    75.024    -0.001
-44.102    73.919    -0.001
-43.087    72.813    -0.001
-42.141    71.781    -0.001
-41.058    70.602    -0.001
-40.044    69.496    -0.001
-39.095    68.466    -0.000
-38.011    67.288    -0.000
-37.062    66.259    -0.000
-35.978    65.081    -0.000
-35.029    64.051    -0.000
-33.946    62.873    -0.000
-32.933    61.765    -0.000
-31.921    60.658    -0.000
-30.908    59.551    -0.000
-29.895    58.444    -0.000
-28.882    57.336    -0.000
-27.865    56.232    -0.000
-26.849    55.129    -0.000
-25.832    54.025    -0.000
-24.816    52.922    -0.000
-23.867    51.891    -0.000
-22.786    50.711    -0.000
-21.773    49.603    -0.000
-20.761    48.496    -0.000
-19.750    47.387    -0.000
-18.738    46.279    -0.000
-17.725    45.172    -0.000
-16.779    44.139    -0.000
-15.698    42.959    -0.000
-14.684    41.853    -0.000
-13.670    40.746    -0.000
-12.723    39.715    -0.000
-11.705    38.612    -0.000
-10.688    37.509    -0.000
-9.671    36.406    -0.000
-8.587    35.229    -0.000
-7.570    34.125    -0.000
-6.557    33.018    -0.000
-5.544    31.911    -0.000
-4.530    30.804    -0.000
-3.517    29.698    -0.000
-2.504    28.592    -0.000
-1.490    27.484    -0.000
-0.476    26.379    -0.000
0.538    25.273    -0.000
1.552    24.167    -0.000
2.566    23.060    -0.000
3.580    21.954    -0.000
4.594    20.848    -0.000
5.606    19.741    -0.000
6.620    18.634    -0.000
7.633    17.526    -0.000
8.645    16.420    -0.000
9.658    15.312    -0.000
10.671    14.206    -0.000
11.683    13.098    -0.000
12.697    11.991    -0.000
13.710    10.884    -0.000
14.723    9.777    -0.000
15.736    8.670    -0.000
16.749    7.563    -0.000
17.762    6.456    -0.000
18.775    5.350    -0.000
19.789    4.243    -0.000
20.801    3.135    -0.000
21.814    2.028    -0.000
22.827    0.921    -0.000
23.840    -0.185    -0.000
24.853    -1.293    -0.000
25.866    -2.400    -0.000
26.879    -3.507    -0.000
27.892    -4.613    -0.000
28.905    -5.721    -0.000
29.918    -6.828    -0.000
30.863    -7.861    -0.000
31.943    -9.042    -0.000
32.957    -10.149    -0.000
33.970    -11.257    -0.000
34.982    -12.364    -0.000
35.995    -13.471    -0.000
37.007    -14.578    -0.000
38.020    -15.686    -0.000
39.034    -16.793    -0.000
40.047    -17.900    -0.000
41.059    -19.006    -0.000
42.072    -20.114    -0.000
43.085    -21.221    -0.000
44.098    -22.327    -0.000
45.111    -23.434    -0.000
46.057    -24.467    -0.000
47.139    -25.648    -0.000
48.152    -26.754    -0.000
49.165    -27.861    -0.000
50.178    -28.968    -0.000
51.191    -30.075    -0.000
52.205    -31.182    -0.000
53.219    -32.288    -0.000
54.232    -33.394    -0.000
55.177    -34.427    -0.000
56.259    -35.607    -0.000
57.273    -36.714    -0.000
58.286    -37.820    -0.000
59.300    -38.926    -0.000
60.313    -40.034    -0.000
61.326    -41.140    -0.000
62.339    -42.247    -0.000
63.352    -43.354    -0.000
64.365    -44.461    -0.000
65.378    -45.569    -0.000
66.391    -46.676    -0.001
67.404    -47.783    -0.001
68.416    -48.891    -0.001
69.429    -49.998    -0.001
70.441    -51.105    -0.001
71.454    -52.212    -0.001
72.467    -53.319    -0.001
73.479    -54.428    -0.001
74.491    -55.535    -0.001
75.504    -56.642    -0.001
76.519    -57.747    -0.001
77.467    -58.778    -0.001
78.550    -59.956    -0.001
79.567    -61.061    -0.001
80.514    -62.092    -0.001
81.597    -63.270    -0.001
82.611    -64.377    -0.001
83.624    -65.483    -0.001
84.638    -66.589    -0.001
85.652    -67.695    -0.001
86.598    -68.728    -0.001
87.682    -69.907    -0.001
88.698    -71.011    -0.001
89.713    -72.115    -0.001
90.729    -73.219    -0.001
91.745    -74.324    -0.001
92.757    -75.432    -0.001
93.767    -76.542    -0.001
94.777    -77.652    -0.001
95.786    -78.762    -0.001
96.796    -79.872    -0.001
97.741    -80.906    -0.001
98.757    -82.010    -0.001
99.773    -83.114    -0.001
100.857    -84.292    -0.001
101.873    -85.396    -0.001
102.887    -86.502    -0.001
103.899    -87.610    -0.001
104.910    -88.719    -0.001
105.922    -89.827    -0.002
106.934    -90.935    -0.002
107.945    -92.043    -0.002
108.961    -93.148    -0.002
109.909    -94.178    -0.002
110.992    -95.357    -0.002
112.008    -96.461    -0.002
113.024    -97.566    -0.002
114.040    -98.671    -0.002
115.053    -99.777    -0.002
116.066    -100.884    -0.002
117.079    -101.991    -0.002
118.092    -103.098    -0.002
119.105    -104.205    -0.002
120.119    -105.311    -0.002
121.133    -106.417    -0.002
122.146    -107.525    -0.002
123.160    -108.631    -0.002
124.173    -109.737    -0.002
125.186    -110.844    -0.002
126.199    -111.951    -0.002
127.213    -113.058    -0.002
128.226    -114.165    -0.002
129.239    -115.271    -0.002
130.252    -116.378    -0.002
131.265    -117.486    -0.002
132.278    -118.592    -0.002
133.293    -119.698    -0.003
134.306    -120.804    -0.003
135.320    -121.912    -0.003
136.333    -123.018    -0.003
137.347    -124.124    -0.003
138.360    -125.230    -0.003
139.374    -126.336    -0.003
140.389    -127.443    -0.003
141.402    -128.549    -0.003
142.418    -129.653    -0.003
143.367    -130.684    -0.003
144.451    -131.861    -0.003
145.467    -132.965    -0.003
146.483    -134.069    -0.003
147.496    -135.176    -0.003
148.509    -136.283    -0.003
149.521    -137.392    -0.003
150.534    -138.499    -0.003
151.546    -139.606    -0.003
152.558    -140.713    -0.003
153.571    -141.821    -0.003
154.584    -142.928    -0.003
155.597    -144.036    -0.004
156.609    -145.143    -0.004
157.555    -146.176    -0.004
158.638    -147.355    -0.004
159.586    -148.385    -0.004
160.670    -149.563    -0.004
161.686    -150.667    -0.004
162.701    -151.773    -0.004
163.715    -152.879    -0.004
164.727    -153.986    -0.004
165.739    -155.094    -0.004
166.752    -156.202    -0.004
167.765    -157.309    -0.004
168.777    -158.416    -0.004
169.789    -159.524    -0.004
170.801    -160.633    -0.004
171.813    -161.740    -0.004
172.825    -162.848    -0.004
173.837    -163.955    -0.004
174.851    -165.062    -0.005
175.865    -166.169    -0.005
176.878    -167.275    -0.005
177.892    -168.382    -0.005
178.905    -169.488    -0.005
179.918    -170.595    -0.005
180.933    -171.701    -0.005
181.947    -172.806    -0.005
182.962    -173.912    -0.005
183.976    -175.018    -0.005
184.990    -176.124    -0.005
186.003    -177.231    -0.005
187.016    -178.337    -0.005
188.030    -179.444    -0.005
189.043    -180.552    -0.005
190.055    -181.659    -0.005
191.068    -182.766    -0.005
192.080    -183.873    -0.006
193.092    -184.982    -0.006
194.104    -186.090    -0.006
195.116    -187.198    -0.006
196.127    -188.306    -0.006
197.139    -189.415    -0.006
198.086    -190.446    -0.006
199.168    -191.625    -0.006
200.183    -192.730    -0.006
201.130    -193.762    -0.006
202.213    -194.942    -0.006
203.226    -196.048    -0.006
204.237    -197.157    -0.006
205.247    -198.266    -0.006
206.258    -199.376    -0.006
207.269    -200.485    -0.007
208.279    -201.594    -0.007
209.296    -202.697    -0.007
210.245    -203.727    -0.007
211.263    -204.830    -0.007
212.280    -205.933    -0.007
213.365    -207.110    -0.007
214.313    -208.141    -0.007
215.395    -209.321    -0.007
216.408    -210.428    -0.007
217.421    -211.534    -0.007
218.434    -212.641    -0.007
219.447    -213.748    -0.007
220.393    -214.781    -0.007
221.475    -215.961    -0.008
222.488    -217.068    -0.008
223.501    -218.174    -0.008
224.514    -219.282    -0.008
225.527    -220.388    -0.008
226.540    -221.495    -0.008
227.553    -222.601    -0.008
228.567    -223.709    -0.008
229.580    -224.816    -0.008
230.593    -225.922    -0.008
231.608    -227.028    -0.008
232.623    -228.134    -0.008
233.637    -229.239    -0.008
234.652    -230.344    -0.008
235.668    -231.449    -0.009
236.682    -232.555    -0.009
237.695    -233.662    -0.009
238.708    -234.768    -0.009
239.722    -235.875    -0.009
240.735    -236.981    -0.009
241.750    -238.088    -0.009
242.765    -239.192    -0.009
243.781    -240.297    -0.009
244.728    -241.328    -0.009
245.812    -242.505    -0.009
246.827    -243.611    -0.009
247.840    -244.718    -0.010
248.853    -245.825    -0.010
249.866    -246.932    -0.010
250.878    -248.040    -0.010
251.891    -249.147    -0.010
252.836    -250.180    -0.010
253.916    -251.361    -0.010
254.928    -252.470    -0.010
255.941    -253.577    -0.010
256.954    -254.684    -0.010
257.967    -255.790    -0.010
258.984    -256.894    -0.010
259.933    -257.924    -0.011
260.950    -259.027    -0.011
262.034    -260.204    -0.011
262.983    -261.235    -0.011
264.065    -262.414    -0.011
265.076    -263.524    -0.011
266.087    -264.632    -0.011
267.099    -265.740    -0.011
268.110    -266.848    -0.011
269.123    -267.957    -0.011
270.135    -269.064    -0.011
271.148    -270.171    -0.011
272.161    -271.278    -0.012
273.174    -272.385    -0.012
274.187    -273.492    -0.012
275.200    -274.599    -0.012
276.214    -275.705    -0.012
277.227    -276.813    -0.012
278.239    -277.920    -0.012
279.251    -279.027    -0.012
280.263    -280.136    -0.012
281.274    -281.244    -0.012
282.287    -282.353    -0.013
283.298    -283.461    -0.013
284.310    -284.569    -0.013
285.325    -285.674    -0.013
286.272    -286.705    -0.013
287.354    -287.885    -0.013
288.369    -288.990    -0.013
289.384    -290.095    -0.013
290.331    -291.127    -0.013
291.415    -292.305    -0.013
292.430    -293.410    -0.013
293.377    -294.442    -0.014
294.460    -295.620    -0.014
295.473    -296.727    -0.014
296.486    -297.835    -0.014
297.498    -298.942    -0.014
298.510    -300.050    -0.014
299.521    -301.159    -0.014
300.533    -302.267    -0.014
301.547    -303.373    -0.014
302.561    -304.479    -0.014
303.575    -305.586    -0.015
304.588    -306.693    -0.015
305.601    -307.799    -0.015
306.615    -308.905    -0.015
307.630    -310.010    -0.015
308.645    -311.116    -0.015
309.592    -312.147    -0.015
310.675    -313.326    -0.015
311.689    -314.432    -0.015
312.701    -315.540    -0.015
313.714    -316.647    -0.016
314.726    -317.755    -0.016
315.738    -318.862    -0.016
316.752    -319.970    -0.016
317.766    -321.075    -0.016
318.712    -322.107    -0.016
319.795    -323.286    -0.016
320.809    -324.391    -0.016
321.824    -325.498    -0.016
322.839    -326.603    -0.017
323.853    -327.709    -0.017
324.799    -328.741    -0.017
325.882    -329.921    -0.017
326.896    -331.026    -0.017
327.910    -332.132    -0.017
328.924    -333.238    -0.017
329.938    -334.344    -0.017
330.952    -335.451    -0.017
331.966    -336.557    -0.018
332.915    -337.585    -0.018
333.998    -338.765    -0.018
335.012    -339.872    -0.018
335.958    -340.904    -0.018
337.040    -342.084    -0.018
338.054    -343.190    -0.018
339.068    -344.295    -0.018
340.082    -345.402    -0.018
341.028    -346.434    -0.019
342.109    -347.614    -0.019
343.123    -348.720    -0.019
344.137    -349.828    -0.019
345.148    -350.936    -0.019
346.159    -352.044    -0.019
347.170    -353.153    -0.019
348.181    -354.262    -0.019
349.192    -355.371    -0.019
350.205    -356.479    -0.020
351.216    -357.587    -0.020
352.227    -358.696    -0.020
353.239    -359.804    -0.020
354.250    -360.912    -0.020
355.263    -362.019    -0.020
356.277    -363.124    -0.020
357.293    -364.231    -0.020
358.239    -365.262    -0.021
359.322    -366.441    -0.021
360.269    -367.473    -0.021
361.351    -368.653    -0.021
362.365    -369.758    -0.021
363.380    -370.864    -0.021
364.395    -371.969    -0.021
365.409    -373.075    -0.021
366.423    -374.182    -0.022
367.436    -375.288    -0.022
368.450    -376.394    -0.022
369.464    -377.500    -0.022
370.479    -378.607    -0.022
371.491    -379.714    -0.022
372.503    -380.822    -0.022
373.515    -381.929    -0.022
374.527    -383.038    -0.023
375.539    -384.145    -0.023
376.552    -385.252    -0.023
377.567    -386.357    -0.023
378.581    -387.463    -0.023
379.595    -388.570    -0.023
380.609    -389.676    -0.023
381.621    -390.783    -0.023
382.633    -391.891    -0.024
383.645    -393.000    -0.024
384.657    -394.108    -0.024
385.668    -395.216    -0.024
386.682    -396.322    -0.024
387.697    -397.428    -0.024
388.711    -398.533    -0.024
389.658    -399.565    -0.024
390.740    -400.745    -0.025
391.752    -401.854    -0.025
392.763    -402.962    -0.025
393.775    -404.070    -0.025
394.786    -405.178    -0.025
395.798    -406.285    -0.025
396.811    -407.394    -0.025
397.822    -408.502    -0.026
398.834    -409.610    -0.026
399.845    -410.718    -0.026
400.857    -411.827    -0.026
401.869    -412.935    -0.026
402.882    -414.041    -0.026
403.829    -415.073    -0.026
404.911    -416.253    -0.026
405.925    -417.359    -0.027
406.872    -418.390    -0.027
407.951    -419.572    -0.027
408.961    -420.683    -0.027
409.972    -421.792    -0.027
410.920    -422.822    -0.027
411.942    -423.922    -0.027
413.031    -425.094    -0.028
414.041    -426.205    -0.028
415.051    -427.314    -0.028
416.061    -428.423    -0.028
417.072    -429.532    -0.028
418.082    -430.643    -0.028
419.026    -431.676    -0.028
420.109    -432.855    -0.029
421.123    -433.961    -0.029
422.137    -435.067    -0.029
423.084    -436.099    -0.029
424.167    -437.278    -0.029
425.180    -438.385    -0.029
426.193    -439.491    -0.029
427.207    -440.598    -0.030
428.220    -441.705    -0.030
429.233    -442.811    -0.030
430.248    -443.917    -0.030
431.261    -445.024    -0.030
432.275    -446.130    -0.030
433.289    -447.236    -0.030
434.235    -448.269    -0.031
435.315    -449.450    -0.031
436.328    -450.557    -0.031
437.341    -451.665    -0.031
438.354    -452.772    -0.031
439.366    -453.879    -0.031
440.378    -454.987    -0.031
441.390    -456.095    -0.032
442.403    -457.202    -0.032
443.416    -458.309    -0.032
444.428    -459.418    -0.032
445.440    -460.525    -0.032
446.452    -461.633    -0.032
447.463    -462.741    -0.033
448.475    -463.850    -0.033
449.487    -464.957    -0.033
450.500    -466.064    -0.033
451.513    -467.171    -0.033
452.525    -468.280    -0.033
453.538    -469.387    -0.033
454.550    -470.494    -0.034
455.563    -471.601    -0.034
456.509    -472.634    -0.034
457.591    -473.814    -0.034
458.605    -474.920    -0.034
459.551    -475.953    -0.034
460.632    -477.132    -0.035
461.645    -478.240    -0.035
462.657    -479.347    -0.035
463.669    -480.456    -0.035
464.679    -481.565    -0.035
465.690    -482.675    -0.035
466.700    -483.784    -0.035
467.710    -484.893    -0.036
468.721    -486.002    -0.036
469.732    -487.112    -0.036
470.742    -488.221    -0.036
471.686    -489.254    -0.036
472.709    -490.354    -0.036
473.790    -491.533    -0.037
474.797    -492.646    -0.037
475.805    -493.758    -0.037
476.812    -494.870    -0.037
477.819    -495.983    -0.037
478.826    -497.095    -0.037
479.817    -498.222    -0.038
480.807    -499.351    -0.038
481.795    -500.479    -0.038
482.784    -501.607    -0.038
483.840    -502.810    -0.038
484.829    -503.939    -0.038
485.811    -505.073    -0.039
486.787    -506.214    -0.039
487.762    -507.353    -0.039
488.739    -508.493    -0.039
489.708    -509.638    -0.039
490.677    -510.784    -0.039
491.644    -511.932    -0.040
492.602    -513.086    -0.040
493.562    -514.240    -0.040
494.646    -515.550    -0.040
495.511    -516.651    -0.040
496.500    -517.910    -0.040
497.428    -519.090    -0.041
498.355    -520.269    -0.041
499.268    -521.460    -0.041
500.229    -522.740    -0.041
501.109    -523.955    -0.041
501.989    -525.171    -0.041
502.868    -526.386    -0.042
503.749    -527.601    -0.042
504.629    -528.816    -0.042
505.617    -530.201    -0.042
506.390    -531.369    -0.042
507.223    -532.617    -0.042
508.068    -533.857    -0.043
508.906    -535.102    -0.043
509.734    -536.353    -0.043
510.641    -537.791    -0.043
511.456    -539.169    -0.043
512.170    -540.373    -0.044
512.949    -541.655    -0.044
513.728    -542.938    -0.044
514.543    -544.315    -0.044
515.287    -545.619    -0.044
516.094    -547.115    -0.044
516.739    -548.358    -0.045
517.473    -549.781    -0.045
518.155    -551.117    -0.045
518.838    -552.454    -0.045
519.528    -553.898    -0.045
520.172    -555.252    -0.045
520.784    -556.512    -0.046
521.441    -557.862    -0.046
522.111    -559.315    -0.046
522.731    -560.682    -0.046
523.351    -562.048    -0.046
523.986    -563.625    -0.046
524.536    -565.022    -0.047
525.130    -566.614    -0.047
525.632    -568.029    -0.047
526.134    -569.442    -0.047
526.664    -570.953    -0.047
527.119    -572.384    -0.048
527.573    -573.813    -0.048
528.028    -575.243    -0.048
528.485    -576.777    -0.048
528.912    -578.216    -0.048
529.395    -579.950    -0.048
529.705    -581.417    -0.049
530.015    -582.886    -0.049
530.326    -584.354    -0.049
530.621    -585.926    -0.049
530.883    -587.404    -0.049
531.145    -588.881    -0.049
531.406    -590.359    -0.050
531.684    -591.935    -0.050
531.899    -593.521    -0.050
532.054    -595.114    -0.050
532.196    -596.608    -0.050
532.338    -598.102    -0.050
532.465    -599.697    -0.050
532.556    -601.295    -0.051
532.625    -602.794    -0.051
532.699    -604.493    -0.051
532.708    -605.893    -0.051
532.698    -607.694    -0.051
532.603    -609.191    -0.051
532.511    -610.689    -0.052
532.408    -612.287    -0.052
532.298    -613.783    -0.052
532.149    -615.376    -0.052
532.026    -616.772    -0.052
531.860    -618.363    -0.052
531.692    -619.854    -0.052
531.502    -621.444    -0.052
531.262    -623.026    -0.053
531.036    -624.509    -0.053
530.698    -626.175    -0.053
530.371    -627.640    -0.053
530.006    -629.198    -0.053
529.645    -630.654    -0.053
529.245    -632.203    -0.053
528.843    -633.649    -0.053
528.365    -635.281    -0.054
527.943    -636.617    -0.054
527.490    -638.047    -0.054
526.938    -639.655    -0.054
526.428    -641.067    -0.054
525.919    -642.478    -0.054
525.272    -644.050    -0.054
524.694    -645.435    -0.054
524.014    -646.994    -0.054
523.320    -648.436    -0.055
522.648    -649.778    -0.055
521.976    -651.119    -0.055
521.304    -652.461    -0.055
520.549    -653.872    -0.055
519.823    -655.185    -0.055
519.097    -656.498    -0.055
518.204    -657.945    -0.055
517.408    -659.217    -0.055
516.553    -660.570    -0.055
515.670    -661.906    -0.055
514.830    -663.148    -0.055
513.929    -664.471    -0.055
513.025    -665.669    -0.055
512.121    -666.867    -0.056
511.141    -668.132    -0.056
510.134    -669.376    -0.056
509.122    -670.616    -0.056
508.131    -671.743    -0.056
507.138    -672.868    -0.056
506.003    -674.135    -0.056
504.967    -675.219    -0.056
503.930    -676.303    -0.056
502.869    -677.365    -0.056
501.805    -678.423    -0.056
500.588    -679.610    -0.056
499.467    -680.608    -0.056
498.348    -681.607    -0.056
497.127    -682.642    -0.056
495.980    -683.610    -0.056
494.652    -684.672    -0.056
493.552    -685.540    -0.056
492.282    -686.512    -0.056
490.910    -687.517    -0.056
489.678    -688.374    -0.056
488.436    -689.216    -0.056
487.189    -690.052    -0.056
485.773    -690.992    -0.056
484.496    -691.780    -0.056
483.122    -692.601    -0.056
481.742    -693.411    -0.056
480.419    -694.120    -0.056
479.096    -694.828    -0.056
477.675    -695.564    -0.056
476.337    -696.243    -0.056
474.905    -696.957    -0.056
473.352    -697.649    -0.056
471.954    -698.197    -0.056
470.468    -698.792    -0.056
469.056    -699.298    -0.056
467.542    -699.816    -0.056
466.124    -700.307    -0.056
464.709    -700.806    -0.056
463.388    -701.271    -0.055
461.769    -701.793    -0.055
460.236    -702.249    -0.055
458.695    -702.682    -0.055
457.237    -703.039    -0.055
455.780    -703.397    -0.055
454.322    -703.751    -0.055
452.564    -704.140    -0.055
451.086    -704.398    -0.055
449.606    -704.649    -0.055
448.126    -704.893    -0.055
446.645    -705.136    -0.055
444.959    -705.348    -0.055
443.467    -705.512    -0.055
441.876    -705.680    -0.054
440.379    -705.795    -0.054
438.883    -705.908    -0.054
437.286    -706.017    -0.054
435.787    -706.079    -0.054
434.186    -706.117    -0.054
432.587    -706.114    -0.054
431.086    -706.096    -0.054
429.585    -706.077    -0.054
427.886    -706.002    -0.054
426.289    -705.908    -0.053
424.694    -705.786    -0.053
423.201    -705.624    -0.053
421.710    -705.462    -0.053
420.218    -705.300    -0.053
418.729    -705.108    -0.053
416.953    -704.816    -0.053
415.576    -704.562    -0.053
414.100    -704.289    -0.052
412.527    -703.997    -0.052
410.863    -703.646    -0.052
409.503    -703.314    -0.052
408.045    -702.957    -0.052
406.406    -702.507    -0.052
404.967    -702.084    -0.052
403.527    -701.659    -0.051
402.002    -701.174    -0.051
400.484    -700.667    -0.051
399.062    -700.190    -0.051
397.567    -699.618    -0.051
396.170    -699.069    -0.051
394.774    -698.521    -0.051
393.300    -697.894    -0.050
391.840    -697.241    -0.050
390.476    -696.615    -0.050
389.036    -695.917    -0.050
387.695    -695.243    -0.050
386.265    -694.523    -0.050
384.938    -693.824    -0.049
383.531    -693.061    -0.049
382.211    -692.346    -0.049
380.760    -691.462    -0.049
379.490    -690.662    -0.049
378.221    -689.861    -0.049
376.897    -688.963    -0.048
375.659    -688.114    -0.048
374.263    -687.144    -0.048
373.070    -686.234    -0.048
371.877    -685.322    -0.048
370.608    -684.348    -0.048
369.438    -683.409    -0.047
368.196    -682.399    -0.047
366.988    -681.349    -0.047
365.879    -680.339    -0.047
364.768    -679.330    -0.047
363.529    -678.166    -0.047
362.462    -677.111    -0.046
361.406    -676.045    -0.046
360.302    -674.885    -0.046
359.283    -673.785    -0.046
358.263    -672.684    -0.046
357.202    -671.486    -0.045
356.096    -670.194    -0.045
355.152    -669.027    -0.045
354.227    -667.846    -0.045
353.304    -666.663    -0.045
352.382    -665.479    -0.045
351.375    -664.109    -0.044
350.504    -662.887    -0.044
349.550    -661.479    -0.044
348.732    -660.221    -0.044
347.914    -658.963    -0.044
347.067    -657.605    -0.043
346.296    -656.319    -0.043
345.525    -655.031    -0.043
344.737    -653.638    -0.043
344.020    -652.320    -0.043
343.255    -650.914    -0.043
342.506    -649.499    -0.042
341.837    -648.157    -0.042
341.167    -646.813    -0.042
340.493    -645.362    -0.042
339.875    -643.995    -0.042
339.256    -642.627    -0.041
338.630    -641.156    -0.041
338.050    -639.771    -0.041
337.446    -638.289    -0.041
336.909    -636.888    -0.041
336.372    -635.486    -0.041
335.782    -633.891    -0.040
335.296    -632.472    -0.040
334.812    -631.052    -0.040
334.343    -629.627    -0.040
333.882    -628.199    -0.040
333.421    -626.770    -0.040
332.968    -625.235    -0.039
332.532    -623.695    -0.039
332.125    -622.251    -0.039
331.747    -620.799    -0.039
331.370    -619.347    -0.039
330.969    -617.798    -0.039
330.632    -616.335    -0.038
330.296    -614.873    -0.038
329.946    -613.311    -0.038
329.639    -611.841    -0.038
329.332    -610.373    -0.038
329.014    -608.805    -0.038
328.735    -607.330    -0.037
328.456    -605.856    -0.037
328.183    -604.278    -0.037
327.944    -602.797    -0.037
327.704    -601.316    -0.037
327.471    -599.733    -0.037
327.266    -598.247    -0.037
327.061    -596.759    -0.036
326.881    -595.270    -0.036
326.702    -593.780    -0.036
326.524    -592.290    -0.036
326.351    -590.699    -0.036
326.193    -589.207    -0.036
326.036    -587.714    -0.035
325.903    -586.220    -0.035
325.770    -584.726    -0.035
325.631    -583.131    -0.035
325.515    -581.635    -0.035
325.399    -580.139    -0.035
325.282    -578.542    -0.035
325.190    -577.044    -0.034
325.104    -575.647    -0.034
325.010    -574.049    -0.034
324.931    -572.550    -0.034
324.853    -571.052    -0.034
324.781    -569.553    -0.034
324.723    -568.054    -0.034
324.664    -566.555    -0.033
324.606    -565.055    -0.033
324.554    -563.555    -0.033
324.502    -562.056    -0.033
324.455    -560.557    -0.033
324.410    -558.956    -0.033
324.369    -557.456    -0.033
324.332    -555.956    -0.033
324.302    -554.456    -0.032
324.271    -552.956    -0.032
324.239    -551.555    -0.032
324.193    -550.055    -0.032
324.144    -548.456    -0.032
324.101    -547.055    -0.032
324.055    -545.556    -0.032
324.006    -543.956    -0.031
323.964    -542.557    -0.031
323.917    -541.056    -0.031
323.869    -539.457    -0.031
323.826    -538.057    -0.031
323.780    -536.557    -0.031
323.732    -534.957    -0.031
323.706    -533.457    -0.031
323.679    -531.956    -0.030
323.652    -530.456    -0.030
323.624    -528.955    -0.030
323.598    -527.456    -0.030
323.571    -525.956    -0.030
323.543    -524.455    -0.030
323.515    -522.955    -0.030
323.487    -521.454    -0.030
323.458    -519.954    -0.029
323.430    -518.454    -0.029
323.402    -516.953    -0.029
323.374    -515.453    -0.029
323.346    -513.953    -0.029
323.317    -512.453    -0.029
323.285    -510.953    -0.029
323.253    -509.452    -0.029
323.222    -507.952    -0.028
323.192    -506.452    -0.028
323.169    -504.951    -0.028
323.145    -503.451    -0.028
323.122    -501.951    -0.028
323.097    -500.451    -0.028
323.070    -498.950    -0.028
323.044    -497.450    -0.028
323.020    -495.950    -0.028
322.998    -494.449    -0.027
322.977    -492.949    -0.027
322.950    -491.448    -0.027
322.922    -489.948    -0.027
322.896    -488.447    -0.027
322.872    -486.947    -0.027
322.849    -485.447    -0.027
322.830    -483.947    -0.027
322.811    -482.447    -0.026
322.777    -480.946    -0.026
322.742    -479.446    -0.026
322.706    -477.946    -0.026
322.679    -476.445    -0.026
322.653    -474.945    -0.026
322.626    -473.445    -0.026
322.601    -471.945    -0.026
322.574    -470.445    -0.026
322.545    -468.944    -0.025
322.514    -467.444    -0.025
322.490    -465.943    -0.025
322.470    -464.443    -0.025
322.446    -462.942    -0.025
322.419    -461.442    -0.025
322.394    -459.942    -0.025
322.369    -458.441    -0.025
322.344    -456.942    -0.025
322.318    -455.441    -0.024
322.290    -453.941    -0.024
322.263    -452.441    -0.024
322.230    -450.940    -0.024
322.196    -449.440    -0.024
322.164    -448.039    -0.024
322.120    -446.540    -0.024
322.076    -445.040    -0.024
322.030    -443.541    -0.024
321.975    -441.940    -0.023
321.926    -440.541    -0.023
321.871    -439.142    -0.023
321.781    -437.644    -0.023
321.681    -436.147    -0.023
321.576    -434.650    -0.023
321.467    -433.153    -0.023
321.353    -431.657    -0.023
321.212    -430.263    -0.023
321.059    -428.771    -0.023
320.895    -427.279    -0.022
320.741    -425.888    -0.022
320.570    -424.396    -0.022
320.396    -422.906    -0.022
320.201    -421.418    -0.022
319.995    -419.932    -0.022
319.789    -418.446    -0.022
319.593    -417.059    -0.022
319.365    -415.475    -0.022
319.145    -414.092    -0.021
318.900    -412.611    -0.021
318.667    -411.231    -0.021
318.396    -409.755    -0.021
318.125    -408.279    -0.021
317.853    -406.803    -0.021
317.592    -405.427    -0.021
317.298    -403.955    -0.021
316.991    -402.487    -0.021
316.696    -401.118    -0.021
316.371    -399.652    -0.020
316.035    -398.190    -0.020
315.691    -396.729    -0.020
315.353    -395.371    -0.020
314.985    -393.916    -0.020
314.612    -392.462    -0.020
314.237    -391.009    -0.020
313.861    -389.557    -0.020
313.484    -388.208    -0.020
313.078    -386.764    -0.019
312.669    -385.319    -0.019
312.245    -383.881    -0.019
311.846    -382.537    -0.019
311.411    -381.102    -0.019
310.970    -379.668    -0.019
310.528    -378.233    -0.019
310.070    -376.804    -0.019
309.633    -375.474    -0.019
309.152    -374.053    -0.018
308.668    -372.632    -0.018
308.199    -371.312    -0.018
307.691    -369.901    -0.018
307.154    -368.393    -0.018
306.684    -367.074    -0.018
306.171    -365.771    -0.018
305.620    -364.375    -0.018
305.068    -362.979    -0.018
304.524    -361.581    -0.018
304.004    -360.281    -0.017
303.422    -358.898    -0.017
302.841    -357.514    -0.017
302.251    -356.134    -0.017
301.697    -354.848    -0.017
301.092    -353.475    -0.017
300.474    -352.108    -0.017
299.838    -350.749    -0.017
299.203    -349.389    -0.017
298.607    -348.122    -0.017
297.950    -346.773    -0.016
297.295    -345.423    -0.016
296.627    -344.079    -0.016
296.002    -342.826    -0.016
295.328    -341.485    -0.016
294.649    -340.147    -0.016
293.951    -338.818    -0.016
293.262    -337.486    -0.016
292.601    -336.251    -0.016
291.847    -334.839    -0.015
291.220    -333.700    -0.015
290.478    -332.396    -0.015
289.735    -331.092    -0.015
288.991    -329.789    -0.015
288.239    -328.491    -0.015
287.523    -327.286    -0.015
286.700    -325.913    -0.015
286.030    -324.799    -0.015
285.231    -323.530    -0.015
284.428    -322.262    -0.015
283.613    -321.001    -0.014
282.789    -319.747    -0.014
281.966    -318.494    -0.014
281.185    -317.330    -0.014
280.345    -316.088    -0.014
279.497    -314.849    -0.014
278.647    -313.613    -0.014
277.848    -312.462    -0.014
276.984    -311.235    -0.014
276.124    -310.006    -0.014
275.242    -308.792    -0.013
274.364    -307.575    -0.013
273.485    -306.359    -0.013
272.592    -305.153    -0.013
271.753    -304.032    -0.013
270.843    -302.839    -0.013
269.934    -301.645    -0.013
269.076    -300.537    -0.013
268.152    -299.356    -0.013
267.206    -298.191    -0.013
266.254    -297.030    -0.012
265.360    -295.952    -0.012
264.440    -294.897    -0.012
263.445    -293.773    -0.012
262.450    -292.650    -0.012
261.448    -291.535    -0.012
260.443    -290.419    -0.012
259.506    -289.379    -0.012
258.434    -288.190    -0.012
257.430    -287.074    -0.012
256.426    -285.959    -0.012
255.480    -284.927    -0.011
254.463    -283.823    -0.011
253.446    -282.720    -0.011
252.429    -281.617    -0.011
251.414    -280.512    -0.011
250.400    -279.405    -0.011
249.387    -278.298    -0.011
248.307    -277.117    -0.011
247.361    -276.085    -0.011
246.348    -274.978    -0.011
245.335    -273.870    -0.011
244.254    -272.689    -0.011
243.308    -271.657    -0.010
242.295    -270.551    -0.010
241.282    -269.443    -0.010
240.269    -268.337    -0.010
239.255    -267.230    -0.010
238.242    -266.124    -0.010
237.161    -264.943    -0.010
236.214    -263.910    -0.010
235.201    -262.804    -0.010
234.120    -261.623    -0.010
233.174    -260.592    -0.010
232.159    -259.486    -0.010
231.143    -258.381    -0.009
230.129    -257.276    -0.009
229.114    -256.170    -0.009
228.099    -255.064    -0.009
227.084    -253.960    -0.009
226.068    -252.855    -0.009
225.053    -251.751    -0.009
224.038    -250.647    -0.009
223.021    -249.541    -0.009
221.940    -248.362    -0.009
220.994    -247.329    -0.009
219.981    -246.222    -0.009
218.969    -245.114    -0.008
217.956    -244.007    -0.008
216.942    -242.900    -0.008
215.931    -241.792    -0.008
214.853    -240.609    -0.008
213.909    -239.574    -0.008
212.830    -238.391    -0.008
211.887    -237.357    -0.008
210.873    -236.251    -0.008
209.857    -235.145    -0.008
208.842    -234.041    -0.008
207.826    -232.937    -0.008
206.811    -231.832    -0.008
205.795    -230.727    -0.008
204.715    -229.546    -0.007
203.770    -228.512    -0.007
202.757    -227.405    -0.007
201.745    -226.298    -0.007
200.732    -225.190    -0.007
199.720    -224.082    -0.007
198.709    -222.974    -0.007
197.698    -221.866    -0.007
196.685    -220.757    -0.007
195.674    -219.649    -0.007
194.662    -218.541    -0.007
193.581    -217.360    -0.007
192.636    -216.327    -0.007
191.623    -215.220    -0.007
190.610    -214.113    -0.006
189.597    -213.006    -0.006
188.585    -211.898    -0.006
187.573    -210.790    -0.006
186.493    -209.608    -0.006
185.549    -208.575    -0.006
184.469    -207.393    -0.006
183.523    -206.360    -0.006
182.510    -205.253    -0.006
181.497    -204.147    -0.006
180.484    -203.040    -0.006
179.470    -201.933    -0.006
178.389    -200.753    -0.006
177.441    -199.722    -0.006
176.426    -198.617    -0.006
175.411    -197.511    -0.005
174.396    -196.407    -0.005
173.381    -195.302    -0.005
172.366    -194.197    -0.005
171.352    -193.091    -0.005
170.336    -191.985    -0.005
169.322    -190.880    -0.005
168.307    -189.774    -0.005
167.226    -188.594    -0.005
166.283    -187.558    -0.005
165.206    -186.375    -0.005
164.195    -185.265    -0.005
163.252    -184.230    -0.005
162.242    -183.120    -0.005
161.230    -182.012    -0.005
160.218    -180.905    -0.005
159.205    -179.799    -0.005
158.191    -178.692    -0.004
157.177    -177.585    -0.004
156.164    -176.478    -0.004
155.150    -175.373    -0.004
154.135    -174.268    -0.004
153.120    -173.162    -0.004
152.105    -172.057    -0.004
151.091    -170.951    -0.004
150.076    -169.846    -0.004
149.061    -168.741    -0.004
148.047    -167.634    -0.004
146.965    -166.454    -0.004
146.019    -165.423    -0.004
145.004    -164.317    -0.004
143.924    -163.136    -0.004
142.978    -162.103    -0.004
141.965    -160.996    -0.004
140.885    -159.815    -0.004
139.939    -158.782    -0.004
138.925    -157.676    -0.003
137.912    -156.570    -0.003
136.897    -155.464    -0.003
135.883    -154.358    -0.003
134.869    -153.251    -0.003
133.855    -152.145    -0.003
132.775    -150.963    -0.003
131.831    -149.930    -0.003
130.819    -148.822    -0.003
129.806    -147.714    -0.003
128.727    -146.532    -0.003
127.781    -145.500    -0.003
126.768    -144.392    -0.003
125.756    -143.285    -0.003
124.743    -142.178    -0.003
123.729    -141.071    -0.003
122.717    -139.963    -0.003
121.706    -138.854    -0.003
120.695    -137.746    -0.003
119.684    -136.637    -0.003
118.673    -135.529    -0.003
117.594    -134.346    -0.003
116.647    -133.314    -0.002
115.632    -132.209    -0.002
114.617    -131.105    -0.002
113.602    -129.999    -0.002
112.587    -128.894    -0.002
111.572    -127.789    -0.002
110.556    -126.685    -0.002
109.539    -125.581    -0.002
108.523    -124.476    -0.002
107.507    -123.372    -0.002
106.491    -122.268    -0.002
105.409    -121.088    -0.002
104.463    -120.056    -0.002
103.450    -118.949    -0.002
102.435    -117.843    -0.002
101.422    -116.737    -0.002
100.408    -115.631    -0.002
99.395    -114.523    -0.002
98.383    -113.416    -0.002
97.370    -112.309    -0.002
96.356    -111.202    -0.002
95.277    -110.021    -0.002
94.329    -108.990    -0.002
93.313    -107.886    -0.002
92.297    -106.781    -0.002
91.282    -105.677    -0.002
90.266    -104.572    -0.001
89.250    -103.467    -0.001
88.236    -102.361    -0.001
87.222    -101.256    -0.001
86.207    -100.149    -0.001
85.125    -98.970    -0.001
84.179    -97.938    -0.001
83.165    -96.833    -0.001
82.082    -95.653    -0.001
81.134    -94.621    -0.001
80.120    -93.516    -0.001
79.105    -92.411    -0.001
78.091    -91.305    -0.001
77.010    -90.124    -0.001
76.065    -89.091    -0.001
75.051    -87.984    -0.001
73.971    -86.803    -0.001
73.025    -85.770    -0.001
72.012    -84.664    -0.001
70.998    -83.558    -0.001
69.984    -82.452    -0.001
68.970    -81.347    -0.001
67.954    -80.240    -0.001
66.941    -79.134    -0.001
65.862    -77.952    -0.001
64.917    -76.919    -0.001
63.837    -75.737    -0.001
62.893    -74.703    -0.001
61.879    -73.596    -0.001
60.867    -72.489    -0.001
59.787    -71.307    -0.001
58.775    -70.200    -0.001
57.761    -69.092    -0.001
56.749    -67.985    -0.001
55.804    -66.953    -0.001
54.790    -65.845    -0.001
53.776    -64.739    -0.001
52.763    -63.632    -0.001
51.750    -62.526    -0.001
50.737    -61.418    -0.000
49.723    -60.313    -0.000
48.707    -59.207    -0.000
47.693    -58.102    -0.000
46.678    -56.997    -0.000
45.663    -55.891    -0.000
44.648    -54.786    -0.000
43.634    -53.681    -0.000
42.620    -52.575    -0.000
41.604    -51.469    -0.000
40.590    -50.364    -0.000
39.575    -49.259    -0.000
38.497    -48.076    -0.000
37.553    -47.041    -0.000
36.475    -45.858    -0.000
35.465    -44.748    -0.000
34.454    -43.639    -0.000
33.510    -42.604    -0.000
32.497    -41.498    -0.000
31.483    -40.392    -0.000
30.469    -39.287    -0.000
29.454    -38.181    -0.000
28.439    -37.074    -0.000
27.425    -35.969    -0.000
26.411    -34.863    -0.000
25.396    -33.758    -0.000
24.382    -32.652    -0.000
23.367    -31.546    -0.000
22.353    -30.441    -0.000
21.275    -29.258    -0.000
20.331    -28.223    -0.000
19.321    -27.113    -0.000
18.243    -25.929    -0.000
17.233    -24.820    -0.000
16.289    -23.786    -0.000
15.207    -22.606    -0.000
14.260    -21.574    -0.000
13.246    -20.468    -0.000
12.165    -19.288    -0.000
11.218    -18.256    -0.000
10.205    -17.149    -0.000
9.192    -16.043    -0.000
8.177    -14.937    -0.000
7.163    -13.831    -0.000
6.150    -12.724    -0.000
5.136    -11.617    -0.000
4.123    -10.511    -0.000
3.110    -9.405    -0.000
2.096    -8.298    -0.000
1.081    -7.192    -0.000
0.067    -6.086    -0.000
-0.945    -4.979    -0.000
-1.958    -3.871    -0.000
-3.038    -2.690    -0.000
