4.058 3.460
4.054 3.462
4.051 3.463
4.049 3.464
4.047 3.466
4.045 3.467
4.044 3.469
4.047 3.467
4.049 3.466
4.050 3.463
4.052 3.461
4.054 3.458
4.053 3.458
4.051 3.460
4.049 3.462
4.053 3.463
4.055 3.464
4.056 3.469
4.062 3.467
4.069 3.465
4.073 3.461
4.072 3.460
4.073 3.459
4.071 3.459
4.065 3.464
4.061 3.467
4.059 3.470
4.054 3.469
4.051 3.469
4.052 3.465
4.050 3.462
4.050 3.460
4.054 3.460
4.056 3.464
4.060 3.467
4.066 3.467
4.072 3.467
4.071 3.467
4.069 3.462
4.064 3.459
4.063 3.455
4.060 3.450
4.061 3.445
4.067 3.440
4.071 3.437
4.076 3.435
4.080 3.431
4.083 3.429
4.085 3.426
4.087 3.426
4.088 3.429
4.089 3.430
4.085 3.436
4.084 3.442
4.078 3.446
4.075 3.450
4.071 3.453
4.066 3.458
4.061 3.462
4.057 3.467
4.053 3.469
4.049 3.474
4.046 3.477
4.044 3.479
4.044 3.479
4.044 3.479
4.044 3.478
4.045 3.476
4.047 3.472
4.052 3.465
4.054 3.462
4.056 3.461
4.058 3.462
4.059 3.464
4.058 3.468
4.057 3.472
4.054 3.478
4.051 3.479
4.049 3.479
4.048 3.481
4.048 3.479
4.048 3.476
4.046 3.473
4.044 3.470
4.043 3.467
4.041 3.464
4.041 3.459
4.042 3.455
4.047 3.453
4.052 3.451
4.054 3.451
4.055 3.453
4.055 3.456
4.055 3.456
4.055 3.457
4.056 3.455
4.057 3.455
4.058 3.456
4.059 3.455
4.061 3.454
4.061 3.453
4.062 3.455
4.062 3.455
4.064 3.455
4.061 3.455
4.060 3.455
4.059 3.457
4.059 3.456
4.061 3.453
4.064 3.450
4.066 3.447
4.068 3.444
4.071 3.441
4.066 3.445
4.062 3.448
4.060 3.452
4.057 3.455
4.055 3.459
4.053 3.459
4.054 3.460
4.053 3.460
4.050 3.460
4.047 3.464
4.044 3.467
4.045 3.467
4.048 3.465
4.052 3.463
4.057 3.462
4.062 3.459
4.066 3.456
4.071 3.452
4.074 3.450
4.078 3.447
4.079 3.445
4.083 3.440
4.082 3.440
4.081 3.441
4.081 3.440
4.079 3.440
4.077 3.441
4.075 3.442
4.069 3.445
4.067 3.447
4.065 3.450
4.063 3.455
4.061 3.462
4.063 3.462
4.065 3.463
4.064 3.463
4.065 3.457
4.061 3.454
4.063 3.447
4.063 3.440
4.064 3.433
4.068 3.428
4.072 3.421
4.075 3.416
4.069 3.418
4.066 3.421
4.064 3.423
4.064 3.429
4.063 3.436
4.064 3.440
4.066 3.445
4.066 3.448
4.064 3.450
4.062 3.450
4.059 3.452
4.057 3.452
4.059 3.449
4.039 3.449
4.013 3.449
3.988 3.449
3.962 3.449
3.933 3.450
3.906 3.452
3.877 3.453
3.848 3.448
3.845 3.442
3.845 3.445
3.845 3.452
3.844 3.461
3.845 3.484
3.845 3.507
3.841 3.541
3.832 3.602
3.821 3.623
3.815 3.639
3.813 3.649
3.807 3.643
3.786 3.652
3.761 3.646
3.736 3.640
3.734 3.632
3.737 3.626
3.759 3.610
3.794 3.603
3.821 3.603
3.824 3.611
3.833 3.604
3.828 3.609
3.823 3.603
3.829 3.592
3.850 3.579
3.872 3.572
3.882 3.583
3.885 3.576
3.894 3.569
3.898 3.571
3.900 3.563
3.903 3.557
3.902 3.552
3.876 3.559
3.875 3.551
3.873 3.546
3.873 3.538
3.886 3.533
3.902 3.526
3.915 3.519
3.919 3.519
3.921 3.513
3.913 3.517
3.914 3.510
3.908 3.511
3.907 3.504
3.908 3.498
3.907 3.491
3.907 3.485
3.906 3.479
3.897 3.481
3.897 3.475
3.898 3.468
3.898 3.461
3.897 3.454
3.894 3.452
3.893 3.444
3.893 3.439
3.881 3.441
3.880 3.434
3.880 3.428
3.875 3.424
3.875 3.418
3.875 3.412
3.866 3.410
3.867 3.403
3.865 3.398
3.861 3.392
3.861 3.386
3.860 3.382
3.849 3.386
3.850 3.387
3.850 3.387
3.849 3.387
3.848 3.387
3.839 3.392
3.811 3.392
3.783 3.393
3.765 3.390
3.753 3.390
3.740 3.390
3.749 3.393
3.768 3.392
3.788 3.392
3.801 3.395
3.793 3.399
3.777 3.400
3.772 3.400
3.764 3.401
3.777 3.399
3.795 3.404
3.794 3.403
3.791 3.403
3.789 3.403
3.788 3.403
3.799 3.403
3.800 3.406
3.795 3.406
3.800 3.405
3.804 3.406
3.812 3.406
3.823 3.407
3.816 3.407
3.817 3.406
3.822 3.406
3.825 3.408
3.838 3.407
3.827 3.409
3.813 3.408
3.823 3.408
3.832 3.409
3.843 3.409
3.857 3.409
3.847 3.408
3.840 3.407
3.841 3.407
3.843 3.409
3.850 3.408
3.860 3.407
3.852 3.407
3.851 3.406
3.857 3.406
3.861 3.406
3.873 3.406
3.879 3.406
3.878 3.404
3.892 3.404
3.909 3.406
3.928 3.405
3.948 3.406
3.951 3.401
3.935 3.401
3.937 3.400
3.941 3.400
3.946 3.400
3.953 3.399
3.941 3.397
3.933 3.397
3.939 3.397
3.946 3.396
3.956 3.398
3.962 3.391
3.949 3.390
3.950 3.391
3.953 3.391
3.957 3.391
3.960 3.391
3.949 3.386
3.935 3.387
3.948 3.386
3.962 3.385
3.974 3.387
3.991 3.379
3.982 3.378
3.979 3.379
3.982 3.379
3.988 3.378
3.992 3.379
3.997 3.371
3.987 3.371
3.981 3.370
3.978 3.372
3.976 3.370
3.987 3.371
3.989 3.360
3.977 3.358
3.984 3.359
3.995 3.359
4.007 3.360
4.021 3.360
4.038 3.350
4.041 3.352
4.045 3.350
4.051 3.352
4.057 3.350
4.063 3.352
4.072 3.351
4.090 3.340
4.088 3.340
4.092 3.339
4.100 3.339
4.109 3.339
4.110 3.338
4.098 3.333
4.084 3.331
4.080 3.331
4.078 3.330
4.078 3.332
4.076 3.332
4.073 3.330
4.071 3.332
4.069 3.331
4.065 3.330
4.062 3.330
4.059 3.332
4.058 3.333
4.058 3.332
4.055 3.332
4.055 3.332
4.054 3.334
4.056 3.335
4.060 3.335
4.065 3.334
4.068 3.334
4.072 3.333
4.074 3.333
4.073 3.332
4.074 3.333
4.075 3.332
4.074 3.333
4.074 3.333
4.074 3.331
4.072 3.331
4.073 3.331
4.072 3.332
4.071 3.332
4.071 3.334
4.073 3.334
4.073 3.334
4.073 3.334
4.071 3.333
4.069 3.334
4.070 3.333
4.067 3.333
4.069 3.332
4.071 3.333
4.071 3.333
4.072 3.333
4.074 3.333
4.073 3.334
4.075 3.333
4.077 3.333
4.076 3.333
4.077 3.332
4.075 3.332
4.074 3.332
4.075 3.332
4.073 3.333
4.073 3.333
4.074 3.333
4.072 3.333
4.067 3.333
4.064 3.333
4.063 3.333
4.065 3.333
4.069 3.334
4.071 3.334
4.073 3.333
4.076 3.334
4.078 3.334
4.083 3.334
4.086 3.333
4.088 3.332
4.091 3.332
4.092 3.332
4.091 3.333
4.092 3.333
4.092 3.333
4.091 3.331
4.090 3.333
4.089 3.333
4.086 3.334
4.085 3.333
4.083 3.333
4.082 3.332
4.079 3.333
4.074 3.332
4.070 3.332
4.067 3.331
4.062 3.331
4.057 3.331
4.052 3.333
4.036 3.334
4.020 3.333
4.002 3.332
3.986 3.332
3.970 3.336
3.958 3.335
3.946 3.334
3.934 3.336
3.922 3.336
3.910 3.335
3.905 3.342
3.907 3.342
3.910 3.342
3.911 3.342
3.914 3.341
3.919 3.351
3.942 3.352
3.967 3.350
3.990 3.351
4.013 3.352
4.038 3.351
4.045 3.361
4.063 3.360
4.068 3.360
4.068 3.360
4.040 3.361
4.019 3.370
4.034 3.374
4.045 3.373
4.050 3.373
4.026 3.373
4.006 3.373
4.012 3.387
4.023 3.387
4.017 3.387
4.009 3.387
3.979 3.388
3.941 3.398
3.955 3.399
3.927 3.398
3.898 3.398
3.917 3.399
3.922 3.416
3.922 3.414
3.923 3.396
3.917 3.381
3.890 3.420
3.885 3.420
3.879 3.426
3.875 3.427
3.851 3.431
3.829 3.468
3.832 3.467
3.810 3.477
3.810 3.497
3.839 3.497
3.837 3.503
3.818 3.515
3.799 3.519
3.764 3.550
3.767 3.549
3.780 3.549
3.775 3.553
3.761 3.548
3.771 3.524
3.765 3.549
3.796 3.551
3.791 3.564
3.766 3.591
3.749 3.626
3.773 3.606
3.786 3.610
3.771 3.628
3.729 3.665
3.709 3.692
3.727 3.686
3.713 3.708
3.683 3.744
3.696 3.736
3.696 3.732
3.706 3.730
3.746 3.705
3.725 3.684
3.721 3.665
3.691 3.655
3.700 3.644
3.689 3.641
3.699 3.660
3.729 3.640
3.724 3.621
3.694 3.629
3.667 3.635
3.653 3.638
3.681 3.641
3.700 3.642
3.657 3.642
3.682 3.626
3.719 3.637
3.719 3.639
3.738 3.639
3.738 3.639
3.746 3.635
3.742 3.635
3.730 3.638
3.755 3.626
3.747 3.615
3.753 3.597
3.751 3.593
3.764 3.555
3.807 3.535
3.837 3.535
3.824 3.534
3.875 3.524
3.865 3.519
3.849 3.514
3.838 3.539
3.826 3.570
3.796 3.581
3.777 3.616
3.704 3.653
3.656 3.695
3.670 3.712
3.666 3.721
3.720 3.675
3.715 3.666
3.691 3.654
3.706 3.631
3.719 3.643
3.752 3.627
3.783 3.615
3.808 3.616
3.865 3.596
3.905 3.621
3.922 3.648
3.937 3.602
3.912 3.550
3.925 3.517
3.940 3.536
3.945 3.564
3.950 3.552
3.918 3.544
3.888 3.586
3.856 3.643
3.834 3.680
3.822 3.673
3.810 3.657
3.806 3.619
3.823 3.588
3.802 3.597
3.776 3.617
3.773 3.588
3.798 3.581
3.835 3.554
3.882 3.497
3.900 3.501
3.928 3.480
3.931 3.456
3.909 3.425
3.922 3.385
3.923 3.374
3.884 3.404
3.825 3.430
3.764 3.481
3.771 3.503
3.718 3.542
3.676 3.590
3.658 3.628
3.645 3.630
3.663 3.616
3.688 3.593
3.720 3.560
3.738 3.577
3.737 3.591
3.747 3.584
3.768 3.555
3.840 3.527
3.834 3.527
3.821 3.545
3.826 3.547
3.858 3.545
3.875 3.525
3.870 3.514
3.884 3.531
3.877 3.554
3.908 3.538
3.939 3.528
3.910 3.507
3.897 3.479
3.829 3.491
3.775 3.482
3.796 3.472
3.809 3.463
3.808 3.459
3.797 3.489
3.775 3.521
3.716 3.544
3.686 3.600
3.658 3.633
3.662 3.614
3.694 3.615
3.713 3.585
3.761 3.531
3.787 3.488
3.818 3.480
3.841 3.448
3.873 3.441
3.865 3.416
3.852 3.426
3.894 3.429
3.921 3.489
3.921 3.544
3.925 3.549
3.960 3.538
3.961 3.555
3.976 3.567
3.975 3.590
3.924 3.614
3.913 3.632
3.919 3.641
3.914 3.614
3.921 3.617
3.905 3.622
3.866 3.641
3.871 3.654
3.854 3.663
3.843 3.636
3.845 3.652
3.844 3.668
3.847 3.690
3.865 3.693
3.881 3.673
3.883 3.663
3.875 3.678
3.870 3.683
3.841 3.689
3.817 3.644
3.815 3.632
3.832 3.646
3.826 3.660
3.831 3.657
3.813 3.641
3.837 3.654
3.827 3.656
3.811 3.656
3.764 3.667
3.730 3.689
3.710 3.694
3.687 3.679
3.681 3.662
3.689 3.668
3.698 3.675
3.680 3.697
3.681 3.709
3.679 3.701
3.682 3.686
3.679 3.678
3.670 3.669
3.694 3.662
3.705 3.654
3.705 3.645
3.712 3.647
3.707 3.651
3.700 3.656
3.693 3.672
3.688 3.669
3.678 3.686
3.685 3.680
3.690 3.666
3.687 3.663
3.683 3.692
3.666 3.695
3.663 3.691
3.689 3.687
3.698 3.683
3.704 3.696
3.697 3.701
3.687 3.705
3.689 3.716
3.686 3.723
3.684 3.731
3.688 3.743
3.682 3.746
3.661 3.758
3.681 3.763
3.680 3.770
3.657 3.777
3.660 3.769
3.641 3.760
3.636 3.774
3.636 3.780
3.631 3.786
3.632 3.802
3.632 3.815
3.626 3.816
3.630 3.813
3.627 3.811
3.627 3.804
3.631 3.796
3.623 3.788
3.606 3.790
3.609 3.782
3.615 3.760
3.610 3.760
3.606 3.766
3.620 3.755
3.627 3.739
3.652 3.702
3.676 3.674
3.700 3.669
3.726 3.663
3.758 3.651
3.791 3.637
3.847 3.568
3.848 3.543
3.848 3.514
3.844 3.505
3.841 3.504
3.836 3.505
3.832 3.505
3.827 3.505
3.829 3.504
3.838 3.505
3.851 3.505
3.833 3.507
3.824 3.505
3.820 3.507
3.825 3.500
3.831 3.501
3.833 3.500
3.834 3.502
3.842 3.500
3.846 3.502
3.849 3.502
3.846 3.504
3.844 3.503
3.841 3.503
3.841 3.502
3.844 3.500
3.844 3.524
3.845 3.546
3.846 3.568
3.852 3.589
3.858 3.594
3.864 3.594
3.872 3.595
3.876 3.594
3.875 3.595
3.870 3.600
3.866 3.600
3.861 3.599
3.856 3.599
3.854 3.599
3.852 3.600
3.850 3.601
3.850 3.600
3.848 3.600
3.845 3.600
3.845 3.601
3.846 3.598
3.846 3.598
3.849 3.598
3.848 3.597
3.849 3.598
3.851 3.598
3.849 3.599
3.846 3.599
3.842 3.600
3.842 3.599
3.842 3.599
3.841 3.599
3.842 3.598
3.844 3.599
3.845 3.599
3.845 3.599
3.844 3.599
3.843 3.600
3.843 3.600
3.842 3.599
3.841 3.600
3.840 3.600
3.841 3.600
3.844 3.597
3.846 3.597
3.849 3.597
3.849 3.598
3.851 3.598
3.851 3.599
3.851 3.599
3.851 3.599
3.849 3.599
3.845 3.599
3.841 3.598
3.837 3.598
3.832 3.599
3.830 3.597
3.829 3.598
3.830 3.598
3.827 3.600
3.827 3.599
3.825 3.599
3.825 3.599
3.826 3.600
3.828 3.599
3.830 3.599
3.830 3.599
3.830 3.598
3.829 3.601
3.832 3.599
3.833 3.598
3.833 3.598
3.834 3.599
3.837 3.598
3.837 3.599
3.839 3.598
3.840 3.597
3.844 3.597
3.847 3.597
3.850 3.597
3.849 3.601
3.845 3.602
3.843 3.602
3.840 3.601
3.837 3.601
3.834 3.601
3.835 3.598
3.838 3.596
3.838 3.597
3.839 3.597
3.842 3.597
3.845 3.598
3.846 3.599
3.846 3.599
3.846 3.601
3.847 3.600
3.847 3.599
3.847 3.597
3.850 3.596
3.851 3.596
3.853 3.596
3.853 3.597
3.852 3.601
3.851 3.603
3.849 3.604
3.848 3.607
3.845 3.609
3.843 3.609
3.843 3.579
3.842 3.554
3.843 3.546
3.842 3.538
3.843 3.534
3.846 3.530
3.846 3.532
3.848 3.536
3.849 3.541
3.852 3.541
3.854 3.537
3.856 3.531
3.857 3.525
3.859 3.522
3.861 3.518
3.862 3.515
3.859 3.517
3.856 3.519
3.855 3.520
3.852 3.522
3.849 3.526
3.847 3.527
3.846 3.526
3.846 3.525
3.847 3.524
3.845 3.524
3.844 3.525
3.846 3.527
3.845 3.529
3.844 3.530
3.844 3.529
3.844 3.529
3.844 3.529
3.841 3.530
3.837 3.532
3.836 3.533
3.833 3.533
3.833 3.534
3.832 3.534
3.832 3.534
3.832 3.536
3.832 3.539
3.832 3.539
3.833 3.538
3.835 3.536
3.838 3.534
3.839 3.532
3.839 3.531
3.840 3.529
3.841 3.530
3.842 3.531
3.842 3.532
3.842 3.534
3.841 3.536
3.837 3.540
3.834 3.541
3.829 3.543
3.825 3.544
3.822 3.546
3.822 3.545
3.822 3.546
3.824 3.547
3.826 3.548
3.828 3.546
3.832 3.543
3.839 3.539
3.844 3.536
3.851 3.534
3.857 3.530
3.856 3.530
3.852 3.529
3.847 3.529
3.842 3.529
3.834 3.531
3.829 3.534
3.828 3.538
3.829 3.541
3.830 3.544
3.834 3.543
3.839 3.541
3.844 3.541
3.847 3.539
3.846 3.538
3.849 3.536
3.851 3.534
3.851 3.533
3.851 3.531
3.851 3.527
3.851 3.525
3.850 3.525
3.847 3.528
3.846 3.530
3.846 3.533
3.846 3.538
3.847 3.540
3.849 3.541
3.850 3.540
3.853 3.534
3.856 3.530
3.857 3.526
3.859 3.522
3.861 3.517
3.862 3.511
3.861 3.507
3.861 3.502
3.858 3.498
3.856 3.502
3.851 3.507
3.849 3.510
3.849 3.513
3.848 3.518
3.849 3.519
3.851 3.522
3.850 3.524
3.848 3.525
3.847 3.525
3.846 3.526
3.846 3.524
3.846 3.523
3.848 3.524
3.852 3.524
3.857 3.525
3.863 3.526
3.866 3.527
3.865 3.526
3.863 3.526
3.861 3.524
3.856 3.523
3.853 3.520
3.849 3.519
3.847 3.518
3.848 3.514
3.848 3.512
3.847 3.510
3.846 3.510
3.845 3.507
3.844 3.504
3.843 3.503
3.842 3.506
3.841 3.510
3.837 3.515
3.837 3.518
3.837 3.522
3.837 3.524
3.838 3.525
3.839 3.527
3.841 3.530
3.843 3.531
3.843 3.525
3.843 3.519
3.843 3.514
3.841 3.510
3.835 3.508
3.830 3.512
3.826 3.517
3.824 3.518
3.825 3.519
3.832 3.520
3.842 3.521
3.850 3.520
3.852 3.522
3.856 3.523
3.854 3.524
3.846 3.528
3.841 3.531
3.839 3.531
3.839 3.528
3.840 3.524
3.844 3.521
3.846 3.520
3.849 3.519
3.851 3.518
3.852 3.519
3.849 3.521
3.846 3.522
3.842 3.524
3.839 3.526
3.838 3.525
3.837 3.525
3.836 3.526
3.836 3.527
3.835 3.527
3.834 3.528
3.833 3.529
3.832 3.527
3.830 3.526
3.829 3.526
3.824 3.527
3.823 3.525
3.822 3.523
3.823 3.521
3.829 3.518
3.832 3.517
3.833 3.517
3.834 3.518
3.834 3.520
3.831 3.522
3.826 3.524
3.823 3.525
3.823 3.522
3.822 3.522
3.827 3.519
3.832 3.517
3.838 3.517
3.844 3.521
3.848 3.524
3.853 3.527
3.853 3.526
3.851 3.527
3.844 3.529
3.837 3.531
3.830 3.535
3.824 3.538
3.820 3.542
3.819 3.546
3.820 3.547
3.821 3.548
3.822 3.549
3.822 3.551
3.823 3.552
3.824 3.553
3.825 3.553
3.826 3.552
3.829 3.551
3.830 3.550
3.831 3.551
3.829 3.549
3.828 3.548
3.828 3.544
3.828 3.542
3.829 3.541
3.833 3.540
3.836 3.540
3.837 3.541
3.838 3.542
3.831 3.543
3.826 3.543
3.826 3.539
3.826 3.534
3.822 3.535
3.822 3.536
3.822 3.536
3.824 3.536
3.826 3.535
3.827 3.535
3.829 3.534
3.837 3.534
3.839 3.536
3.841 3.536
3.844 3.536
3.847 3.535
3.844 3.536
3.838 3.536
3.836 3.535
3.832 3.535
3.829 3.536
3.826 3.536
3.827 3.536
3.831 3.535
3.835 3.533
3.839 3.531
3.842 3.531
3.844 3.529
3.846 3.529
3.849 3.528
3.849 3.528
3.850 3.528
3.850 3.528
3.853 3.527
3.854 3.525
3.848 3.525
3.841 3.524
3.834 3.522
3.826 3.523
3.819 3.523
3.822 3.523
3.824 3.522
3.827 3.522
3.827 3.525
3.825 3.530
3.823 3.536
3.820 3.541
3.817 3.548
3.814 3.552
3.815 3.549
3.817 3.545
3.819 3.540
3.823 3.537
3.827 3.532
3.830 3.529
3.831 3.532
3.833 3.539
3.833 3.545
3.829 3.552
3.824 3.551
3.823 3.545
3.822 3.539
3.820 3.533
3.823 3.528
3.827 3.529
3.831 3.530
3.833 3.534
3.837 3.533
3.836 3.531
3.834 3.529
3.831 3.529
3.827 3.533
3.822 3.539
3.821 3.544
3.820 3.550
3.819 3.539
3.819 3.527
3.818 3.517
3.820 3.517
3.824 3.527
3.827 3.535
3.830 3.541
3.834 3.544
3.838 3.547
3.837 3.551
3.834 3.548
3.833 3.541
3.836 3.531
3.839 3.524
3.840 3.524
3.844 3.523
3.848 3.522
3.849 3.525
3.847 3.532
3.846 3.537
3.844 3.544
3.841 3.548
3.839 3.551
3.839 3.550
3.842 3.547
3.846 3.542
3.851 3.539
3.853 3.534
3.856 3.533
3.855 3.531
3.853 3.531
3.851 3.529
3.849 3.527
3.848 3.528
3.849 3.528
3.849 3.529
3.848 3.530
3.848 3.530
3.849 3.531
3.849 3.531
3.849 3.529
3.849 3.527
3.851 3.524
3.851 3.524
3.850 3.522
3.849 3.522
3.847 3.523
3.844 3.524
3.843 3.523
3.839 3.524
3.836 3.526
3.837 3.523
3.834 3.527
3.833 3.531
3.832 3.536
3.831 3.542
3.832 3.545
3.831 3.545
3.832 3.543
3.834 3.541
3.834 3.541
3.835 3.535
3.834 3.531
3.833 3.527
3.832 3.522
3.830 3.525
3.829 3.529
3.829 3.534
3.830 3.539
3.829 3.536
3.828 3.534
3.827 3.531
3.827 3.531
3.827 3.535
3.829 3.536
3.827 3.539
3.827 3.541
3.827 3.539
3.827 3.537
3.826 3.536
3.825 3.534
3.825 3.532
3.825 3.531
3.824 3.529
3.824 3.528
3.824 3.525
3.826 3.527
3.826 3.529
3.825 3.530
3.825 3.529
3.826 3.527
3.830 3.526
3.834 3.525
3.836 3.525
3.837 3.524
3.837 3.524
3.838 3.524
3.835 3.527
3.833 3.529
3.834 3.529
3.836 3.529
3.836 3.528
3.838 3.527
3.841 3.525
3.844 3.525
3.846 3.529
3.847 3.534
3.844 3.534
3.838 3.535
3.831 3.536
3.824 3.535
3.818 3.535
3.817 3.535
3.819 3.537
3.821 3.536
3.824 3.536
3.827 3.536
3.827 3.539
3.824 3.540
3.821 3.540
3.818 3.541
3.819 3.539
3.818 3.539
3.822 3.538
3.827 3.536
3.831 3.535
3.834 3.536
3.837 3.536
3.839 3.537
3.839 3.538
3.838 3.538
3.836 3.539
3.834 3.540
3.832 3.541
3.832 3.539
3.831 3.541
3.827 3.541
3.825 3.544
3.824 3.546
3.822 3.547
3.819 3.548
3.817 3.552
3.817 3.553
3.819 3.552
3.819 3.552
3.820 3.553
3.822 3.549
3.824 3.546
3.824 3.545
3.823 3.544
3.823 3.541
3.824 3.537
3.825 3.534
3.826 3.531
3.827 3.527
3.828 3.524
3.834 3.522
3.837 3.522
3.841 3.524
3.845 3.527
3.849 3.531
3.849 3.530
3.849 3.529
3.845 3.529
3.843 3.529
3.840 3.531
3.837 3.531
3.834 3.531
3.831 3.533
3.829 3.533
3.832 3.529
3.836 3.523
3.843 3.517
3.851 3.513
3.858 3.508
3.862 3.507
3.859 3.512
3.854 3.516
3.848 3.522
3.841 3.528
3.837 3.531
3.837 3.531
3.837 3.530
3.838 3.528
3.835 3.529
3.835 3.529
3.834 3.528
3.836 3.526
3.837 3.526
3.839 3.524
3.840 3.524
3.841 3.523
3.842 3.522
3.842 3.521
3.844 3.520
3.846 3.518
3.849 3.517
3.847 3.519
3.846 3.521
3.842 3.523
3.840 3.525
3.838 3.527
3.835 3.529
3.836 3.526
3.838 3.524
3.840 3.521
3.840 3.519
3.840 3.517
3.839 3.515
3.834 3.518
3.828 3.522
3.829 3.524
3.828 3.528
3.830 3.530
3.834 3.529
3.838 3.527
3.841 3.525
3.839 3.524
3.837 3.524
3.830 3.528
3.825 3.530
3.818 3.534
3.823 3.536
3.825 3.540
3.832 3.539
3.840 3.536
3.849 3.531
3.854 3.524
3.859 3.517
3.859 3.512
3.856 3.515
3.852 3.521
3.849 3.524
3.845 3.529
3.842 3.533
3.840 3.536
3.839 3.538
3.835 3.542
3.833 3.545
3.832 3.546
3.830 3.547
3.833 3.544
3.837 3.539
3.840 3.534
3.846 3.529
3.851 3.524
3.852 3.522
3.853 3.520
3.855 3.519
3.855 3.518
3.852 3.519
3.851 3.518
3.848 3.519
3.845 3.520
3.842 3.521
3.841 3.522
3.841 3.523
3.842 3.523
3.845 3.522
3.846 3.520
3.844 3.520
3.843 3.525
3.841 3.533
3.840 3.538
3.839 3.540
3.840 3.538
3.839 3.536
3.837 3.534
3.834 3.534
3.830 3.535
3.830 3.535
3.832 3.537
3.834 3.538
3.837 3.539
3.844 3.535
3.848 3.534
3.850 3.533
3.846 3.534
3.844 3.531
3.842 3.533
3.839 3.535
3.837 3.538
3.834 3.541
3.834 3.544
3.830 3.548
3.825 3.551
3.821 3.555
3.816 3.558
3.813 3.563
3.808 3.565
3.813 3.559
3.817 3.555
3.822 3.551
3.824 3.547
3.828 3.543
3.830 3.539
3.831 3.537
3.835 3.535
3.840 3.531
3.844 3.527
3.848 3.525
3.849 3.524
3.850 3.522
3.852 3.520
3.854 3.517
3.855 3.515
3.856 3.513
3.854 3.515
3.851 3.519
3.850 3.522
3.846 3.527
3.843 3.529
3.844 3.529
3.849 3.524
3.853 3.517
3.856 3.511
3.856 3.507
3.851 3.510
3.846 3.512
3.842 3.516
3.839 3.523
3.835 3.530
3.837 3.532
3.839 3.533
3.838 3.531
3.839 3.527
3.838 3.522
3.837 3.517
3.837 3.512
3.836 3.512
3.835 3.517
3.837 3.520
3.837 3.524
3.837 3.528
3.837 3.532
3.837 3.534
3.836 3.536
3.836 3.536
3.838 3.534
3.840 3.532
3.843 3.529
3.844 3.527
3.846 3.526
3.845 3.527
3.849 3.529
3.850 3.531
3.849 3.532
3.848 3.530
3.846 3.526
3.846 3.522
3.845 3.517
3.841 3.515
3.840 3.512
3.840 3.517
3.843 3.524
3.845 3.529
3.845 3.534
3.844 3.539
3.844 3.546
3.841 3.546
3.839 3.542
3.838 3.541
3.837 3.538
3.834 3.536
3.833 3.534
3.831 3.532
3.832 3.529
3.833 3.526
3.835 3.524
3.836 3.523
3.836 3.523
3.835 3.535
3.833 3.549
3.832 3.563
3.832 3.550
3.834 3.523
3.834 3.511
3.833 3.510
3.832 3.512
3.834 3.515
3.837 3.515
3.838 3.520
3.838 3.524
3.837 3.527
3.836 3.529
3.832 3.532
3.828 3.534
3.825 3.537
3.826 3.539
3.824 3.539
3.825 3.536
3.825 3.534
3.826 3.529
3.824 3.526
3.822 3.523
3.822 3.514
3.820 3.510
3.822 3.514
3.824 3.518
3.827 3.520
3.830 3.524
3.834 3.525
3.834 3.527
3.833 3.529
3.833 3.532
3.833 3.529
3.834 3.524
3.836 3.520
3.836 3.516
3.838 3.510
3.837 3.507
3.835 3.507
3.832 3.511
3.830 3.515
3.831 3.518
3.830 3.522
3.829 3.526
3.831 3.529
3.830 3.528
3.825 3.528
3.821 3.529
3.825 3.528
3.835 3.530
3.842 3.534
3.834 3.532
3.828 3.529
3.820 3.529
3.819 3.522
3.816 3.514
3.817 3.507
3.821 3.501
3.824 3.495
3.828 3.497
3.833 3.498
3.838 3.498
3.840 3.499
3.842 3.502
3.844 3.504
3.845 3.505
3.847 3.503
3.849 3.502
3.849 3.502
3.851 3.501
3.849 3.503
3.847 3.507
3.842 3.511
3.839 3.514
3.834 3.517
3.832 3.519
3.829 3.521
3.826 3.523
3.822 3.526
3.820 3.530
3.820 3.531
3.820 3.529
3.823 3.527
3.824 3.526
3.826 3.522
3.827 3.520
3.835 3.512
3.845 3.503
3.854 3.495
3.860 3.488
3.867 3.484
3.858 3.494
3.850 3.505
3.843 3.514
3.836 3.524
3.832 3.532
3.830 3.537
3.829 3.542
3.825 3.548
3.821 3.553
3.816 3.557
3.812 3.558
3.807 3.558
3.801 3.558
3.797 3.558
3.793 3.557
3.788 3.556
3.788 3.552
3.791 3.548
3.806 3.544
3.810 3.538
3.805 3.529
3.803 3.517
3.808 3.508
3.810 3.503
3.812 3.510
3.783 3.527
3.734 3.563
3.730 3.551
3.727 3.558
3.725 3.568
3.720 3.579
3.709 3.595
3.707 3.609
3.706 3.622
3.709 3.632
3.707 3.649
3.706 3.667
3.711 3.677
3.720 3.673
3.731 3.676
3.757 3.661
3.752 3.636
3.747 3.638
3.764 3.673
3.784 3.704
3.791 3.729
3.800 3.738
3.782 3.748
3.768 3.748
3.767 3.738
3.770 3.737
3.785 3.723
3.801 3.722
3.761 3.722
3.756 3.696
3.765 3.694
3.740 3.720
3.761 3.702
3.764 3.702
3.727 3.701
3.716 3.688
3.726 3.682
3.763 3.668
3.782 3.670
3.779 3.669
3.761 3.651
3.724 3.651
3.685 3.648
3.684 3.618
3.682 3.620
3.645 3.616
3.638 3.590
3.653 3.581
3.689 3.564
3.707 3.554
3.717 3.554
3.749 3.533
3.723 3.523
3.726 3.490
3.727 3.464
3.713 3.455
3.710 3.446
3.735 3.411
3.725 3.402
3.735 3.460
3.786 3.480
3.809 3.501
3.857 3.512
3.915 3.512
3.883 3.512
3.867 3.513
3.855 3.513
3.819 3.510
3.803 3.510
3.798 3.509
3.833 3.501
3.885 3.501
3.878 3.501
3.850 3.509
3.820 3.554
3.852 3.549
3.887 3.520
3.896 3.482
3.907 3.448
3.920 3.473
3.878 3.508
3.904 3.486
3.838 3.498
3.776 3.510
3.782 3.479
3.779 3.466
3.746 3.488
3.804 3.463
3.851 3.427
3.899 3.388
3.955 3.378
3.952 3.387
3.948 3.423
3.917 3.445
3.900 3.429
3.901 3.417
3.882 3.455
3.862 3.507
3.824 3.577
3.787 3.627
3.744 3.671
3.768 3.664
3.771 3.659
3.772 3.674
3.798 3.679
3.771 3.684
3.776 3.660
3.771 3.626
3.724 3.598
3.660 3.654
3.627 3.677
3.643 3.665
3.634 3.682
3.676 3.661
3.731 3.653
3.746 3.626
3.766 3.589
3.799 3.557
3.787 3.577
3.771 3.599
3.792 3.624
3.766 3.628
3.767 3.607
3.760 3.600
3.727 3.569
3.719 3.587
3.668 3.619
3.664 3.617
3.678 3.632
3.646 3.661
3.619 3.696
3.574 3.771
3.563 3.808
3.543 3.868
3.578 3.832
3.615 3.816
3.626 3.811
3.659 3.811
3.684 3.779
3.701 3.801
3.690 3.829
3.692 3.819
3.691 3.828
3.701 3.828
3.706 3.825
3.738 3.836
3.719 3.860
3.710 3.873
3.690 3.915
3.636 3.930
3.601 3.927
3.610 3.862
3.625 3.870
3.651 3.878
3.631 3.907
3.581 3.895
3.563 3.894
3.516 3.897
3.479 3.884
3.466 3.887
3.492 3.877
3.562 3.822
3.604 3.793
3.601 3.798
3.596 3.808
3.593 3.796
3.591 3.785
3.601 3.772
3.629 3.773
3.607 3.755
3.610 3.732
3.610 3.745
3.610 3.759
3.633 3.728
3.646 3.716
3.681 3.692
3.673 3.718
3.663 3.744
3.683 3.741
3.684 3.747
3.692 3.731
3.670 3.742
3.642 3.766
3.646 3.757
3.657 3.736
3.669 3.714
3.678 3.700
3.664 3.719
3.670 3.760
3.692 3.783
3.695 3.816
3.663 3.833
3.614 3.845
3.583 3.851
3.609 3.839
3.636 3.830
3.617 3.833
3.591 3.831
3.534 3.825
3.468 3.878
3.427 3.900
3.370 3.929
3.329 3.959
3.359 3.934
3.396 3.843
3.472 3.763
3.539 3.708
3.577 3.674
3.597 3.647
3.597 3.658
3.610 3.664
3.624 3.651
3.637 3.642
3.648 3.665
3.616 3.725
3.627 3.763
3.598 3.810
3.584 3.823
3.616 3.791
3.608 3.801
3.601 3.824
3.626 3.842
3.581 3.876
3.535 3.907
3.539 3.897
3.534 3.903
3.564 3.897
3.584 3.875
3.586 3.865
3.598 3.849
3.643 3.790
3.652 3.771
3.647 3.763
3.654 3.740
3.645 3.755
3.647 3.759
3.682 3.717
3.708 3.689
3.712 3.667
3.707 3.661
3.697 3.683
3.703 3.682
3.710 3.627
3.717 3.607
3.723 3.609
3.721 3.613
3.720 3.617
3.720 3.622
3.709 3.632
3.701 3.658
3.714 3.652
3.700 3.654
3.689 3.655
3.711 3.652
3.700 3.660
3.691 3.678
3.693 3.675
3.685 3.671
3.677 3.668
3.683 3.658
3.687 3.659
3.681 3.678
3.689 3.672
3.696 3.664
3.696 3.659
3.691 3.658
3.684 3.656
3.678 3.656
3.681 3.662
3.684 3.669
3.679 3.671
3.684 3.667
3.689 3.674
3.680 3.681
3.670 3.693
3.659 3.704
3.645 3.720
3.646 3.727
3.639 3.743
3.635 3.708
3.635 3.667
3.626 3.626
3.622 3.627
3.623 3.633
3.608 3.646
3.635 3.613
3.664 3.581
3.672 3.574
3.671 3.571
3.670 3.564
3.660 3.564
3.661 3.556
3.659 3.549
3.652 3.554
3.652 3.560
3.651 3.571
3.643 3.573
3.643 3.569
3.640 3.568
3.655 3.554
3.682 3.529
3.703 3.508
3.700 3.514
3.698 3.519
3.692 3.526
3.685 3.534
3.677 3.542
3.667 3.549
3.661 3.556
3.657 3.564
3.651 3.576
3.639 3.594
3.626 3.613
3.618 3.623
3.621 3.620
3.624 3.617
3.622 3.618
3.620 3.614
3.622 3.607
3.629 3.600
3.644 3.595
3.659 3.592
3.673 3.591
3.687 3.592
3.702 3.593
3.716 3.593
3.732 3.594
3.747 3.593
3.761 3.599
3.777 3.603
3.791 3.609
3.791 3.609
3.791 3.611
3.792 3.611
3.792 3.613
3.792 3.614
3.792 3.616
3.793 3.618
3.793 3.621
3.794 3.621
3.794 3.625
3.795 3.627
3.795 3.630
3.795 3.633
3.794 3.637
3.794 3.638
3.797 3.641
3.801 3.643
3.806 3.643
3.810 3.643
3.807 3.641
3.803 3.641
3.798 3.641
3.795 3.641
3.797 3.638
3.798 3.635
3.796 3.633
3.790 3.636
3.781 3.641
3.779 3.644
3.778 3.648
3.775 3.652
3.769 3.657
3.767 3.657
3.761 3.657
3.756 3.657
3.766 3.656
3.777 3.654
3.787 3.653
3.790 3.650
3.792 3.648
3.794 3.646
3.793 3.646
3.794 3.645
3.798 3.645
3.804 3.645
3.803 3.645
3.799 3.644
3.798 3.644
3.799 3.645
3.799 3.644
3.800 3.643
3.800 3.642
3.801 3.642
3.802 3.643
3.804 3.629
3.811 3.612
3.818 3.597
3.808 3.599
3.807 3.601
3.805 3.604
3.805 3.585
3.812 3.566
3.813 3.545
3.799 3.524
3.808 3.511
3.824 3.502
3.812 3.525
3.806 3.516
3.771 3.531
3.767 3.549
3.767 3.567
3.776 3.569
3.782 3.561
3.781 3.563
3.783 3.546
3.823 3.510
3.875 3.470
3.912 3.433
3.919 3.399
3.919 3.371
3.913 3.371
3.909 3.381
3.909 3.383
3.918 3.385
3.924 3.368
3.948 3.325
3.937 3.321
3.939 3.317
3.951 3.300
3.956 3.291
3.961 3.279
3.957 3.278
3.959 3.277
3.980 3.271
3.991 3.268
3.989 3.286
3.976 3.316
3.950 3.362
3.955 3.354
3.962 3.290
3.954 3.261
3.950 3.263
3.946 3.270
3.949 3.267
3.958 3.250
3.969 3.229
3.974 3.221
3.986 3.208
4.006 3.199
4.002 3.201
4.017 3.195
4.034 3.193
4.034 3.184
4.026 3.178
4.046 3.193
4.063 3.185
4.080 3.180
4.069 3.189
4.060 3.190
4.080 3.186
4.056 3.219
4.036 3.245
4.019 3.272
4.000 3.304
3.989 3.321
3.990 3.346
3.985 3.355
3.984 3.355
3.997 3.360
3.993 3.359
4.002 3.352
4.012 3.348
4.023 3.332
4.040 3.313
4.055 3.316
4.038 3.312
4.041 3.312
4.031 3.320
4.030 3.322
4.050 3.325
4.045 3.338
4.035 3.327
4.029 3.321
4.013 3.333
4.002 3.335
3.990 3.343
3.995 3.333
4.003 3.318
4.006 3.321
4.011 3.321
4.015 3.322
4.013 3.333
4.013 3.332
4.020 3.331
4.018 3.334
4.023 3.330
4.033 3.329
4.020 3.339
4.034 3.344
4.036 3.357
4.024 3.368
4.028 3.376
4.033 3.392
4.048 3.381
4.061 3.371
4.051 3.383
4.042 3.377
4.060 3.371
4.037 3.394
4.019 3.398
4.032 3.406
4.033 3.427
4.035 3.440
4.045 3.457
4.051 3.450
4.059 3.438
4.054 3.436
4.041 3.441
4.029 3.447
4.031 3.449
4.039 3.448
4.048 3.449
4.057 3.448
4.063 3.446
4.068 3.442
4.071 3.442
4.073 3.445
4.076 3.449
4.073 3.457
4.067 3.468
4.063 3.478
4.066 3.480
4.071 3.477
4.071 3.477
4.073 3.477
4.074 3.476
4.076 3.476
4.077 3.477
4.078 3.479
4.079 3.480
4.081 3.479
4.082 3.481
4.084 3.482
4.088 3.482
4.089 3.482
4.093 3.480
4.096 3.479
4.102 3.476
4.107 3.471
4.112 3.465
4.112 3.464
4.111 3.467
4.109 3.466
4.105 3.468
4.101 3.473
4.098 3.476
4.098 3.477
4.098 3.479
4.095 3.479
4.092 3.475
4.090 3.472
4.086 3.468
4.083 3.463
4.083 3.459
4.085 3.458
4.088 3.458
4.091 3.457
4.095 3.452
4.099 3.451
4.100 3.448
4.098 3.445
4.099 3.442
4.096 3.443
4.094 3.442
4.090 3.441
4.087 3.445
4.083 3.449
4.081 3.453
4.076 3.458
4.073 3.463
4.073 3.465
4.071 3.466
4.068 3.469
4.066 3.469
4.064 3.470
4.059 3.474
4.055 3.475
4.052 3.476
4.051 3.473
4.053 3.468
4.054 3.464
4.054 3.462
4.056 3.458
4.059 3.453
4.060 3.450
4.063 3.446
4.066 3.442
4.071 3.443
4.075 3.444
4.076 3.448
4.077 3.452
4.078 3.456
4.077 3.457
4.077 3.457
4.075 3.459
4.072 3.461
4.069 3.462
4.059 3.465
4.050 3.472
4.041 3.477
4.040 3.474
4.038 3.472
4.038 3.470
4.039 3.470
4.042 3.469
4.043 3.468
4.043 3.469
4.043 3.470
4.044 3.471
4.046 3.470
4.048 3.469
4.048 3.471
4.047 3.471
4.048 3.471
4.049 3.470
4.047 3.472
4.049 3.471
4.051 3.469
4.056 3.464
4.057 3.462
4.059 3.459
4.060 3.458
4.061 3.456
4.063 3.454
4.065 3.453
4.066 3.451
4.069 3.448
4.072 3.446
4.072 3.445
4.075 3.443
4.075 3.440
4.075 3.436
4.072 3.435
4.066 3.439
4.058 3.442
4.054 3.446
4.047 3.450
4.041 3.455
4.041 3.454
4.041 3.452
4.039 3.451
4.035 3.453
4.033 3.457
4.028 3.462
4.025 3.467
4.020 3.472
4.019 3.475
4.019 3.476
4.020 3.478
4.021 3.477
4.022 3.475
4.024 3.476
4.027 3.474
4.032 3.473
4.035 3.472
4.042 3.468
4.049 3.463
4.055 3.457
4.059 3.452
4.061 3.448
4.061 3.450
4.056 3.453
4.055 3.454
4.050 3.457
4.045 3.459
4.041 3.462
4.039 3.462
4.036 3.462
4.035 3.462
4.035 3.467
4.035 3.471
4.038 3.471
4.041 3.472
4.044 3.470
4.044 3.471
4.046 3.469
4.047 3.468
4.049 3.467
4.050 3.464
4.052 3.462
4.056 3.462
4.058 3.464
4.061 3.466
4.065 3.466
4.069 3.464
4.071 3.464
4.072 3.462
4.073 3.461
4.073 3.459
4.073 3.459
4.075 3.457
4.076 3.455
4.078 3.452
4.078 3.451
4.079 3.450
4.078 3.450
4.075 3.452
4.073 3.454
4.072 3.455
4.070 3.457
4.071 3.456
4.071 3.456
4.069 3.457
4.068 3.456
4.071 3.452
4.073 3.447
4.075 3.444
4.077 3.440
4.080 3.440
4.081 3.438
4.081 3.440
4.078 3.442
4.078 3.445
4.079 3.445
4.080 3.448
4.081 3.451
4.081 3.453
4.083 3.455
4.083 3.457
4.083 3.460
4.086 3.462
4.087 3.464
4.090 3.465
4.088 3.465
4.085 3.463
4.083 3.461
4.080 3.456
4.080 3.450
4.078 3.447
4.081 3.443
4.083 3.444
4.087 3.443
4.086 3.445
4.085 3.448
4.083 3.454
4.083 3.453
4.083 3.452
4.082 3.452
4.083 3.452
4.083 3.450
4.078 3.449
4.073 3.455
4.066 3.460
4.064 3.461
4.061 3.463
4.060 3.464
4.063 3.463
4.065 3.460
4.066 3.457
4.070 3.452
4.073 3.447
4.076 3.442
4.078 3.441
4.083 3.438
4.082 3.440
4.078 3.445
4.076 3.449
4.072 3.453
4.069 3.455
4.066 3.456
4.066 3.456
4.065 3.456
4.064 3.455
4.061 3.457
4.058 3.460
