-2.954    -2.781    -0.000
-3.967    -1.673    -0.000
-4.979    -0.566    -0.000
-5.992    0.543    -0.000
-7.005    1.650    -0.000
-8.017    2.756    -0.000
-9.030    3.863    -0.000
-10.044    4.971    -0.000
-11.056    6.077    -0.000
-12.071    7.184    -0.000
-13.084    8.290    -0.000
-14.097    9.396    -0.000
-15.111    10.504    -0.000
-16.124    11.610    -0.000
-17.138    12.716    -0.000
-18.155    13.819    -0.000
-19.172    14.924    -0.000
-20.188    16.027    -0.000
-21.205    17.131    -0.000
-22.221    18.234    -0.000
-23.235    19.340    -0.000
-24.247    20.449    -0.000
-25.259    21.557    -0.000
-26.272    22.664    -0.000
-27.284    23.772    -0.000
-28.296    24.880    -0.000
-29.309    25.986    -0.000
-30.323    27.093    -0.000
-31.336    28.199    -0.000
-32.349    29.305    -0.000
-33.364    30.413    -0.000
-34.378    31.518    -0.000
-35.394    32.622    -0.000
-36.410    33.726    -0.000
-37.426    34.831    -0.000
-38.442    35.935    -0.000
-39.457    37.039    -0.000
-40.469    38.148    -0.000
-41.479    39.257    -0.000
-42.489    40.368    -0.000
-43.499    41.477    -0.000
-44.509    42.587    -0.000
-45.520    43.695    -0.000
-46.536    44.800    -0.000
-47.552    45.905    -0.000
-48.567    47.009    -0.000
-49.583    48.113    -0.000
-50.598    49.219    -0.000
-51.613    50.324    -0.000
-52.627    51.430    -0.000
-53.642    52.535    -0.000
-54.656    53.641    -0.000
-55.670    54.748    -0.000
-56.684    55.853    -0.000
-57.697    56.960    -0.001
-58.710    58.067    -0.001
-59.722    59.175    -0.001
-60.736    60.282    -0.001
-61.749    61.389    -0.001
-62.762    62.496    -0.001
-63.774    63.604    -0.001
-64.786    64.711    -0.001
-65.799    65.818    -0.001
-66.813    66.925    -0.001
-67.825    68.032    -0.001
-68.839    69.139    -0.001
-69.853    70.245    -0.001
-70.866    71.351    -0.001
-71.880    72.457    -0.001
-72.894    73.564    -0.001
-73.909    74.670    -0.001
-74.922    75.776    -0.001
-75.935    76.883    -0.001
-76.949    77.990    -0.001
-77.963    79.096    -0.001
-78.976    80.202    -0.001
-79.990    81.309    -0.001
-81.003    82.415    -0.001
-82.015    83.523    -0.001
-83.028    84.630    -0.001
-84.041    85.737    -0.001
-85.053    86.845    -0.001
-86.064    87.954    -0.001
-87.076    89.063    -0.001
-88.087    90.171    -0.001
-89.098    91.280    -0.001
-90.108    92.389    -0.001
-91.122    93.496    -0.001
-92.137    94.600    -0.001
-93.153    95.705    -0.001
-94.168    96.810    -0.001
-95.182    97.916    -0.001
-96.197    99.021    -0.001
-97.211    100.127    -0.002
-98.225    101.233    -0.002
-99.239    102.340    -0.002
-100.254    103.445    -0.002
-101.268    104.551    -0.002
-102.282    105.657    -0.002
-103.296    106.763    -0.002
-104.310    107.870    -0.002
-105.323    108.976    -0.002
-106.337    110.082    -0.002
-107.352    111.188    -0.002
-108.364    112.296    -0.002
-109.377    113.403    -0.002
-110.389    114.510    -0.002
-111.402    115.617    -0.002
-112.414    116.725    -0.002
-113.428    117.832    -0.002
-114.442    118.938    -0.002
-115.455    120.044    -0.002
-116.469    121.150    -0.002
-117.482    122.258    -0.002
-118.496    123.364    -0.002
-119.510    124.469    -0.002
-120.526    125.574    -0.002
-121.541    126.680    -0.002
-122.556    127.785    -0.002
-123.571    128.890    -0.003
-124.584    129.996    -0.003
-125.596    131.103    -0.003
-126.608    132.212    -0.003
-127.621    133.320    -0.003
-128.633    134.427    -0.003
-129.646    135.534    -0.003
-130.660    136.641    -0.003
-131.674    137.746    -0.003
-132.688    138.852    -0.003
-133.702    139.958    -0.003
-134.718    141.064    -0.003
-135.731    142.170    -0.003
-136.745    143.276    -0.003
-137.758    144.383    -0.003
-138.771    145.489    -0.003
-139.784    146.597    -0.003
-140.799    147.703    -0.003
-141.811    148.810    -0.003
-142.824    149.917    -0.003
-143.836    151.026    -0.003
-144.848    152.133    -0.003
-145.860    153.241    -0.004
-146.872    154.348    -0.004
-147.887    155.455    -0.004
-148.900    156.561    -0.004
-149.914    157.667    -0.004
-150.928    158.773    -0.004
-151.941    159.879    -0.004
-152.953    160.988    -0.004
-153.966    162.095    -0.004
-154.978    163.203    -0.004
-155.989    164.311    -0.004
-157.001    165.420    -0.004
-158.013    166.528    -0.004
-159.026    167.634    -0.004
-160.040    168.740    -0.004
-161.054    169.848    -0.004
-162.067    170.954    -0.004
-163.081    172.060    -0.004
-164.096    173.165    -0.004
-165.112    174.269    -0.005
-166.128    175.373    -0.005
-167.145    176.477    -0.005
-168.162    177.581    -0.005
-169.177    178.686    -0.005
-170.190    179.793    -0.005
-171.203    180.900    -0.005
-172.215    182.007    -0.005
-173.228    183.114    -0.005
-174.242    184.221    -0.005
-175.309    185.413    -0.005
-176.304    186.536    -0.005
-177.300    187.659    -0.005
-178.294    188.782    -0.005
-179.289    189.906    -0.005
-180.284    191.029    -0.005
-181.280    192.152    -0.005
-182.275    193.276    -0.006
-183.222    194.307    -0.006
-184.245    195.406    -0.006
-185.271    196.501    -0.006
-186.297    197.595    -0.006
-187.323    198.689    -0.006
-188.349    199.784    -0.006
-189.310    200.804    -0.006
-190.355    201.881    -0.006
-191.402    202.967    -0.006
-192.430    204.060    -0.006
-193.508    205.242    -0.006
-194.520    206.351    -0.006
-195.530    207.460    -0.006
-196.541    208.568    -0.006
-197.552    209.678    -0.007
-198.563    210.787    -0.007
-199.574    211.895    -0.007
-200.585    213.004    -0.007
-201.596    214.114    -0.007
-202.606    215.223    -0.007
-203.617    216.332    -0.007
-204.695    217.515    -0.007
-205.639    218.550    -0.007
-206.650    219.658    -0.007
-207.661    220.767    -0.007
-208.672    221.876    -0.007
-209.682    222.986    -0.007
-210.693    224.094    -0.007
-211.704    225.203    -0.007
-212.715    226.312    -0.008
-213.726    227.421    -0.008
-214.737    228.530    -0.008
-215.748    229.639    -0.008
-216.758    230.748    -0.008
-217.769    231.857    -0.008
-218.780    232.966    -0.008
-219.792    234.075    -0.008
-220.803    235.183    -0.008
-221.813    236.293    -0.008
-222.824    237.402    -0.008
-223.834    238.511    -0.008
-224.847    239.618    -0.008
-225.860    240.726    -0.009
-226.872    241.834    -0.009
-227.883    242.942    -0.009
-228.895    244.050    -0.009
-229.906    245.158    -0.009
-230.918    246.267    -0.009
-231.931    247.374    -0.009
-232.945    248.480    -0.009
-233.959    249.586    -0.009
-234.973    250.692    -0.009
-235.988    251.797    -0.009
-237.002    252.903    -0.009
-238.017    254.008    -0.010
-239.032    255.114    -0.010
-240.047    256.219    -0.010
-241.062    257.324    -0.010
-242.076    258.430    -0.010
-243.090    259.535    -0.010
-244.103    260.643    -0.010
-245.117    261.749    -0.010
-246.131    262.855    -0.010
-247.145    263.962    -0.010
-248.158    265.069    -0.010
-249.170    266.177    -0.010
-250.182    267.284    -0.011
-251.194    268.391    -0.011
-252.207    269.499    -0.011
-253.220    270.607    -0.011
-254.234    271.713    -0.011
-255.249    272.818    -0.011
-256.264    273.922    -0.011
-257.279    275.028    -0.011
-258.294    276.133    -0.011
-259.311    277.237    -0.011
-260.322    278.345    -0.011
-261.332    279.455    -0.011
-262.343    280.564    -0.012
-263.354    281.672    -0.012
-264.365    282.781    -0.012
-265.377    283.889    -0.012
-266.390    284.997    -0.012
-267.402    286.104    -0.012
-268.414    287.212    -0.012
-269.426    288.319    -0.012
-270.439    289.427    -0.012
-271.388    290.457    -0.012
-272.405    291.560    -0.012
-273.490    292.737    -0.013
-274.507    293.840    -0.013
-275.524    294.944    -0.013
-276.538    296.050    -0.013
-277.550    297.158    -0.013
-278.562    298.265    -0.013
-279.575    299.373    -0.013
-280.588    300.481    -0.013
-281.600    301.587    -0.013
-282.616    302.692    -0.013
-283.631    303.798    -0.014
-284.646    304.903    -0.014
-285.661    306.007    -0.014
-286.677    307.112    -0.014
-287.692    308.217    -0.014
-288.706    309.323    -0.014
-289.721    310.429    -0.014
-290.734    311.535    -0.014
-291.746    312.642    -0.014
-292.758    313.751    -0.014
-293.771    314.858    -0.015
-294.782    315.967    -0.015
-295.792    317.076    -0.015
-296.803    318.185    -0.015
-297.814    319.295    -0.015
-298.826    320.402    -0.015
-299.839    321.510    -0.015
-300.851    322.617    -0.015
-301.863    323.726    -0.015
-302.875    324.833    -0.015
-303.889    325.938    -0.016
-304.904    327.044    -0.016
-305.920    328.150    -0.016
-306.935    329.254    -0.016
-307.949    330.359    -0.016
-308.964    331.464    -0.016
-309.975    332.573    -0.016
-310.986    333.682    -0.016
-311.998    334.790    -0.016
-313.010    335.898    -0.017
-314.022    337.007    -0.017
-315.037    338.112    -0.017
-316.054    339.215    -0.017
-317.004    340.244    -0.017
-318.089    341.420    -0.017
-319.106    342.523    -0.017
-320.122    343.629    -0.017
-321.132    344.738    -0.017
-322.142    345.848    -0.018
-323.152    346.957    -0.018
-324.162    348.068    -0.018
-325.171    349.177    -0.018
-326.181    350.287    -0.018
-327.190    351.398    -0.018
-328.199    352.509    -0.018
-329.208    353.619    -0.018
-330.225    354.723    -0.018
-331.240    355.828    -0.019
-332.254    356.935    -0.019
-333.266    358.042    -0.019
-334.281    359.147    -0.019
-335.298    360.251    -0.019
-336.300    361.367    -0.019
-337.320    362.468    -0.019
-338.341    363.567    -0.019
-339.362    364.666    -0.019
-340.384    365.766    -0.020
-341.397    366.874    -0.020
-342.345    367.904    -0.020
-343.387    368.983    -0.020
-344.429    370.062    -0.020
-345.472    371.142    -0.020
-346.446    372.149    -0.020
-347.503    373.214    -0.020
-348.512    374.184    -0.021
-349.600    375.218    -0.021
-350.689    376.250    -0.021
-351.736    377.180    -0.021
-352.860    378.174    -0.021
-353.920    379.089    -0.021
-355.074    380.048    -0.021
-356.229    381.006    -0.021
-357.384    381.965    -0.021
-358.466    382.853    -0.022
-359.588    383.691    -0.022
-360.798    384.579    -0.022
-361.927    385.408    -0.022
-363.217    386.356    -0.022
-364.287    387.094    -0.022
-365.534    387.929    -0.022
-366.647    388.601    -0.022
-367.935    389.371    -0.023
-369.224    390.140    -0.023
-370.512    390.910    -0.023
-371.808    391.665    -0.023
-372.942    392.300    -0.023
-374.352    393.058    -0.023
-375.587    393.720    -0.023
-376.821    394.380    -0.023
-378.157    395.065    -0.023
-379.504    395.728    -0.024
-380.775    396.314    -0.024
-382.138    396.942    -0.024
-383.501    397.569    -0.024
-384.781    398.137    -0.024
-386.068    398.690    -0.024
-387.462    399.245    -0.024
-388.945    399.846    -0.024
-390.243    400.372    -0.025
-391.551    400.876    -0.025
-392.873    401.336    -0.025
-394.204    401.771    -0.025
-395.642    402.198    -0.025
-397.081    402.626    -0.025
-398.519    403.053    -0.025
-399.866    403.438    -0.025
-401.219    403.798    -0.025
-402.676    404.158    -0.026
-404.134    404.514    -0.026
-405.591    404.872    -0.026
-406.955    405.186    -0.026
-408.327    405.470    -0.026
-409.702    405.735    -0.026
-411.180    405.992    -0.026
-412.659    406.249    -0.026
-414.041    406.478    -0.026
-415.526    406.683    -0.027
-416.914    406.874    -0.027
-418.405    407.046    -0.027
-419.895    407.216    -0.027
-421.387    407.386    -0.027
-422.780    407.521    -0.027
-424.275    407.659    -0.027
-425.670    407.777    -0.027
-427.167    407.872    -0.027
-428.665    407.966    -0.027
-430.064    408.028    -0.028
-431.564    408.073    -0.028
-432.864    408.097    -0.028
-434.364    408.078    -0.028
-435.764    408.035    -0.028
-437.162    407.952    -0.028
-438.760    407.865    -0.028
-440.056    407.763    -0.028
-441.550    407.618    -0.028
-443.044    407.473    -0.028
-444.435    407.321    -0.029
-445.924    407.130    -0.029
-447.312    406.942    -0.029
-448.795    406.717    -0.029
-450.278    406.491    -0.029
-451.762    406.264    -0.029
-453.243    406.022    -0.029
-454.724    405.783    -0.029
-456.205    405.542    -0.029
-457.686    405.298    -0.029
-459.167    405.054    -0.029
-460.547    404.819    -0.029
-462.125    404.553    -0.030
-463.605    404.307    -0.030
-465.083    404.046    -0.030
-466.561    403.785    -0.030
-468.039    403.528    -0.030
-469.520    403.284    -0.030
-470.900    403.047    -0.030
-472.377    402.785    -0.030
-473.855    402.525    -0.030
-475.333    402.264    -0.030
-476.911    401.995    -0.031
-478.390    401.744    -0.031
-479.771    401.513    -0.031
-481.348    401.237    -0.031
-482.727    400.996    -0.031
-484.205    400.737    -0.031
-485.784    400.470    -0.031
-487.265    400.231    -0.031
-488.644    399.985    -0.031
-490.121    399.723    -0.031
-491.698    399.445    -0.031
-493.178    399.202    -0.032
-494.658    398.953    -0.032
-496.137    398.703    -0.032
-497.617    398.454    -0.032
-499.097    398.205    -0.032
-500.576    397.953    -0.032
-502.055    397.700    -0.032
-503.536    397.451    -0.032
-505.016    397.205    -0.032
-506.496    396.960    -0.032
-507.977    396.719    -0.033
-509.460    396.490    -0.033
-510.942    396.252    -0.033
-512.425    396.025    -0.033
-513.909    395.809    -0.033
-515.395    395.593    -0.033
-516.880    395.377    -0.033
-518.364    395.161    -0.033
-519.949    394.937    -0.033
-521.439    394.758    -0.034
-522.928    394.579    -0.034
-524.419    394.399    -0.034
-525.908    394.220    -0.034
-527.398    394.041    -0.034
-528.989    393.870    -0.034
-530.482    393.719    -0.034
-531.976    393.568    -0.034
-533.468    393.418    -0.034
-534.961    393.266    -0.035
-536.555    393.117    -0.035
-538.052    393.005    -0.035
-539.647    392.887    -0.035
-541.044    392.782    -0.035
-542.540    392.671    -0.035
-544.037    392.560    -0.035
-545.634    392.461    -0.035
-547.132    392.379    -0.036
-548.631    392.296    -0.036
-550.229    392.231    -0.036
-551.730    392.191    -0.036
-553.330    392.159    -0.036
-554.731    392.143    -0.036
-556.231    392.126    -0.036
-557.732    392.109    -0.036
-559.431    392.119    -0.037
-561.031    392.173    -0.037
-562.530    392.250    -0.037
-564.028    392.326    -0.037
-565.527    392.403    -0.037
-567.025    392.481    -0.037
-568.524    392.558    -0.037
-570.022    392.638    -0.038
-571.619    392.750    -0.038
-573.113    392.884    -0.038
-574.609    393.018    -0.038
-576.200    393.181    -0.038
-577.692    393.349    -0.038
-579.279    393.556    -0.038
-580.763    393.768    -0.039
-582.249    393.981    -0.039
-583.926    394.262    -0.039
-585.391    394.582    -0.039
-586.762    394.872    -0.039
-588.241    395.125    -0.039
-589.720    395.376    -0.040
-591.382    395.737    -0.040
-592.749    396.041    -0.040
-594.404    396.427    -0.040
-595.666    396.741    -0.040
-597.131    397.068    -0.040
-598.784    397.464    -0.041
-600.326    397.892    -0.041
-601.676    398.266    -0.041
-603.306    398.751    -0.041
-604.644    399.166    -0.041
-606.077    399.611    -0.041
-607.678    400.183    -0.042
-609.089    400.694    -0.042
-610.499    401.205    -0.042
-611.985    401.800    -0.042
-613.377    402.360    -0.042
-614.769    402.919    -0.042
-616.245    403.541    -0.043
-617.628    404.123    -0.043
-619.090    404.774    -0.043
-620.459    405.390    -0.043
-621.822    406.016    -0.043
-623.181    406.650    -0.043
-624.617    407.358    -0.044
-626.035    408.100    -0.044
-627.437    408.874    -0.044
-628.821    409.676    -0.044
-630.190    410.507    -0.044
-631.457    411.311    -0.045
-632.792    412.194    -0.045
-634.107    413.106    -0.045
-635.469    414.122    -0.045
-636.634    415.068    -0.045
-637.787    416.028    -0.045
-638.929    417.002    -0.046
-640.134    418.056    -0.046
-641.247    419.062    -0.046
-642.422    420.149    -0.046
-643.520    421.172    -0.046
-644.670    422.284    -0.047
-645.726    423.350    -0.047
-646.776    424.422    -0.047
-647.960    425.643    -0.047
-648.972    426.750    -0.047
-649.983    427.860    -0.047
-651.082    429.156    -0.048
-651.962    430.246    -0.048
-652.970    431.490    -0.048
-653.897    432.669    -0.048
-654.873    433.937    -0.048
-655.776    435.135    -0.049
-656.723    436.426    -0.049
-657.646    437.734    -0.049
-658.539    439.062    -0.049
-659.348    440.325    -0.049
-660.148    441.595    -0.049
-660.989    442.957    -0.050
-661.725    444.148    -0.050
-662.613    445.713    -0.050
-663.279    446.946    -0.050
-664.021    448.250    -0.050
-664.809    449.756    -0.051
-665.517    451.192    -0.051
-666.120    452.455    -0.051
-666.791    453.909    -0.051
-667.472    455.467    -0.051
-668.046    456.853    -0.051
-668.610    458.244    -0.052
-669.169    459.743    -0.052
-669.682    461.154    -0.052
-670.212    462.664    -0.052
-670.719    464.182    -0.052
-671.149    465.515    -0.052
-671.621    467.044    -0.052
-672.059    468.583    -0.053
-672.450    470.032    -0.053
-672.864    471.681    -0.053
-673.199    473.246    -0.053
-673.490    474.719    -0.053
-673.779    476.191    -0.053
-674.070    477.764    -0.054
-674.309    479.246    -0.054
-674.543    480.930    -0.054
-674.723    482.419    -0.054
-674.903    483.910    -0.054
-675.088    485.499    -0.054
-675.222    486.994    -0.054
-675.364    488.788    -0.055
-675.398    490.188    -0.055
-675.433    491.788    -0.055
-675.464    493.289    -0.055
-675.494    494.789    -0.055
-675.496    496.290    -0.055
-675.489    497.789    -0.055
-675.464    499.390    -0.055
-675.428    500.990    -0.055
-675.358    502.489    -0.056
-675.234    504.185    -0.056
-675.045    505.774    -0.056
-674.855    507.263    -0.056
-674.648    508.850    -0.056
-674.426    510.334    -0.056
-674.206    511.818    -0.056
-673.869    513.484    -0.056
-673.562    514.954    -0.056
-673.254    516.422    -0.056
-672.897    518.085    -0.057
-672.517    519.536    -0.057
-672.078    521.179    -0.057
-671.640    522.614    -0.057
-671.202    524.050    -0.057
-670.717    525.574    -0.057
-670.220    526.990    -0.057
-669.675    528.496    -0.057
-669.154    529.902    -0.057
-668.590    531.400    -0.057
-668.035    532.794    -0.057
-667.426    534.275    -0.057
-666.822    535.648    -0.057
-666.218    537.021    -0.057
-665.392    538.621    -0.057
-664.689    539.947    -0.058
-663.984    541.271    -0.058
-663.177    542.768    -0.058
-662.407    544.056    -0.058
-661.655    545.354    -0.058
-660.949    546.564    -0.058
-660.146    547.949    -0.058
-659.289    549.300    -0.058
-658.416    550.642    -0.058
-657.521    551.968    -0.058
-656.640    553.184    -0.058
-655.693    554.474    -0.058
-654.723    555.746    -0.058
-653.791    556.922    -0.058
-652.850    558.092    -0.058
-651.818    559.316    -0.058
-650.765    560.520    -0.058
-649.864    561.591    -0.058
-648.653    562.924    -0.058
-647.678    563.929    -0.058
-646.563    565.077    -0.058
-645.515    566.152    -0.058
-644.309    567.349    -0.058
-643.126    568.428    -0.058
-642.083    569.364    -0.058
-640.888    570.428    -0.058
-639.760    571.417    -0.058
-638.543    572.456    -0.058
-637.216    573.519    -0.058
-635.918    574.455    -0.058
-634.604    575.370    -0.058
-633.347    576.188    -0.058
-632.184    576.969    -0.057
-630.790    577.943    -0.057
-629.528    578.754    -0.057
-628.258    579.554    -0.057
-626.984    580.345    -0.057
-625.520    581.212    -0.057
-624.306    581.908    -0.057
-622.914    582.700    -0.057
-621.501    583.452    -0.057
-620.171    584.145    -0.057
-618.739    584.859    -0.057
-617.389    585.516    -0.057
-615.927    586.165    -0.057
-614.558    586.781    -0.057
-613.083    587.403    -0.057
-611.694    587.970    -0.056
-610.110    588.589    -0.056
-608.697    589.090    -0.056
-607.281    589.587    -0.056
-605.767    590.107    -0.056
-604.238    590.581    -0.056
-602.804    591.020    -0.056
-601.261    591.445    -0.056
-599.709    591.838    -0.056
-598.251    592.193    -0.056
-596.598    592.592    -0.055
-595.123    592.867    -0.055
-593.546    593.144    -0.055
-592.068    593.399    -0.055
-590.487    593.649    -0.055
-589.001    593.851    -0.055
-587.411    594.038    -0.055
-585.820    594.208    -0.055
-584.324    594.334    -0.055
-582.729    594.463    -0.054
-581.130    594.540    -0.054
-579.631    594.598    -0.054
-578.131    594.657    -0.054
-576.531    594.699    -0.054
-575.031    594.725    -0.054
-573.431    594.708    -0.054
-571.831    594.668    -0.053
-570.232    594.593    -0.053
-568.735    594.495    -0.053
-567.138    594.377    -0.053
-565.546    594.221    -0.053
-564.055    594.046    -0.053
-562.467    593.847    -0.053
-560.983    593.632    -0.052
-559.499    593.405    -0.052
-557.821    593.128    -0.052
-556.347    592.846    -0.052
-554.682    592.503    -0.052
-553.222    592.158    -0.052
-551.765    591.800    -0.051
-550.218    591.390    -0.051
-548.774    590.980    -0.051
-547.331    590.571    -0.051
-545.804    590.090    -0.051
-544.374    589.634    -0.051
-542.944    589.178    -0.050
-541.426    588.673    -0.050
-540.013    588.168    -0.050
-538.507    587.626    -0.050
-537.014    587.049    -0.050
-535.625    586.482    -0.050
-534.236    585.912    -0.049
-532.851    585.336    -0.049
-531.383    584.699    -0.049
-529.920    584.050    -0.049
-528.567    583.402    -0.049
-527.217    582.746    -0.048
-525.779    582.042    -0.048
-524.348    581.325    -0.048
-523.024    580.620    -0.048
-521.613    579.863    -0.048
-520.301    579.136    -0.048
-518.995    578.397    -0.047
-517.696    577.645    -0.047
-516.401    576.888    -0.047
-514.945    576.009    -0.047
-513.758    575.267    -0.047
-512.484    574.474    -0.047
-511.129    573.622    -0.046
-509.866    572.811    -0.046
-508.531    571.929    -0.046
-507.296    571.076    -0.046
-506.063    570.223    -0.046
-504.756    569.296    -0.045
-503.541    568.417    -0.045
-502.325    567.538    -0.045
-501.120    566.644    -0.045
-499.844    565.678    -0.045
-498.653    564.765    -0.045
-497.462    563.853    -0.044
-496.220    562.843    -0.044
-495.057    561.894    -0.044
-493.826    560.872    -0.044
-492.677    559.906    -0.044
-491.531    558.938    -0.043
-490.391    557.963    -0.043
-489.249    556.988    -0.043
-488.112    556.009    -0.043
-486.903    554.961    -0.043
-485.790    553.954    -0.043
-484.683    552.942    -0.042
-483.576    551.928    -0.042
-482.409    550.833    -0.042
-481.319    549.801    -0.042
-480.243    548.755    -0.042
-479.096    547.639    -0.042
-478.092    546.663    -0.041
-476.961    545.531    -0.041
-475.900    544.469    -0.041
-474.839    543.408    -0.041
-473.781    542.344    -0.041
-472.730    541.273    -0.041
-471.679    540.202    -0.040
-470.628    539.131    -0.040
-469.577    538.060    -0.040
-468.526    536.988    -0.040
-467.475    535.917    -0.040
-466.364    534.767    -0.040
-465.343    533.667    -0.039
-464.321    532.567    -0.039
-463.300    531.467    -0.039
-462.280    530.368    -0.039
-461.259    529.268    -0.039
-460.238    528.169    -0.039
-459.217    527.069    -0.038
-458.197    525.968    -0.038
-457.176    524.869    -0.038
-456.145    523.778    -0.038
-455.131    522.672    -0.038
-454.125    521.559    -0.038
-453.111    520.453    -0.037
-452.096    519.348    -0.037
-451.080    518.243    -0.037
-450.068    517.136    -0.037
-448.989    515.953    -0.037
-448.042    514.921    -0.037
-447.026    513.817    -0.036
-446.009    512.714    -0.036
-444.926    511.535    -0.036
-443.981    510.502    -0.036
-442.967    509.395    -0.036
-441.954    508.289    -0.036
-440.940    507.182    -0.035
-439.860    506.001    -0.035
-438.914    504.968    -0.035
-437.899    503.863    -0.035
-436.885    502.758    -0.035
-435.871    501.652    -0.035
-434.855    500.546    -0.035
-433.841    499.440    -0.034
-432.827    498.335    -0.034
-431.816    497.226    -0.034
-430.806    496.116    -0.034
-429.728    494.932    -0.034
-428.718    493.823    -0.034
-427.775    492.788    -0.033
-426.696    491.606    -0.033
-425.749    490.573    -0.033
-424.736    489.467    -0.033
-423.722    488.361    -0.033
-422.709    487.254    -0.033
-421.627    486.074    -0.033
-420.681    485.041    -0.032
-419.667    483.935    -0.032
-418.654    482.829    -0.032
-417.640    481.722    -0.032
-416.627    480.616    -0.032
-415.614    479.509    -0.032
-414.533    478.328    -0.031
-413.587    477.295    -0.031
-412.574    476.188    -0.031
-411.561    475.081    -0.031
-410.548    473.974    -0.031
-409.466    472.794    -0.031
-408.520    471.762    -0.031
-407.439    470.581    -0.030
-406.425    469.475    -0.030
-405.478    468.444    -0.030
-404.465    467.336    -0.030
-403.452    466.230    -0.030
-402.439    465.123    -0.030
-401.424    464.017    -0.030
-400.411    462.910    -0.029
-399.398    461.803    -0.029
-398.383    460.698    -0.029
-397.369    459.592    -0.029
-396.356    458.486    -0.029
-395.342    457.379    -0.029
-394.327    456.274    -0.029
-393.313    455.168    -0.028
-392.299    454.062    -0.028
-391.285    452.955    -0.028
-390.271    451.849    -0.028
-389.257    450.743    -0.028
-388.243    449.637    -0.028
-387.166    448.453    -0.028
-386.223    447.417    -0.027
-385.147    446.233    -0.027
-384.204    445.198    -0.027
-383.194    444.088    -0.027
-382.182    442.979    -0.027
-381.169    441.872    -0.027
-380.157    440.765    -0.027
-379.077    439.584    -0.026
-378.063    438.477    -0.026
-377.118    437.444    -0.026
-376.103    436.339    -0.026
-375.087    435.234    -0.026
-374.072    434.128    -0.026
-373.058    433.023    -0.026
-372.043    431.918    -0.026
-371.028    430.813    -0.025
-370.014    429.707    -0.025
-369.000    428.601    -0.025
-367.985    427.495    -0.025
-366.970    426.390    -0.025
-365.889    425.210    -0.025
-364.942    424.178    -0.025
-363.928    423.072    -0.024
-362.915    421.965    -0.024
-361.901    420.859    -0.024
-360.887    419.753    -0.024
-359.874    418.645    -0.024
-358.860    417.540    -0.024
-357.846    416.434    -0.024
-356.832    415.328    -0.024
-355.818    414.221    -0.023
-354.804    413.116    -0.023
-353.790    412.009    -0.023
-352.777    410.902    -0.023
-351.765    409.795    -0.023
-350.752    408.687    -0.023
-349.739    407.580    -0.023
-348.727    406.473    -0.023
-347.712    405.367    -0.022
-346.697    404.261    -0.022
-345.683    403.156    -0.022
-344.668    402.051    -0.022
-343.654    400.945    -0.022
-342.640    399.839    -0.022
-341.628    398.731    -0.022
-340.614    397.624    -0.022
-339.601    396.517    -0.021
-338.589    395.410    -0.021
-337.576    394.302    -0.021
-336.563    393.195    -0.021
-335.480    392.016    -0.021
-334.534    390.986    -0.021
-333.518    389.879    -0.021
-332.503    388.774    -0.021
-331.489    387.669    -0.020
-330.474    386.564    -0.020
-329.460    385.458    -0.020
-328.446    384.351    -0.020
-327.431    383.246    -0.020
-326.417    382.140    -0.020
-325.402    381.035    -0.020
-324.385    379.931    -0.020
-323.369    378.827    -0.019
-322.352    377.724    -0.019
-321.336    376.620    -0.019
-320.320    375.517    -0.019
-319.305    374.410    -0.019
-318.292    373.303    -0.019
-317.279    372.197    -0.019
-316.266    371.090    -0.019
-315.253    369.983    -0.019
-314.239    368.876    -0.018
-313.225    367.770    -0.018
-312.211    366.664    -0.018
-311.197    365.558    -0.018
-310.183    364.451    -0.018
-309.170    363.345    -0.018
-308.156    362.239    -0.018
-307.142    361.133    -0.018
-306.127    360.027    -0.018
-305.113    358.921    -0.017
-304.099    357.815    -0.017
-303.087    356.708    -0.017
-302.074    355.601    -0.017
-301.062    354.492    -0.017
-300.050    353.385    -0.017
-299.037    352.278    -0.017
-298.025    351.170    -0.017
-297.013    350.062    -0.017
-296.001    348.954    -0.016
-294.921    347.772    -0.016
-293.977    346.739    -0.016
-292.897    345.557    -0.016
-291.950    344.524    -0.016
-290.937    343.418    -0.016
-289.923    342.312    -0.016
-288.910    341.206    -0.016
-287.828    340.025    -0.016
-286.883    338.992    -0.015
-285.868    337.886    -0.015
-284.787    336.706    -0.015
-283.840    335.673    -0.015
-282.827    334.567    -0.015
-281.813    333.461    -0.015
-280.800    332.355    -0.015
-279.785    331.249    -0.015
-278.705    330.068    -0.015
-277.759    329.035    -0.015
-276.745    327.929    -0.014
-275.732    326.822    -0.014
-274.720    325.714    -0.014
-273.640    324.532    -0.014
-272.695    323.499    -0.014
-271.682    322.392    -0.014
-270.670    321.283    -0.014
-269.656    320.178    -0.014
-268.642    319.072    -0.014
-267.628    317.967    -0.014
-266.612    316.861    -0.013
-265.599    315.754    -0.013
-264.583    314.650    -0.013
-263.568    313.545    -0.013
-262.552    312.441    -0.013
-261.537    311.336    -0.013
-260.521    310.231    -0.013
-259.509    309.123    -0.013
-258.431    307.940    -0.013
-257.421    306.831    -0.013
-256.410    305.722    -0.012
-255.399    304.612    -0.012
-254.455    303.579    -0.012
-253.372    302.400    -0.012
-252.424    301.369    -0.012
-251.409    300.264    -0.012
-250.394    299.159    -0.012
-249.378    298.055    -0.012
-248.363    296.949    -0.012
-247.350    295.842    -0.012
-246.338    294.735    -0.012
-245.324    293.628    -0.011
-244.244    292.447    -0.011
-243.298    291.414    -0.011
-242.285    290.307    -0.011
-241.273    289.200    -0.011
-240.260    288.093    -0.011
-239.246    286.985    -0.011
-238.234    285.878    -0.011
-237.219    284.773    -0.011
-236.204    283.668    -0.011
-235.189    282.562    -0.011
-234.174    281.457    -0.011
-233.160    280.352    -0.010
-232.144    279.247    -0.010
-231.129    278.142    -0.010
-230.114    277.036    -0.010
-229.099    275.931    -0.010
-228.085    274.826    -0.010
-227.072    273.719    -0.010
-226.059    272.611    -0.010
-225.046    271.504    -0.010
-224.033    270.397    -0.010
-223.021    269.290    -0.010
-221.941    268.108    -0.010
-220.996    267.074    -0.009
-219.982    265.969    -0.009
-218.966    264.864    -0.009
-217.952    263.758    -0.009
-216.938    262.652    -0.009
-215.923    261.547    -0.009
-214.910    260.440    -0.009
-213.897    259.334    -0.009
-212.884    258.227    -0.009
-211.870    257.119    -0.009
-210.790    255.938    -0.009
-209.844    254.906    -0.009
-208.827    253.803    -0.008
-207.810    252.699    -0.008
-206.793    251.596    -0.008
-205.776    250.493    -0.008
-204.761    249.387    -0.008
-203.684    248.204    -0.008
-202.739    247.169    -0.008
-201.728    246.061    -0.008
-200.717    244.952    -0.008
-199.706    243.844    -0.008
-198.693    242.735    -0.008
-197.612    241.556    -0.008
-196.665    240.524    -0.008
-195.585    239.343    -0.008
-194.638    238.310    -0.007
-193.556    237.131    -0.007
-192.611    236.098    -0.007
-191.530    234.917    -0.007
-190.584    233.885    -0.007
-189.571    232.777    -0.007
-188.558    231.670    -0.007
-187.545    230.564    -0.007
-186.464    229.383    -0.007
-185.518    228.350    -0.007
-184.504    227.244    -0.007
-183.491    226.138    -0.007
-182.477    225.031    -0.007
-181.463    223.925    -0.007
-180.449    222.819    -0.006
-179.435    221.713    -0.006
-178.421    220.607    -0.006
-177.406    219.502    -0.006
-176.395    218.392    -0.006
-175.384    217.284    -0.006
-174.305    216.101    -0.006
-173.362    215.067    -0.006
-172.351    213.958    -0.006
-171.334    212.854    -0.006
-170.315    211.753    -0.006
-169.297    210.651    -0.006
-168.278    209.549    -0.006
-167.260    208.447    -0.006
-166.241    207.345    -0.006
-165.228    206.238    -0.005
-164.148    205.056    -0.005
-163.203    204.022    -0.005
-162.192    202.914    -0.005
-161.113    201.732    -0.005
-160.167    200.700    -0.005
-159.154    199.593    -0.005
-158.140    198.486    -0.005
-157.126    197.379    -0.005
-156.113    196.273    -0.005
-155.101    195.166    -0.005
-154.090    194.056    -0.005
-153.079    192.948    -0.005
-152.068    191.839    -0.005
-151.056    190.731    -0.005
-150.045    189.621    -0.005
-149.034    188.513    -0.005
-148.021    187.406    -0.004
-147.009    186.299    -0.004
-145.996    185.191    -0.004
-144.916    184.010    -0.004
-143.971    182.976    -0.004
-142.959    181.868    -0.004
-141.948    180.760    -0.004
-140.936    179.651    -0.004
-139.925    178.543    -0.004
-138.913    177.435    -0.004
-137.901    176.327    -0.004
-136.886    175.221    -0.004
-135.871    174.116    -0.004
-134.856    173.012    -0.004
-133.841    171.907    -0.004
-132.826    170.801    -0.004
-131.811    169.696    -0.004
-130.799    168.588    -0.004
-129.787    167.480    -0.004
-128.776    166.372    -0.003
-127.764    165.263    -0.003
-126.752    164.155    -0.003
-125.737    163.051    -0.003
-124.720    161.947    -0.003
-123.704    160.842    -0.003
-122.689    159.737    -0.003
-121.673    158.633    -0.003
-120.590    157.454    -0.003
-119.648    156.419    -0.003
-118.639    155.308    -0.003
-117.629    154.198    -0.003
-116.553    153.013    -0.003
-115.610    151.977    -0.003
-114.600    150.868    -0.003
-113.585    149.762    -0.003
-112.571    148.657    -0.003
-111.556    147.551    -0.003
-110.543    146.444    -0.003
-109.528    145.338    -0.003
-108.514    144.233    -0.003
-107.501    143.127    -0.003
-106.487    142.020    -0.002
-105.474    140.913    -0.002
-104.459    139.807    -0.002
-103.446    138.701    -0.002
-102.433    137.594    -0.002
-101.420    136.486    -0.002
-100.408    135.379    -0.002
-99.396    134.272    -0.002
-98.315    133.090    -0.002
-97.370    132.056    -0.002
-96.354    130.952    -0.002
-95.338    129.849    -0.002
-94.322    128.745    -0.002
-93.305    127.641    -0.002
-92.225    126.459    -0.002
-91.215    125.349    -0.002
-90.271    124.315    -0.002
-89.193    123.132    -0.002
-88.182    122.023    -0.002
-87.239    120.988    -0.002
-86.227    119.880    -0.002
-85.215    118.772    -0.002
-84.203    117.663    -0.002
-83.192    116.555    -0.002
-82.180    115.447    -0.002
-81.166    114.341    -0.002
-80.150    113.236    -0.002
-79.134    112.132    -0.001
-78.117    111.029    -0.001
-77.101    109.925    -0.001
-76.086    108.820    -0.001
-75.075    107.710    -0.001
-74.064    106.602    -0.001
-73.053    105.494    -0.001
-72.041    104.386    -0.001
-70.963    103.203    -0.001
-70.017    102.170    -0.001
-69.002    101.065    -0.001
-67.987    99.960    -0.001
-66.972    98.854    -0.001
-65.957    97.749    -0.001
-64.942    96.644    -0.001
-63.927    95.539    -0.001
-62.911    94.434    -0.001
-61.896    93.328    -0.001
-60.882    92.223    -0.001
-59.867    91.118    -0.001
-58.852    90.014    -0.001
-57.769    88.834    -0.001
-56.823    87.801    -0.001
-55.814    86.691    -0.001
-54.738    85.506    -0.001
-53.796    84.469    -0.001
-52.787    83.359    -0.001
-51.773    82.253    -0.001
-50.755    81.150    -0.001
-49.739    80.046    -0.001
-48.722    78.942    -0.001
-47.706    77.838    -0.001
-46.690    76.735    -0.001
-45.673    75.631    -0.001
-44.659    74.526    -0.001
-43.644    73.419    -0.001
-42.629    72.314    -0.001
-41.548    71.134    -0.001
-40.600    70.103    -0.001
-39.585    68.998    -0.000
-38.569    67.894    -0.000
-37.552    66.791    -0.000
-36.535    65.687    -0.000
-35.518    64.584    -0.000
-34.502    63.479    -0.000
-33.489    62.372    -0.000
-32.476    61.265    -0.000
-31.464    60.158    -0.000
-30.383    58.977    -0.000
-29.370    57.870    -0.000
-28.423    56.838    -0.000
-27.406    55.735    -0.000
-26.390    54.631    -0.000
-25.373    53.527    -0.000
-24.357    52.423    -0.000
-23.341    51.319    -0.000
-22.328    50.211    -0.000
-21.250    49.029    -0.000
-20.305    47.995    -0.000
-19.293    46.887    -0.000
-18.281    45.779    -0.000
-17.268    44.673    -0.000
-16.253    43.566    -0.000
-15.240    42.460    -0.000
-14.159    41.279    -0.000
-13.212    40.248    -0.000
-12.195    39.144    -0.000
-11.178    38.041    -0.000
-10.161    36.938    -0.000
-9.145    35.835    -0.000
-8.127    34.731    -0.000
-7.113    33.624    -0.000
-6.100    32.518    -0.000
-5.086    31.412    -0.000
-4.073    30.305    -0.000
-3.060    29.198    -0.000
-2.045    28.092    -0.000
-1.032    26.985    -0.000
-0.018    25.880    -0.000
0.996    24.774    -0.000
2.010    23.667    -0.000
3.024    22.561    -0.000
4.106    21.381    -0.000
5.052    20.349    -0.000
6.064    19.241    -0.000
7.077    18.134    -0.000
8.090    17.027    -0.000
9.102    15.920    -0.000
10.115    14.812    -0.000
11.128    13.705    -0.000
12.141    12.598    -0.000
13.154    11.491    -0.000
14.167    10.385    -0.000
15.180    9.277    -0.000
16.261    8.096    -0.000
17.206    7.064    -0.000
18.220    5.957    -0.000
19.300    4.776    -0.000
20.313    3.669    -0.000
21.258    2.636    -0.000
22.271    1.529    -0.000
23.284    0.421    -0.000
24.297    -0.686    -0.000
25.311    -1.793    -0.000
26.323    -2.899    -0.000
27.337    -4.006    -0.000
28.418    -5.187    -0.000
29.430    -6.295    -0.000
30.443    -7.402    -0.000
31.455    -8.509    -0.000
32.468    -9.616    -0.000
33.414    -10.649    -0.000
34.427    -11.756    -0.000
35.439    -12.863    -0.000
36.452    -13.971    -0.000
37.464    -15.078    -0.000
38.478    -16.185    -0.000
39.491    -17.292    -0.000
40.503    -18.399    -0.000
41.516    -19.507    -0.000
42.529    -20.613    -0.000
43.542    -21.720    -0.000
44.624    -22.901    -0.000
45.570    -23.934    -0.000
46.650    -25.114    -0.000
47.596    -26.147    -0.000
48.609    -27.254    -0.000
49.622    -28.361    -0.000
50.635    -29.468    -0.000
51.716    -30.649    -0.000
52.663    -31.681    -0.000
53.676    -32.787    -0.000
54.689    -33.894    -0.000
55.703    -35.000    -0.000
56.784    -36.181    -0.000
57.731    -37.213    -0.000
58.744    -38.320    -0.000
59.824    -39.500    -0.000
60.770    -40.533    -0.000
61.783    -41.640    -0.000
62.797    -42.747    -0.000
63.809    -43.854    -0.000
64.823    -44.961    -0.000
65.836    -46.068    -0.001
66.848    -47.175    -0.001
67.861    -48.283    -0.001
68.873    -49.390    -0.001
69.954    -50.572    -0.001
70.966    -51.679    -0.001
71.979    -52.786    -0.001
72.924    -53.820    -0.001
74.003    -55.002    -0.001
74.948    -56.035    -0.001
76.030    -57.215    -0.001
76.977    -58.246    -0.001
77.994    -59.350    -0.001
79.010    -60.454    -0.001
80.025    -61.559    -0.001
81.040    -62.664    -0.001
82.054    -63.770    -0.001
83.068    -64.876    -0.001
84.082    -65.982    -0.001
85.096    -67.089    -0.001
86.110    -68.195    -0.001
87.192    -69.375    -0.001
88.140    -70.405    -0.001
89.156    -71.509    -0.001
90.172    -72.614    -0.001
91.187    -73.718    -0.001
92.270    -74.897    -0.001
93.213    -75.933    -0.001
94.290    -77.117    -0.001
95.300    -78.227    -0.001
96.242    -79.263    -0.001
97.319    -80.447    -0.001
98.268    -81.478    -0.001
99.284    -82.582    -0.001
100.300    -83.686    -0.001
101.315    -84.790    -0.001
102.331    -85.894    -0.001
103.412    -87.076    -0.001
104.423    -88.185    -0.001
105.435    -89.293    -0.001
106.446    -90.401    -0.002
107.457    -91.509    -0.002
108.403    -92.542    -0.002
109.419    -93.646    -0.002
110.435    -94.750    -0.002
111.451    -95.855    -0.002
112.467    -96.960    -0.002
113.483    -98.064    -0.002
114.497    -99.170    -0.002
115.510    -100.277    -0.002
116.523    -101.384    -0.002
117.536    -102.491    -0.002
118.617    -103.672    -0.002
119.563    -104.704    -0.002
120.577    -105.811    -0.002
121.590    -106.917    -0.002
122.604    -108.024    -0.002
123.617    -109.130    -0.002
124.630    -110.236    -0.002
125.644    -111.344    -0.002
126.658    -112.450    -0.002
127.670    -113.557    -0.002
128.683    -114.664    -0.002
129.696    -115.772    -0.002
130.709    -116.879    -0.002
131.722    -117.985    -0.002
132.737    -119.091    -0.002
133.750    -120.198    -0.003
134.763    -121.305    -0.003
135.777    -122.411    -0.003
136.791    -123.517    -0.003
137.804    -124.623    -0.003
138.818    -125.730    -0.003
139.833    -126.836    -0.003
140.846    -127.942    -0.003
141.861    -129.047    -0.003
142.877    -130.152    -0.003
143.893    -131.256    -0.003
144.909    -132.359    -0.003
145.926    -133.463    -0.003
146.941    -134.569    -0.003
147.953    -135.677    -0.003
148.966    -136.784    -0.003
149.978    -137.891    -0.003
151.058    -139.073    -0.003
152.003    -140.107    -0.003
153.016    -141.214    -0.003
154.029    -142.321    -0.003
155.041    -143.428    -0.004
156.054    -144.536    -0.004
157.066    -145.643    -0.004
158.081    -146.748    -0.004
159.096    -147.853    -0.004
160.113    -148.957    -0.004
161.129    -150.062    -0.004
162.144    -151.167    -0.004
163.226    -152.346    -0.004
164.171    -153.379    -0.004
165.184    -154.487    -0.004
166.196    -155.594    -0.004
167.276    -156.776    -0.004
168.222    -157.809    -0.004
169.234    -158.916    -0.004
170.246    -160.025    -0.004
171.258    -161.132    -0.004
172.270    -162.240    -0.004
173.283    -163.347    -0.004
174.295    -164.456    -0.005
175.308    -165.562    -0.005
176.322    -166.668    -0.005
177.335    -167.774    -0.005
178.349    -168.882    -0.005
179.362    -169.988    -0.005
180.377    -171.094    -0.005
181.391    -172.200    -0.005
182.405    -173.305    -0.005
183.419    -174.412    -0.005
184.434    -175.517    -0.005
185.447    -176.623    -0.005
186.461    -177.730    -0.005
187.474    -178.838    -0.005
188.554    -180.018    -0.005
189.500    -181.051    -0.005
190.512    -182.158    -0.005
191.525    -183.266    -0.006
192.536    -184.374    -0.006
193.549    -185.482    -0.006
194.560    -186.590    -0.006
195.572    -187.699    -0.006
196.584    -188.807    -0.006
197.597    -189.913    -0.006
198.611    -191.019    -0.006
199.627    -192.124    -0.006
200.642    -193.230    -0.006
201.656    -194.335    -0.006
202.671    -195.440    -0.006
203.750    -196.623    -0.006
204.761    -197.732    -0.006
205.771    -198.841    -0.006
206.782    -199.951    -0.006
207.792    -201.060    -0.007
208.738    -202.093    -0.007
209.755    -203.196    -0.007
210.772    -204.298    -0.007
211.789    -205.401    -0.007
212.807    -206.504    -0.007
213.825    -207.608    -0.007
214.839    -208.714    -0.007
215.852    -209.821    -0.007
216.865    -210.927    -0.007
217.878    -212.033    -0.007
218.891    -213.141    -0.007
219.973    -214.322    -0.007
220.919    -215.354    -0.007
221.932    -216.461    -0.008
222.945    -217.568    -0.008
223.958    -218.674    -0.008
224.971    -219.781    -0.008
225.984    -220.888    -0.008
226.998    -221.995    -0.008
228.011    -223.102    -0.008
229.025    -224.208    -0.008
230.038    -225.315    -0.008
231.051    -226.421    -0.008
232.066    -227.527    -0.008
233.081    -228.632    -0.008
234.096    -229.737    -0.008
235.178    -230.917    -0.009
236.125    -231.949    -0.009
237.139    -233.055    -0.009
238.152    -234.161    -0.009
239.166    -235.268    -0.009
240.179    -236.375    -0.009
241.193    -237.481    -0.009
242.208    -238.586    -0.009
243.224    -239.691    -0.009
244.239    -240.795    -0.009
245.255    -241.900    -0.009
246.270    -243.004    -0.009
247.352    -244.185    -0.009
248.365    -245.292    -0.010
249.377    -246.399    -0.010
250.323    -247.433    -0.010
251.335    -248.540    -0.010
252.348    -249.647    -0.010
253.360    -250.754    -0.010
254.374    -251.862    -0.010
255.453    -253.044    -0.010
256.398    -254.077    -0.010
257.410    -255.184    -0.010
258.426    -256.289    -0.010
259.443    -257.393    -0.010
260.459    -258.496    -0.011
261.477    -259.599    -0.011
262.494    -260.702    -0.011
263.510    -261.807    -0.011
264.588    -262.990    -0.011
265.532    -264.024    -0.011
266.544    -265.132    -0.011
267.555    -266.241    -0.011
268.634    -267.423    -0.011
269.647    -268.531    -0.011
270.592    -269.563    -0.011
271.605    -270.671    -0.012
272.618    -271.778    -0.012
273.631    -272.885    -0.012
274.645    -273.991    -0.012
275.658    -275.098    -0.012
276.671    -276.206    -0.012
277.751    -277.387    -0.012
278.696    -278.419    -0.012
279.776    -279.602    -0.012
280.719    -280.636    -0.012
281.799    -281.819    -0.012
282.743    -282.853    -0.013
283.754    -283.961    -0.013
284.768    -285.068    -0.013
285.783    -286.173    -0.013
286.797    -287.278    -0.013
287.813    -288.383    -0.013
288.828    -289.489    -0.013
289.842    -290.594    -0.013
290.858    -291.699    -0.013
291.873    -292.804    -0.013
292.888    -293.909    -0.014
293.903    -295.014    -0.014
294.919    -296.119    -0.014
295.931    -297.227    -0.014
297.010    -298.409    -0.014
297.954    -299.443    -0.014
298.966    -300.551    -0.014
299.978    -301.659    -0.014
300.990    -302.766    -0.014
302.005    -303.872    -0.014
303.018    -304.979    -0.015
304.032    -306.085    -0.015
305.045    -307.192    -0.015
306.058    -308.298    -0.015
307.073    -309.404    -0.015
308.089    -310.509    -0.015
309.104    -311.614    -0.015
310.119    -312.719    -0.015
311.133    -313.826    -0.015
312.146    -314.933    -0.015
313.158    -316.040    -0.016
314.170    -317.147    -0.016
315.184    -318.254    -0.016
316.196    -319.362    -0.016
317.210    -320.469    -0.016
318.224    -321.574    -0.016
319.238    -322.679    -0.016
320.253    -323.786    -0.016
321.267    -324.891    -0.016
322.282    -325.997    -0.016
323.297    -327.102    -0.017
324.311    -328.207    -0.017
325.325    -329.314    -0.017
326.339    -330.420    -0.017
327.354    -331.525    -0.017
328.368    -332.631    -0.017
329.382    -333.738    -0.017
330.396    -334.844    -0.017
331.409    -335.950    -0.017
332.423    -337.056    -0.018
333.442    -338.158    -0.018
334.456    -339.265    -0.018
335.469    -340.371    -0.018
336.484    -341.477    -0.018
337.498    -342.583    -0.018
338.512    -343.689    -0.018
339.525    -344.795    -0.018
340.539    -345.901    -0.018
341.553    -347.007    -0.019
342.568    -348.114    -0.019
343.581    -349.220    -0.019
344.593    -350.328    -0.019
345.604    -351.436    -0.019
346.615    -352.545    -0.019
347.626    -353.654    -0.019
348.705    -354.837    -0.019
349.649    -355.871    -0.020
350.661    -356.979    -0.020
351.672    -358.088    -0.020
352.684    -359.196    -0.020
353.695    -360.304    -0.020
354.707    -361.412    -0.020
355.722    -362.519    -0.020
356.736    -363.624    -0.020
357.751    -364.729    -0.020
358.765    -365.834    -0.021
359.780    -366.941    -0.021
360.794    -368.046    -0.021
361.877    -369.226    -0.021
362.824    -370.257    -0.021
363.838    -371.362    -0.021
364.853    -372.469    -0.021
365.866    -373.575    -0.021
366.880    -374.681    -0.022
367.894    -375.787    -0.022
368.908    -376.894    -0.022
369.922    -378.000    -0.022
370.935    -379.106    -0.022
371.947    -380.214    -0.022
372.959    -381.321    -0.022
373.971    -382.430    -0.022
375.051    -383.612    -0.023
375.997    -384.645    -0.023
377.078    -385.825    -0.023
378.025    -386.857    -0.023
379.039    -387.963    -0.023
380.053    -389.069    -0.023
381.066    -390.175    -0.023
382.078    -391.284    -0.023
383.090    -392.392    -0.024
384.102    -393.500    -0.024
385.113    -394.608    -0.024
386.125    -395.716    -0.024
387.140    -396.821    -0.024
388.155    -397.927    -0.024
389.170    -399.032    -0.024
390.184    -400.137    -0.025
391.264    -401.319    -0.025
392.275    -402.428    -0.025
393.288    -403.536    -0.025
394.299    -404.644    -0.025
395.243    -405.678    -0.025
396.256    -406.786    -0.025
397.267    -407.894    -0.025
398.279    -409.002    -0.026
399.290    -410.111    -0.026
400.302    -411.219    -0.026
401.313    -412.327    -0.026
402.327    -413.434    -0.026
403.408    -414.614    -0.026
404.355    -415.646    -0.026
405.369    -416.752    -0.027
406.383    -417.858    -0.027
407.465    -419.038    -0.027
408.407    -420.074    -0.027
409.418    -421.183    -0.027
410.428    -422.292    -0.027
411.450    -423.391    -0.027
412.471    -424.491    -0.027
413.486    -425.596    -0.028
414.496    -426.705    -0.028
415.574    -427.889    -0.028
416.517    -428.925    -0.028
417.594    -430.107    -0.028
418.538    -431.143    -0.028
419.552    -432.248    -0.028
420.567    -433.354    -0.029
421.649    -434.534    -0.029
422.596    -435.566    -0.029
423.610    -436.671    -0.029
424.624    -437.777    -0.029
425.637    -438.885    -0.029
426.651    -439.991    -0.029
427.732    -441.172    -0.030
428.677    -442.204    -0.030
429.692    -443.311    -0.030
430.705    -444.417    -0.030
431.719    -445.523    -0.030
432.733    -446.629    -0.030
433.746    -447.735    -0.030
434.759    -448.843    -0.031
435.773    -449.950    -0.031
436.785    -451.057    -0.031
437.798    -452.164    -0.031
438.810    -453.272    -0.031
439.891    -454.453    -0.031
440.835    -455.487    -0.032
441.847    -456.594    -0.032
442.927    -457.776    -0.032
443.873    -458.810    -0.032
444.885    -459.917    -0.032
445.897    -461.025    -0.032
446.908    -462.134    -0.032
447.920    -463.242    -0.033
449.000    -464.424    -0.033
449.945    -465.457    -0.033
450.957    -466.564    -0.033
451.970    -467.672    -0.033
452.982    -468.779    -0.033
454.062    -469.961    -0.034
455.007    -470.994    -0.034
456.021    -472.101    -0.034
457.035    -473.207    -0.034
458.049    -474.313    -0.034
459.062    -475.419    -0.034
460.076    -476.526    -0.034
461.090    -477.632    -0.035
462.103    -478.739    -0.035
463.181    -479.922    -0.035
464.192    -481.031    -0.035
465.203    -482.140    -0.035
466.213    -483.250    -0.035
467.224    -484.359    -0.036
468.234    -485.468    -0.036
469.244    -486.577    -0.036
470.255    -487.687    -0.036
471.266    -488.796    -0.036
472.216    -489.824    -0.036
473.237    -490.924    -0.036
474.312    -492.110    -0.037
475.319    -493.222    -0.037
476.326    -494.334    -0.037
477.333    -495.446    -0.037
478.273    -496.485    -0.037
479.340    -497.678    -0.037
480.329    -498.806    -0.038
481.318    -499.935    -0.038
482.308    -501.063    -0.038
483.297    -502.191    -0.038
484.286    -503.320    -0.038
485.276    -504.448    -0.038
486.316    -505.664    -0.039
487.227    -506.728    -0.039
488.268    -507.943    -0.039
489.241    -509.086    -0.039
490.211    -510.231    -0.039
491.180    -511.377    -0.039
492.141    -512.530    -0.040
493.099    -513.684    -0.040
494.058    -514.838    -0.040
495.064    -516.083    -0.040
495.992    -517.263    -0.040
496.920    -518.442    -0.040
497.846    -519.621    -0.041
498.767    -520.807    -0.041
499.741    -522.077    -0.041
500.685    -523.369    -0.041
501.565    -524.584    -0.041
502.445    -525.800    -0.042
503.324    -527.016    -0.042
504.205    -528.231    -0.042
505.085    -529.446    -0.042
505.991    -530.766    -0.042
506.819    -532.016    -0.042
507.660    -533.259    -0.043
508.505    -534.499    -0.043
509.335    -535.749    -0.043
510.163    -537.001    -0.043
511.036    -538.460    -0.043
511.801    -539.751    -0.043
512.575    -541.037    -0.044
513.353    -542.320    -0.044
514.132    -543.602    -0.044
514.929    -544.991    -0.044
515.715    -546.384    -0.044
516.406    -547.717    -0.044
517.097    -549.048    -0.045
517.781    -550.384    -0.045
518.463    -551.721    -0.045
519.218    -553.245    -0.045
519.818    -554.509    -0.045
520.468    -555.862    -0.046
521.125    -557.211    -0.046
521.812    -558.657    -0.046
522.432    -560.023    -0.046
523.052    -561.389    -0.046
523.722    -562.953    -0.046
524.272    -564.349    -0.047
524.854    -565.839    -0.047
525.356    -567.253    -0.047
525.859    -568.667    -0.047
526.394    -570.175    -0.047
526.869    -571.599    -0.047
527.353    -573.124    -0.048
527.808    -574.554    -0.048
528.251    -575.988    -0.048
528.706    -577.522    -0.048
529.104    -578.865    -0.048
529.535    -580.612    -0.048
529.845    -582.081    -0.049
530.155    -583.548    -0.049
530.494    -585.215    -0.049
530.757    -586.692    -0.049
531.019    -588.170    -0.049
531.281    -589.647    -0.049
531.539    -591.125    -0.050
531.805    -592.805    -0.050
532.004    -594.493    -0.050
532.123    -595.888    -0.050
532.271    -597.382    -0.050
532.410    -598.875    -0.050
532.511    -600.473    -0.051
532.592    -602.071    -0.051
532.657    -603.471    -0.051
532.703    -605.170    -0.051
532.707    -606.671    -0.051
532.648    -608.470    -0.051
532.553    -609.967    -0.051
532.467    -611.465    -0.052
532.358    -612.961    -0.052
532.229    -614.556    -0.052
532.086    -616.051    -0.052
531.946    -617.644    -0.052
531.768    -619.135    -0.052
531.619    -620.527    -0.052
531.386    -622.212    -0.053
531.160    -623.696    -0.053
530.855    -625.469    -0.053
530.529    -626.934    -0.053
530.201    -628.398    -0.053
529.820    -629.952    -0.053
529.451    -631.407    -0.053
529.041    -632.954    -0.053
528.630    -634.397    -0.054
528.160    -635.928    -0.054
527.708    -637.358    -0.054
527.184    -638.976    -0.054
526.674    -640.386    -0.054
526.165    -641.798    -0.054
525.553    -643.384    -0.054
524.970    -644.767    -0.054
524.437    -646.062    -0.054
523.680    -647.695    -0.054
523.018    -649.042    -0.055
522.346    -650.384    -0.055
521.672    -651.725    -0.055
520.899    -653.240    -0.055
520.173    -654.552    -0.055
519.447    -655.865    -0.055
518.640    -657.247    -0.055
517.791    -658.605    -0.055
516.995    -659.876    -0.055
516.183    -661.137    -0.055
515.292    -662.466    -0.055
514.451    -663.710    -0.055
513.461    -665.093    -0.055
512.557    -666.289    -0.055
511.653    -667.487    -0.056
510.589    -668.813    -0.056
509.645    -669.981    -0.056
508.608    -671.199    -0.056
507.616    -672.325    -0.056
506.623    -673.450    -0.056
505.467    -674.696    -0.056
504.498    -675.708    -0.056
503.382    -676.856    -0.056
502.318    -677.914    -0.056
501.254    -678.971    -0.056
500.007    -680.127    -0.056
498.887    -681.126    -0.056
497.679    -682.175    -0.056
496.533    -683.144    -0.056
495.299    -684.162    -0.056
494.121    -685.091    -0.056
492.780    -686.138    -0.056
491.659    -686.978    -0.056
490.354    -687.903    -0.056
489.037    -688.813    -0.056
487.790    -689.649    -0.056
486.544    -690.484    -0.056
485.111    -691.400    -0.056
483.831    -692.183    -0.056
482.538    -692.945    -0.056
481.057    -693.779    -0.056
479.734    -694.486    -0.056
478.409    -695.190    -0.056
476.981    -695.916    -0.056
475.644    -696.596    -0.056
474.200    -697.284    -0.056
472.628    -697.933    -0.056
471.234    -698.488    -0.056
469.738    -699.057    -0.056
468.226    -699.583    -0.056
466.806    -700.067    -0.056
465.485    -700.532    -0.056
464.070    -701.031    -0.056
462.461    -701.583    -0.055
461.027    -702.021    -0.055
459.584    -702.433    -0.055
457.940    -702.866    -0.055
456.482    -703.224    -0.055
455.025    -703.581    -0.055
453.565    -703.929    -0.055
451.897    -704.257    -0.055
450.320    -704.531    -0.055
448.840    -704.776    -0.055
447.359    -705.019    -0.055
445.777    -705.257    -0.055
444.285    -705.422    -0.055
442.793    -705.586    -0.055
441.101    -705.739    -0.054
439.604    -705.853    -0.054
438.108    -705.967    -0.054
436.510    -706.048    -0.054
434.910    -706.102    -0.054
433.309    -706.123    -0.054
431.809    -706.104    -0.054
430.309    -706.085    -0.054
428.609    -706.040    -0.054
427.111    -705.962    -0.053
425.614    -705.860    -0.053
423.921    -705.701    -0.053
422.428    -705.539    -0.053
420.937    -705.377    -0.053
419.447    -705.200    -0.053
417.763    -704.967    -0.053
416.288    -704.693    -0.053
414.812    -704.420    -0.053
413.336    -704.147    -0.052
411.861    -703.874    -0.052
410.205    -703.486    -0.052
408.651    -703.106    -0.052
407.100    -702.712    -0.052
405.660    -702.288    -0.052
404.221    -701.864    -0.052
402.593    -701.372    -0.051
401.265    -700.928    -0.051
399.842    -700.451    -0.051
398.240    -699.883    -0.051
396.844    -699.334    -0.051
395.447    -698.786    -0.051
393.962    -698.185    -0.050
392.589    -697.583    -0.050
391.134    -696.917    -0.050
389.682    -696.242    -0.050
388.341    -695.568    -0.050
387.001    -694.894    -0.050
385.574    -694.168    -0.050
384.255    -693.454    -0.049
382.935    -692.739    -0.049
381.372    -691.847    -0.049
380.103    -691.047    -0.049
378.918    -690.300    -0.049
377.492    -689.373    -0.049
376.256    -688.524    -0.048
375.019    -687.674    -0.048
373.645    -686.672    -0.048
372.452    -685.761    -0.048
371.260    -684.851    -0.048
370.002    -683.861    -0.048
368.832    -682.922    -0.047
367.606    -681.893    -0.047
366.413    -680.826    -0.047
365.303    -679.817    -0.047
364.194    -678.807    -0.047
363.045    -677.690    -0.046
361.915    -676.558    -0.046
360.795    -675.415    -0.046
359.775    -674.315    -0.046
358.754    -673.214    -0.046
357.674    -672.034    -0.046
356.695    -670.897    -0.045
355.671    -669.667    -0.045
354.672    -668.416    -0.045
353.749    -667.233    -0.045
352.826    -666.049    -0.045
351.860    -664.774    -0.044
350.975    -663.562    -0.044
350.063    -662.247    -0.044
349.182    -660.911    -0.044
348.364    -659.653    -0.044
347.546    -658.395    -0.044
346.667    -656.939    -0.043
345.897    -655.651    -0.043
345.082    -654.273    -0.043
344.365    -652.955    -0.043
343.648    -651.637    -0.043
342.931    -650.319    -0.042
342.160    -648.804    -0.042
341.490    -647.461    -0.042
340.791    -646.021    -0.042
340.173    -644.654    -0.042
339.554    -643.287    -0.042
338.909    -641.822    -0.041
338.329    -640.438    -0.041
337.754    -639.052    -0.041
337.168    -637.563    -0.041
336.632    -636.162    -0.041
336.095    -634.761    -0.041
335.563    -633.250    -0.040
335.046    -631.736    -0.040
334.564    -630.315    -0.040
334.104    -628.887    -0.040
333.643    -627.459    -0.040
333.138    -625.835    -0.039
332.729    -624.391    -0.039
332.348    -623.044    -0.039
331.929    -621.499    -0.039
331.551    -620.047    -0.039
331.174    -618.595    -0.039
330.794    -617.039    -0.039
330.458    -615.578    -0.038
330.122    -614.115    -0.038
329.788    -612.550    -0.038
329.481    -611.081    -0.038
329.173    -609.612    -0.038
328.870    -608.041    -0.038
328.591    -606.567    -0.037
328.315    -605.091    -0.037
328.060    -603.511    -0.037
327.836    -602.129    -0.037
327.571    -600.449    -0.037
327.378    -599.061    -0.037
327.173    -597.575    -0.036
326.966    -595.989    -0.036
326.788    -594.498    -0.036
326.609    -593.009    -0.036
326.427    -591.418    -0.036
326.269    -589.927    -0.036
326.111    -588.434    -0.036
325.967    -586.940    -0.035
325.833    -585.446    -0.035
325.701    -583.951    -0.035
325.570    -582.356    -0.035
325.454    -580.860    -0.035
325.339    -579.364    -0.035
325.240    -577.866    -0.035
325.148    -576.368    -0.034
325.057    -574.871    -0.034
324.974    -573.373    -0.034
324.896    -571.874    -0.034
324.819    -570.376    -0.034
324.751    -568.777    -0.034
324.692    -567.278    -0.034
324.634    -565.777    -0.033
324.580    -564.278    -0.033
324.527    -562.779    -0.033
324.473    -561.179    -0.033
324.430    -559.679    -0.033
324.388    -558.179    -0.033
324.351    -556.779    -0.033
324.316    -555.179    -0.032
324.286    -553.679    -0.032
324.256    -552.179    -0.032
324.215    -550.778    -0.032
324.169    -549.279    -0.032
324.120    -547.679    -0.032
324.077    -546.279    -0.032
324.031    -544.779    -0.032
323.982    -543.180    -0.031
323.940    -541.779    -0.031
323.894    -540.279    -0.031
323.845    -538.680    -0.031
323.802    -537.280    -0.031
323.756    -535.780    -0.031
323.718    -534.180    -0.031
323.692    -532.679    -0.031
323.665    -531.179    -0.030
323.638    -529.679    -0.030
323.611    -528.178    -0.030
323.583    -526.679    -0.030
323.556    -525.178    -0.030
323.528    -523.678    -0.030
323.500    -522.178    -0.030
323.472    -520.677    -0.030
323.444    -519.177    -0.029
323.415    -517.676    -0.029
323.387    -516.176    -0.029
323.359    -514.676    -0.029
323.331    -513.176    -0.029
323.301    -511.676    -0.029
323.269    -510.175    -0.029
323.236    -508.675    -0.029
323.205    -507.175    -0.028
323.179    -505.674    -0.028
323.156    -504.174    -0.028
323.134    -502.673    -0.028
323.109    -501.174    -0.028
323.083    -499.674    -0.028
323.056    -498.173    -0.028
323.031    -496.673    -0.028
323.009    -495.172    -0.027
322.988    -493.672    -0.027
322.963    -492.171    -0.027
322.935    -490.671    -0.027
322.908    -489.171    -0.027
322.884    -487.670    -0.027
322.860    -486.170    -0.027
322.838    -484.669    -0.027
322.819    -483.169    -0.027
322.793    -481.669    -0.026
322.758    -480.169    -0.026
322.724    -478.669    -0.026
322.693    -477.168    -0.026
322.665    -475.668    -0.026
322.639    -474.168    -0.026
322.613    -472.668    -0.026
322.587    -471.168    -0.026
322.560    -469.667    -0.025
322.529    -468.167    -0.025
322.499    -466.667    -0.025
322.479    -465.166    -0.025
322.459    -463.666    -0.025
322.433    -462.165    -0.025
322.407    -460.665    -0.025
322.381    -459.164    -0.025
322.356    -457.664    -0.025
322.331    -456.165    -0.025
322.304    -454.664    -0.024
322.277    -453.164    -0.024
322.247    -451.663    -0.024
322.212    -450.163    -0.024
322.179    -448.663    -0.024
322.142    -447.263    -0.024
322.097    -445.763    -0.024
322.051    -444.163    -0.024
322.003    -442.763    -0.024
321.948    -441.164    -0.023
321.900    -439.764    -0.023
321.824    -438.366    -0.023
321.731    -436.868    -0.023
321.627    -435.371    -0.023
321.522    -433.874    -0.023
321.408    -432.378    -0.023
321.287    -430.983    -0.023
321.144    -429.590    -0.023
320.974    -427.998    -0.022
320.821    -426.606    -0.022
320.654    -425.115    -0.022
320.480    -423.624    -0.022
320.314    -422.234    -0.022
320.108    -420.748    -0.022
319.902    -419.261    -0.022
319.695    -417.775    -0.022
319.482    -416.290    -0.022
319.279    -414.904    -0.022
319.034    -413.423    -0.021
318.773    -411.844    -0.021
318.526    -410.465    -0.021
318.255    -408.990    -0.021
318.003    -407.612    -0.021
317.728    -406.138    -0.021
317.439    -404.665    -0.021
317.143    -403.194    -0.021
316.827    -401.726    -0.021
316.528    -400.359    -0.020
316.202    -398.894    -0.020
315.858    -397.434    -0.020
315.528    -396.072    -0.020
315.164    -394.617    -0.020
314.792    -393.163    -0.020
314.418    -391.709    -0.020
314.042    -390.257    -0.020
313.679    -388.905    -0.020
313.275    -387.460    -0.019
312.867    -386.016    -0.019
312.480    -384.669    -0.019
312.052    -383.230    -0.019
311.623    -381.793    -0.019
311.183    -380.359    -0.019
310.742    -378.925    -0.019
310.322    -377.588    -0.019
309.863    -376.159    -0.019
309.386    -374.737    -0.019
308.902    -373.317    -0.018
308.444    -371.993    -0.018
307.937    -370.581    -0.018
307.396    -369.074    -0.018
306.927    -367.755    -0.018
306.436    -366.443    -0.018
305.887    -365.047    -0.018
305.370    -363.746    -0.018
304.785    -362.255    -0.018
304.242    -360.857    -0.017
303.703    -359.564    -0.017
303.121    -358.181    -0.017
302.535    -356.799    -0.017
301.946    -355.420    -0.017
301.384    -354.137    -0.017
300.779    -352.764    -0.017
300.187    -351.495    -0.017
299.551    -350.135    -0.017
298.874    -348.685    -0.017
298.311    -347.513    -0.016
297.611    -346.073    -0.016
296.995    -344.815    -0.016
296.325    -343.472    -0.016
295.654    -342.131    -0.016
294.979    -340.791    -0.016
294.334    -339.547    -0.016
293.594    -338.128    -0.016
292.944    -336.887    -0.016
292.232    -335.567    -0.016
291.578    -334.328    -0.015
290.836    -333.025    -0.015
290.093    -331.721    -0.015
289.351    -330.416    -0.015
288.601    -329.116    -0.015
287.897    -327.906    -0.015
287.123    -326.620    -0.015
286.302    -325.247    -0.015
285.616    -324.141    -0.015
284.817    -322.872    -0.015
284.009    -321.607    -0.014
283.242    -320.435    -0.014
282.363    -319.097    -0.014
281.589    -317.931    -0.014
280.752    -316.685    -0.014
279.962    -315.529    -0.014
279.057    -314.209    -0.014
278.206    -312.972    -0.014
277.400    -311.827    -0.014
276.539    -310.599    -0.014
275.667    -309.377    -0.013
274.787    -308.161    -0.013
273.909    -306.945    -0.013
273.082    -305.814    -0.013
272.190    -304.609    -0.013
271.343    -303.493    -0.013
270.372    -302.220    -0.013
269.520    -301.109    -0.013
268.599    -299.924    -0.013
267.725    -298.830    -0.013
266.779    -297.665    -0.013
265.822    -296.509    -0.012
264.920    -295.438    -0.012
263.925    -294.315    -0.012
262.930    -293.191    -0.012
261.999    -292.145    -0.012
260.994    -291.031    -0.012
259.989    -289.916    -0.012
258.919    -288.727    -0.012
257.914    -287.612    -0.012
256.910    -286.496    -0.012
255.970    -285.458    -0.012
254.953    -284.355    -0.011
253.936    -283.251    -0.011
252.919    -282.148    -0.011
251.902    -281.045    -0.011
250.889    -279.939    -0.011
249.876    -278.831    -0.011
248.862    -277.725    -0.011
247.849    -276.618    -0.011
246.836    -275.511    -0.011
245.823    -274.405    -0.011
244.810    -273.297    -0.011
243.797    -272.190    -0.010
242.784    -271.084    -0.010
241.770    -269.978    -0.010
240.757    -268.870    -0.010
239.743    -267.763    -0.010
238.730    -266.657    -0.010
237.717    -265.551    -0.010
236.703    -264.443    -0.010
235.690    -263.337    -0.010
234.676    -262.231    -0.010
233.662    -261.124    -0.010
232.648    -260.019    -0.010
231.633    -258.913    -0.009
230.618    -257.808    -0.009
229.604    -256.703    -0.009
228.589    -255.598    -0.009
227.573    -254.492    -0.009
226.557    -253.388    -0.009
225.542    -252.283    -0.009
224.527    -251.179    -0.009
223.511    -250.074    -0.009
222.496    -248.969    -0.009
221.483    -247.862    -0.009
220.469    -246.755    -0.009
219.456    -245.648    -0.009
218.444    -244.540    -0.008
217.431    -243.434    -0.008
216.419    -242.326    -0.008
215.408    -241.218    -0.008
214.396    -240.109    -0.008
213.385    -239.000    -0.008
212.374    -237.891    -0.008
211.363    -236.783    -0.008
210.347    -235.679    -0.008
209.332    -234.573    -0.008
208.316    -233.469    -0.008
207.300    -232.364    -0.008
206.284    -231.260    -0.008
205.271    -230.153    -0.007
204.258    -229.046    -0.007
203.246    -227.939    -0.007
202.233    -226.832    -0.007
201.220    -225.725    -0.007
200.208    -224.616    -0.007
199.196    -223.508    -0.007
198.185    -222.400    -0.007
197.173    -221.292    -0.007
196.162    -220.183    -0.007
195.150    -219.075    -0.007
194.137    -217.968    -0.007
193.124    -216.861    -0.007
192.111    -215.753    -0.007
191.098    -214.647    -0.006
190.086    -213.540    -0.006
189.073    -212.433    -0.006
188.060    -211.324    -0.006
187.048    -210.216    -0.006
186.036    -209.109    -0.006
185.024    -208.001    -0.006
184.012    -206.893    -0.006
182.999    -205.786    -0.006
181.986    -204.680    -0.006
180.971    -203.574    -0.006
179.958    -202.467    -0.006
178.945    -201.360    -0.006
177.931    -200.254    -0.006
176.916    -199.149    -0.006
175.901    -198.045    -0.006
174.884    -196.939    -0.005
173.869    -195.834    -0.005
172.854    -194.729    -0.005
171.840    -193.624    -0.005
170.826    -192.519    -0.005
169.811    -191.412    -0.005
168.797    -190.307    -0.005
167.782    -189.201    -0.005
166.770    -188.094    -0.005
165.760    -186.983    -0.005
164.750    -185.874    -0.005
163.740    -184.765    -0.005
162.662    -183.581    -0.005
161.718    -182.546    -0.005
160.705    -181.439    -0.005
159.692    -180.332    -0.005
158.679    -179.225    -0.004
157.666    -178.119    -0.004
156.653    -177.011    -0.004
155.639    -175.906    -0.004
154.624    -174.800    -0.004
153.609    -173.695    -0.004
152.594    -172.589    -0.004
151.580    -171.484    -0.004
150.565    -170.379    -0.004
149.551    -169.273    -0.004
148.536    -168.167    -0.004
147.521    -167.061    -0.004
146.507    -165.956    -0.004
145.493    -164.850    -0.004
144.479    -163.744    -0.004
143.467    -162.636    -0.004
142.454    -161.530    -0.004
141.441    -160.423    -0.004
140.427    -159.316    -0.004
139.414    -158.209    -0.003
138.400    -157.103    -0.003
137.386    -155.997    -0.003
136.372    -154.891    -0.003
135.358    -153.785    -0.003
134.343    -152.678    -0.003
133.331    -151.571    -0.003
132.319    -150.464    -0.003
131.306    -149.356    -0.003
130.294    -148.248    -0.003
129.282    -147.140    -0.003
128.270    -146.033    -0.003
127.256    -144.926    -0.003
126.244    -143.818    -0.003
125.231    -142.711    -0.003
124.218    -141.605    -0.003
123.205    -140.498    -0.003
122.194    -139.388    -0.003
121.182    -138.280    -0.003
120.171    -137.172    -0.003
119.160    -136.063    -0.003
118.149    -134.955    -0.003
117.136    -133.847    -0.002
116.122    -132.742    -0.002
115.107    -131.637    -0.002
114.091    -130.532    -0.002
113.076    -129.426    -0.002
112.061    -128.321    -0.002
111.045    -127.217    -0.002
110.029    -126.113    -0.002
109.014    -125.009    -0.002
107.998    -123.904    -0.002
106.981    -122.800    -0.002
105.965    -121.695    -0.002
104.952    -120.590    -0.002
103.938    -119.483    -0.002
102.924    -118.376    -0.002
101.911    -117.270    -0.002
100.897    -116.164    -0.002
99.883    -115.058    -0.002
98.870    -113.950    -0.002
97.858    -112.843    -0.002
96.845    -111.736    -0.002
95.832    -110.629    -0.002
94.819    -109.522    -0.002
93.802    -108.418    -0.002
92.786    -107.313    -0.002
91.771    -106.209    -0.002
90.755    -105.105    -0.002
89.739    -104.000    -0.001
88.725    -102.894    -0.001
87.711    -101.789    -0.001
86.696    -100.683    -0.001
85.682    -99.576    -0.001
84.668    -98.471    -0.001
83.653    -97.365    -0.001
82.639    -96.260    -0.001
81.624    -95.155    -0.001
80.609    -94.049    -0.001
79.594    -92.944    -0.001
78.579    -91.838    -0.001
77.566    -90.732    -0.001
76.553    -89.624    -0.001
75.540    -88.517    -0.001
74.527    -87.411    -0.001
73.514    -86.304    -0.001
72.500    -85.197    -0.001
71.486    -84.091    -0.001
70.472    -82.985    -0.001
69.458    -81.880    -0.001
68.444    -80.774    -0.001
67.430    -79.667    -0.001
66.417    -78.560    -0.001
65.404    -77.453    -0.001
64.392    -76.345    -0.001
63.380    -75.237    -0.001
62.368    -74.130    -0.001
61.355    -73.022    -0.001
60.343    -71.915    -0.001
59.330    -70.807    -0.001
58.317    -69.700    -0.001
57.304    -68.593    -0.001
56.292    -67.486    -0.001
55.279    -66.380    -0.001
54.265    -65.272    -0.001
53.252    -64.166    -0.001
52.238    -63.059    -0.001
51.225    -61.952    -0.001
50.212    -60.845    -0.000
49.197    -59.740    -0.000
48.182    -58.635    -0.000
47.168    -57.530    -0.000
46.152    -56.424    -0.000
45.137    -55.319    -0.000
44.123    -54.213    -0.000
43.108    -53.108    -0.000
42.094    -52.003    -0.000
41.079    -50.896    -0.000
40.065    -49.791    -0.000
39.050    -48.685    -0.000
38.040    -47.576    -0.000
37.029    -46.466    -0.000
36.019    -45.357    -0.000
35.009    -44.248    -0.000
33.998    -43.139    -0.000
32.985    -42.031    -0.000
31.971    -40.925    -0.000
30.957    -39.819    -0.000
29.943    -38.714    -0.000
28.929    -37.608    -0.000
27.915    -36.502    -0.000
26.900    -35.396    -0.000
25.885    -34.291    -0.000
24.870    -33.185    -0.000
23.856    -32.079    -0.000
22.841    -30.974    -0.000
21.829    -29.867    -0.000
20.819    -28.758    -0.000
19.809    -27.648    -0.000
18.797    -26.538    -0.000
17.787    -25.429    -0.000
16.777    -24.320    -0.000
15.764    -23.213    -0.000
14.750    -22.107    -0.000
13.736    -21.001    -0.000
12.721    -19.895    -0.000
11.707    -18.790    -0.000
10.693    -17.683    -0.000
9.680    -16.576    -0.000
8.666    -15.470    -0.000
7.653    -14.364    -0.000
6.639    -13.257    -0.000
5.625    -12.151    -0.000
4.611    -11.044    -0.000
3.598    -9.938    -0.000
2.584    -8.832    -0.000
1.570    -7.725    -0.000
0.557    -6.619    -0.000
-0.457    -5.513    -0.000
-1.470    -4.406    -0.000
-2.482    -3.297    -0.000
