2.597    2.287    -0.000
1.584    3.394    -0.000
0.571    4.501    -0.000
-0.442    5.607    -0.000
-1.456    6.715    -0.000
-2.469    7.822    -0.000
-3.482    8.928    -0.000
-4.495    10.035    -0.000
-5.508    11.143    -0.000
-6.521    12.249    -0.000
-7.536    13.355    -0.000
-8.549    14.462    -0.000
-9.563    15.568    -0.000
-10.577    16.674    -0.000
-11.591    17.780    -0.000
-12.604    18.886    -0.000
-13.617    19.993    -0.000
-14.631    21.101    -0.000
-15.644    22.207    -0.000
-16.658    23.314    -0.000
-17.671    24.420    -0.000
-18.684    25.528    -0.000
-19.696    26.635    -0.000
-20.709    27.741    -0.000
-21.723    28.848    -0.000
-22.736    29.955    -0.000
-23.750    31.062    -0.000
-24.766    32.166    -0.000
-25.782    33.269    -0.000
-26.798    34.373    -0.000
-27.815    35.478    -0.000
-28.832    36.581    -0.000
-29.845    37.688    -0.000
-30.857    38.796    -0.000
-31.868    39.904    -0.000
-32.879    41.013    -0.000
-33.890    42.121    -0.000
-34.903    43.229    -0.000
-35.918    44.335    -0.000
-36.932    45.441    -0.000
-37.947    46.546    -0.000
-38.962    47.651    -0.000
-39.977    48.756    -0.000
-40.992    49.862    -0.000
-42.008    50.967    -0.000
-43.022    52.072    -0.000
-44.036    53.177    -0.000
-45.051    54.283    -0.000
-46.066    55.388    -0.000
-47.078    56.496    -0.000
-48.090    57.603    -0.000
-49.103    58.711    -0.000
-50.115    59.819    -0.000
-51.128    60.926    -0.000
-52.140    62.033    -0.001
-53.153    63.140    -0.001
-54.166    64.247    -0.001
-55.180    65.355    -0.001
-56.193    66.462    -0.001
-57.206    67.568    -0.001
-58.219    68.675    -0.001
-59.231    69.783    -0.001
-60.244    70.890    -0.001
-61.256    71.997    -0.001
-62.270    73.104    -0.001
-63.283    74.212    -0.001
-64.298    75.317    -0.001
-65.312    76.422    -0.001
-66.327    77.527    -0.001
-67.342    78.632    -0.001
-68.357    79.737    -0.001
-69.371    80.844    -0.001
-70.382    81.953    -0.001
-71.393    83.061    -0.001
-72.404    84.170    -0.001
-73.416    85.278    -0.001
-74.427    86.387    -0.001
-75.441    87.493    -0.001
-76.455    88.600    -0.001
-77.469    89.706    -0.001
-78.482    90.812    -0.001
-79.496    91.918    -0.001
-80.510    93.024    -0.001
-81.525    94.130    -0.001
-82.541    95.235    -0.001
-83.555    96.340    -0.001
-84.570    97.445    -0.001
-85.585    98.551    -0.001
-86.598    99.657    -0.001
-87.611    100.764    -0.001
-88.624    101.870    -0.001
-89.638    102.978    -0.001
-90.651    104.085    -0.001
-91.664    105.192    -0.002
-92.678    106.298    -0.002
-93.691    107.404    -0.002
-94.705    108.511    -0.002
-95.719    109.617    -0.002
-96.733    110.723    -0.002
-97.746    111.829    -0.002
-98.760    112.937    -0.002
-99.773    114.043    -0.002
-100.786    115.150    -0.002
-101.799    116.256    -0.002
-102.813    117.363    -0.002
-103.826    118.471    -0.002
-104.839    119.577    -0.002
-105.852    120.684    -0.002
-106.865    121.790    -0.002
-107.878    122.898    -0.002
-108.893    124.004    -0.002
-109.907    125.109    -0.002
-110.921    126.215    -0.002
-111.935    127.322    -0.002
-112.949    128.428    -0.002
-113.964    129.533    -0.002
-114.978    130.639    -0.002
-115.993    131.744    -0.002
-117.007    132.851    -0.002
-118.022    133.956    -0.003
-119.036    135.061    -0.003
-120.050    136.167    -0.003
-121.062    137.276    -0.003
-122.073    138.384    -0.003
-123.086    139.492    -0.003
-124.097    140.600    -0.003
-125.109    141.709    -0.003
-126.122    142.815    -0.003
-127.135    143.922    -0.003
-128.148    145.029    -0.003
-129.161    146.136    -0.003
-130.175    147.243    -0.003
-131.188    148.349    -0.003
-132.202    149.456    -0.003
-133.215    150.562    -0.003
-134.229    151.669    -0.003
-135.242    152.775    -0.003
-136.257    153.881    -0.003
-137.270    154.987    -0.003
-138.283    156.094    -0.003
-139.297    157.201    -0.003
-140.310    158.307    -0.004
-141.324    159.414    -0.004
-142.336    160.521    -0.004
-143.349    161.630    -0.004
-144.360    162.738    -0.004
-145.371    163.846    -0.004
-146.383    164.954    -0.004
-147.394    166.063    -0.004
-148.410    167.167    -0.004
-149.428    168.271    -0.004
-150.443    169.375    -0.004
-151.459    170.479    -0.004
-152.476    171.583    -0.004
-153.491    172.687    -0.004
-154.506    173.792    -0.004
-155.521    174.897    -0.004
-156.538    176.003    -0.004
-157.553    177.107    -0.004
-158.567    178.213    -0.004
-159.579    179.320    -0.005
-160.591    180.428    -0.005
-161.602    181.537    -0.005
-162.614    182.645    -0.005
-163.627    183.752    -0.005
-164.640    184.859    -0.005
-165.654    185.965    -0.005
-166.669    187.071    -0.005
-167.683    188.177    -0.005
-168.697    189.282    -0.005
-169.711    190.388    -0.005
-170.726    191.494    -0.005
-171.740    192.600    -0.005
-172.755    193.705    -0.005
-173.769    194.811    -0.005
-174.783    195.917    -0.005
-175.868    197.094    -0.005
-176.819    198.121    -0.006
-177.841    199.221    -0.006
-178.862    200.321    -0.006
-179.950    201.494    -0.006
-180.903    202.521    -0.006
-181.913    203.631    -0.006
-182.920    204.742    -0.006
-183.928    205.855    -0.006
-184.937    206.966    -0.006
-185.966    208.101    -0.006
-186.908    209.139    -0.006
-187.982    210.324    -0.006
-188.924    211.361    -0.006
-190.003    212.544    -0.006
-191.017    213.650    -0.006
-192.030    214.756    -0.007
-193.044    215.862    -0.007
-194.058    216.968    -0.007
-195.072    218.075    -0.007
-196.087    219.180    -0.007
-197.102    220.285    -0.007
-198.117    221.390    -0.007
-199.132    222.495    -0.007
-200.148    223.600    -0.007
-201.162    224.705    -0.007
-202.175    225.813    -0.007
-203.189    226.919    -0.007
-204.202    228.026    -0.007
-205.215    229.133    -0.007
-206.228    230.240    -0.007
-207.240    231.347    -0.008
-208.253    232.454    -0.008
-209.266    233.561    -0.008
-210.279    234.668    -0.008
-211.292    235.776    -0.008
-212.305    236.883    -0.008
-213.318    237.989    -0.008
-214.332    239.095    -0.008
-215.346    240.202    -0.008
-216.361    241.308    -0.008
-217.374    242.414    -0.008
-218.388    243.520    -0.008
-219.401    244.627    -0.008
-220.414    245.734    -0.009
-221.427    246.841    -0.009
-222.440    247.948    -0.009
-223.453    249.055    -0.009
-224.465    250.163    -0.009
-225.477    251.271    -0.009
-226.489    252.378    -0.009
-227.502    253.486    -0.009
-228.514    254.594    -0.009
-229.529    255.699    -0.009
-230.546    256.803    -0.009
-231.562    257.906    -0.009
-232.579    259.010    -0.010
-233.595    260.114    -0.010
-234.611    261.218    -0.010
-235.624    262.325    -0.010
-236.637    263.432    -0.010
-237.651    264.539    -0.010
-238.664    265.646    -0.010
-239.677    266.753    -0.010
-240.690    267.859    -0.010
-241.704    268.965    -0.010
-242.717    270.072    -0.010
-243.732    271.179    -0.010
-244.745    272.285    -0.011
-245.758    273.391    -0.011
-246.769    274.501    -0.011
-247.780    275.609    -0.011
-248.791    276.718    -0.011
-249.802    277.826    -0.011
-250.814    278.936    -0.011
-251.828    280.042    -0.011
-252.842    281.148    -0.011
-253.856    282.253    -0.011
-254.870    283.358    -0.011
-255.885    284.465    -0.011
-256.900    285.571    -0.012
-257.913    286.677    -0.012
-258.926    287.784    -0.012
-259.939    288.891    -0.012
-260.952    289.998    -0.012
-261.965    291.104    -0.012
-262.979    292.210    -0.012
-263.994    293.317    -0.012
-265.007    294.423    -0.012
-266.021    295.529    -0.012
-267.035    296.635    -0.013
-268.048    297.742    -0.013
-269.059    298.851    -0.013
-270.071    299.960    -0.013
-271.082    301.068    -0.013
-272.093    302.177    -0.013
-273.037    303.212    -0.013
-274.117    304.393    -0.013
-275.130    305.500    -0.013
-276.143    306.606    -0.013
-277.157    307.713    -0.013
-278.171    308.820    -0.014
-279.184    309.926    -0.014
-280.198    311.032    -0.014
-281.211    312.138    -0.014
-282.225    313.245    -0.014
-283.239    314.351    -0.014
-284.253    315.457    -0.014
-285.265    316.565    -0.014
-286.277    317.673    -0.014
-287.289    318.781    -0.014
-288.301    319.888    -0.015
-289.314    320.995    -0.015
-290.328    322.103    -0.015
-291.342    323.209    -0.015
-292.355    324.315    -0.015
-293.368    325.422    -0.015
-294.382    326.528    -0.015
-295.396    327.634    -0.015
-296.413    328.738    -0.015
-297.430    329.841    -0.015
-298.447    330.944    -0.016
-299.464    332.048    -0.016
-300.481    333.152    -0.016
-301.495    334.257    -0.016
-302.507    335.365    -0.016
-303.519    336.472    -0.016
-304.532    337.580    -0.016
-305.545    338.688    -0.016
-306.557    339.795    -0.016
-307.571    340.900    -0.017
-308.586    342.007    -0.017
-309.600    343.112    -0.017
-310.616    344.217    -0.017
-311.631    345.322    -0.017
-312.646    346.427    -0.017
-313.661    347.532    -0.017
-314.677    348.636    -0.017
-315.692    349.741    -0.017
-316.708    350.845    -0.018
-317.723    351.951    -0.018
-318.735    353.060    -0.018
-319.745    354.168    -0.018
-320.756    355.277    -0.018
-321.767    356.386    -0.018
-322.777    357.496    -0.018
-323.790    358.603    -0.018
-324.804    359.710    -0.018
-325.817    360.816    -0.019
-326.830    361.924    -0.019
-327.843    363.030    -0.019
-328.857    364.136    -0.019
-329.873    365.240    -0.019
-330.888    366.345    -0.019
-331.905    367.449    -0.019
-332.921    368.554    -0.019
-333.937    369.658    -0.019
-334.962    370.753    -0.020
-335.990    371.846    -0.020
-337.018    372.940    -0.020
-338.046    374.033    -0.020
-339.074    375.126    -0.020
-340.181    376.282    -0.020
-341.240    377.344    -0.020
-342.300    378.407    -0.020
-343.448    379.522    -0.021
-344.533    380.559    -0.021
-345.618    381.595    -0.021
-346.810    382.662    -0.021
-347.933    383.659    -0.021
-349.139    384.710    -0.021
-350.288    385.675    -0.021
-351.514    386.704    -0.021
-352.739    387.735    -0.022
-353.929    388.648    -0.022
-355.120    389.561    -0.022
-356.404    390.516    -0.022
-357.623    391.391    -0.022
-358.843    392.266    -0.022
-360.250    393.219    -0.022
-361.501    394.049    -0.022
-362.838    394.928    -0.023
-364.111    395.723    -0.023
-365.384    396.517    -0.023
-366.661    397.304    -0.023
-367.945    398.081    -0.023
-369.339    398.868    -0.023
-370.652    399.594    -0.023
-371.965    400.320    -0.023
-373.458    401.134    -0.024
-374.800    401.807    -0.024
-376.147    402.469    -0.024
-377.591    403.157    -0.024
-378.950    403.793    -0.024
-380.309    404.430    -0.024
-381.776    405.071    -0.024
-383.252    405.690    -0.024
-384.737    406.284    -0.025
-386.043    406.791    -0.025
-387.442    407.335    -0.025
-389.040    407.914    -0.025
-390.458    408.405    -0.025
-391.976    408.911    -0.025
-393.409    409.356    -0.025
-394.843    409.801    -0.025
-396.375    410.262    -0.026
-397.819    410.672    -0.026
-399.370    411.068    -0.026
-400.826    411.431    -0.026
-402.379    411.819    -0.026
-403.834    412.179    -0.026
-405.300    412.505    -0.026
-406.866    412.835    -0.026
-408.438    413.135    -0.026
-409.915    413.397    -0.027
-411.392    413.661    -0.027
-412.975    413.899    -0.027
-414.461    414.108    -0.027
-416.148    414.319    -0.027
-417.641    414.473    -0.027
-419.133    414.626    -0.027
-420.627    414.776    -0.027
-422.220    414.925    -0.028
-423.717    415.038    -0.028
-425.215    415.119    -0.028
-426.714    415.196    -0.028
-428.412    415.275    -0.028
-429.913    415.306    -0.028
-431.413    415.320    -0.028
-433.014    415.305    -0.028
-434.513    415.283    -0.028
-436.014    415.262    -0.028
-437.613    415.177    -0.029
-439.210    415.075    -0.029
-440.707    414.967    -0.029
-442.201    414.847    -0.029
-443.697    414.720    -0.029
-445.192    414.592    -0.029
-446.785    414.437    -0.029
-448.376    414.261    -0.029
-449.867    414.087    -0.029
-451.450    413.854    -0.029
-452.934    413.635    -0.030
-454.418    413.412    -0.030
-455.899    413.172    -0.030
-457.381    412.933    -0.030
-458.862    412.688    -0.030
-460.440    412.420    -0.030
-461.919    412.169    -0.030
-463.398    411.914    -0.030
-464.778    411.674    -0.030
-466.256    411.418    -0.030
-467.736    411.168    -0.030
-469.215    410.919    -0.031
-470.694    410.666    -0.031
-472.173    410.408    -0.031
-473.651    410.150    -0.031
-475.130    409.899    -0.031
-476.610    409.651    -0.031
-478.090    409.403    -0.031
-479.667    409.132    -0.031
-481.047    408.892    -0.031
-482.526    408.637    -0.031
-484.006    408.389    -0.031
-485.485    408.141    -0.032
-486.965    407.892    -0.032
-488.445    407.645    -0.032
-489.925    407.396    -0.032
-491.404    407.142    -0.032
-492.981    406.868    -0.032
-494.459    406.611    -0.032
-495.938    406.356    -0.032
-497.417    406.103    -0.032
-498.797    405.866    -0.032
-500.276    405.613    -0.033
-501.755    405.359    -0.033
-503.333    405.088    -0.033
-504.715    404.866    -0.033
-506.197    404.628    -0.033
-507.679    404.389    -0.033
-509.161    404.152    -0.033
-510.642    403.914    -0.033
-512.123    403.676    -0.033
-513.606    403.448    -0.033
-515.090    403.226    -0.034
-516.574    403.004    -0.034
-518.059    402.781    -0.034
-519.543    402.559    -0.034
-520.929    402.366    -0.034
-522.418    402.171    -0.034
-523.905    401.975    -0.034
-525.392    401.780    -0.034
-526.881    401.584    -0.034
-528.369    401.393    -0.035
-529.860    401.218    -0.035
-531.250    401.055    -0.035
-532.742    400.892    -0.035
-534.233    400.729    -0.035
-535.727    400.584    -0.035
-537.221    400.443    -0.035
-538.714    400.303    -0.035
-540.110    400.190    -0.035
-541.606    400.067    -0.036
-543.102    399.949    -0.036
-544.600    399.858    -0.036
-545.998    399.773    -0.036
-547.496    399.696    -0.036
-548.995    399.622    -0.036
-550.494    399.559    -0.036
-551.894    399.508    -0.036
-553.394    399.483    -0.037
-554.894    399.462    -0.037
-556.395    399.460    -0.037
-557.896    399.458    -0.037
-559.396    399.452    -0.037
-560.697    399.452    -0.037
-562.196    399.491    -0.037
-563.696    399.534    -0.037
-565.196    399.591    -0.038
-566.695    399.648    -0.038
-568.094    399.717    -0.038
-569.593    399.796    -0.038
-570.990    399.881    -0.038
-572.484    400.026    -0.038
-573.978    400.170    -0.038
-575.371    400.307    -0.039
-576.864    400.465    -0.039
-578.355    400.622    -0.039
-579.746    400.793    -0.039
-581.231    401.005    -0.039
-582.717    401.218    -0.039
-584.100    401.434    -0.039
-585.580    401.686    -0.040
-586.958    401.931    -0.040
-588.427    402.236    -0.040
-589.897    402.541    -0.040
-591.366    402.847    -0.040
-592.728    403.169    -0.040
-594.089    403.503    -0.040
-595.543    403.871    -0.041
-596.996    404.248    -0.041
-598.445    404.639    -0.041
-599.791    405.027    -0.041
-601.033    405.407    -0.041
-602.656    405.917    -0.041
-604.096    406.337    -0.042
-605.337    406.723    -0.042
-606.755    407.217    -0.042
-608.171    407.710    -0.042
-609.290    408.143    -0.042
-610.659    408.757    -0.042
-612.029    409.371    -0.043
-613.291    409.976    -0.043
-614.541    410.608    -0.043
-615.881    411.284    -0.043
-617.123    411.930    -0.043
-618.438    412.654    -0.043
-619.753    413.376    -0.044
-621.065    414.104    -0.044
-622.281    414.799    -0.044
-623.583    415.544    -0.044
-624.869    416.318    -0.044
-626.153    417.093    -0.044
-627.345    417.828    -0.045
-628.620    418.622    -0.045
-629.797    419.381    -0.045
-631.051    420.203    -0.045
-632.138    420.917    -0.045
-632.985    421.620    -0.045
-634.113    422.610    -0.046
-635.238    423.603    -0.046
-636.280    424.537    -0.046
-637.307    425.490    -0.046
-638.396    426.522    -0.046
-639.403    427.494    -0.046
-640.449    428.571    -0.047
-641.495    429.647    -0.047
-642.465    430.657    -0.047
-643.419    431.682    -0.047
-644.415    432.805    -0.047
-645.334    433.861    -0.047
-646.305    435.006    -0.048
-647.340    436.226    -0.048
-648.150    437.243    -0.048
-649.016    438.344    -0.048
-649.904    439.554    -0.048
-650.718    440.693    -0.048
-651.592    441.913    -0.049
-652.390    443.064    -0.049
-653.223    444.311    -0.049
-653.979    445.491    -0.049
-654.706    446.687    -0.049
-655.467    447.981    -0.049
-656.228    449.274    -0.050
-656.907    450.499    -0.050
-657.566    451.734    -0.050
-658.248    453.071    -0.050
-658.849    454.336    -0.050
-659.487    455.694    -0.050
-660.078    456.963    -0.051
-660.640    458.246    -0.051
-661.216    459.632    -0.051
-661.740    460.930    -0.051
-662.269    462.335    -0.051
-662.797    463.739    -0.051
-663.268    465.059    -0.051
-663.721    466.383    -0.052
-664.170    467.710    -0.052
-664.573    469.155    -0.052
-664.975    470.600    -0.052
-665.308    471.858    -0.052
-665.651    473.318    -0.052
-665.984    474.782    -0.052
-666.263    476.154    -0.053
-666.534    477.629    -0.053
-666.786    479.007    -0.053
-667.012    480.390    -0.053
-667.232    481.874    -0.053
-667.434    483.360    -0.053
-667.575    484.653    -0.053
-667.723    486.146    -0.054
-667.868    487.640    -0.054
-667.971    489.037    -0.054
-668.043    490.535    -0.054
-668.109    491.934    -0.054
-668.113    493.335    -0.054
-668.119    494.835    -0.054
-668.112    496.236    -0.054
-668.079    497.736    -0.054
-668.027    499.136    -0.055
-667.943    500.534    -0.055
-667.820    502.029    -0.055
-667.696    503.524    -0.055
-667.585    505.020    -0.055
-667.454    506.415    -0.055
-667.277    507.702    -0.055
-667.024    509.181    -0.055
-666.770    510.661    -0.055
-666.520    512.140    -0.055
-666.254    513.413    -0.055
-665.936    514.879    -0.056
-665.605    516.240    -0.056
-665.242    517.696    -0.056
-664.896    519.053    -0.056
-664.505    520.501    -0.056
-664.118    521.848    -0.056
-663.710    523.187    -0.056
-663.219    524.605    -0.056
-662.726    526.022    -0.056
-662.280    527.243    -0.056
-661.738    528.642    -0.056
-661.184    530.037    -0.056
-660.642    531.328    -0.056
-660.031    532.699    -0.056
-659.420    534.069    -0.056
-658.855    535.240    -0.057
-658.187    536.584    -0.057
-657.507    537.922    -0.057
-656.880    539.061    -0.057
-656.097    540.457    -0.057
-655.412    541.679    -0.057
-654.698    542.884    -0.057
-653.874    544.255    -0.057
-653.195    545.365    -0.057
-652.358    546.609    -0.057
-651.520    547.855    -0.057
-650.752    548.904    -0.057
-649.864    550.114    -0.057
-648.956    551.309    -0.057
-648.130    552.312    -0.057
-647.167    553.463    -0.057
-646.267    554.536    -0.057
-645.286    555.671    -0.057
-644.361    556.723    -0.057
-643.417    557.757    -0.057
-642.366    558.829    -0.057
-641.316    559.901    -0.057
-640.325    560.889    -0.057
-639.250    561.937    -0.057
-638.224    562.890    -0.057
-637.181    563.825    -0.057
-636.045    564.804    -0.057
-634.908    565.783    -0.057
-633.829    566.676    -0.057
-632.666    567.626    -0.057
-631.485    568.551    -0.057
-630.433    569.316    -0.057
-629.216    570.194    -0.057
-628.071    570.998    -0.057
-626.833    571.847    -0.056
-625.653    572.602    -0.056
-624.466    573.344    -0.056
-623.182    574.121    -0.056
-621.898    574.898    -0.056
-620.688    575.603    -0.056
-619.464    576.283    -0.056
-618.053    577.038    -0.056
-616.895    577.630    -0.056
-615.549    578.291    -0.056
-614.291    578.908    -0.056
-612.927    579.534    -0.056
-611.645    580.097    -0.056
-610.263    580.683    -0.056
-608.962    581.201    -0.056
-607.564    581.745    -0.056
-606.254    582.240    -0.055
-604.836    582.731    -0.055
-603.676    583.039    -0.055
-602.226    583.424    -0.055
-600.684    583.854    -0.055
-599.330    584.212    -0.055
-597.968    584.537    -0.055
-596.506    584.874    -0.055
-595.135    585.160    -0.055
-593.663    585.455    -0.055
-592.287    585.711    -0.054
-590.806    585.953    -0.054
-589.325    586.193    -0.054
-588.038    586.378    -0.054
-586.548    586.555    -0.054
-585.058    586.732    -0.054
-583.663    586.849    -0.054
-582.166    586.956    -0.054
-580.769    587.055    -0.054
-579.370    587.115    -0.053
-577.869    587.154    -0.053
-576.570    587.185    -0.053
-575.069    587.169    -0.053
-573.569    587.153    -0.053
-571.968    587.136    -0.053
-570.670    587.054    -0.053
-569.173    586.955    -0.052
-567.776    586.862    -0.052
-566.179    586.754    -0.052
-564.881    586.664    -0.052
-563.597    586.465    -0.052
-562.114    586.235    -0.052
-560.631    586.006    -0.052
-559.149    585.770    -0.051
-557.870    585.535    -0.051
-556.405    585.211    -0.051
-554.940    584.887    -0.051
-553.575    584.572    -0.051
-552.216    584.235    -0.051
-550.768    583.842    -0.051
-549.320    583.448    -0.050
-547.968    583.081    -0.050
-546.638    582.643    -0.050
-545.214    582.172    -0.050
-543.886    581.726    -0.050
-542.478    581.209    -0.050
-541.068    580.694    -0.049
-539.756    580.203    -0.049
-538.363    579.647    -0.049
-536.970    579.090    -0.049
-535.677    578.551    -0.049
-534.393    577.993    -0.049
-533.027    577.372    -0.048
-531.759    576.776    -0.048
-530.411    576.117    -0.048
-529.063    575.458    -0.048
-527.814    574.824    -0.048
-526.486    574.126    -0.048
-525.250    573.469    -0.047
-523.942    572.732    -0.047
-522.635    571.996    -0.047
-521.327    571.261    -0.047
-520.127    570.538    -0.047
-518.847    569.756    -0.047
-517.565    568.975    -0.046
-516.382    568.225    -0.046
-515.121    567.413    -0.046
-513.858    566.602    -0.046
-512.701    565.813    -0.046
-511.462    564.967    -0.046
-510.306    564.175    -0.045
-509.093    563.292    -0.045
-507.880    562.409    -0.045
-506.753    561.577    -0.045
-505.551    560.680    -0.045
-504.269    559.723    -0.045
-503.244    558.922    -0.044
-502.068    557.988    -0.044
-500.893    557.056    -0.044
-499.727    556.112    -0.044
-498.562    555.167    -0.044
-497.483    554.274    -0.044
-496.343    553.298    -0.043
-495.204    552.321    -0.043
-494.070    551.339    -0.043
-493.016    550.415    -0.043
-491.815    549.359    -0.043
-490.846    548.490    -0.043
-489.662    547.413    -0.042
-488.626    546.471    -0.042
-487.528    545.448    -0.042
-486.433    544.422    -0.042
-485.341    543.394    -0.042
-484.333    542.420    -0.042
-483.255    541.377    -0.041
-482.181    540.330    -0.041
-481.121    539.267    -0.041
-480.062    538.204    -0.041
-479.003    537.141    -0.041
-477.944    536.078    -0.040
-476.884    535.016    -0.040
-475.913    534.007    -0.040
-474.876    532.923    -0.040
-473.839    531.838    -0.040
-472.802    530.754    -0.040
-471.764    529.670    -0.039
-470.727    528.585    -0.039
-469.686    527.505    -0.039
-468.648    526.422    -0.039
-467.691    525.398    -0.039
-466.667    524.301    -0.039
-465.575    523.131    -0.038
-464.551    522.034    -0.038
-463.527    520.937    -0.038
-462.577    519.908    -0.038
-461.492    518.731    -0.038
-460.475    517.628    -0.038
-459.458    516.525    -0.038
-458.440    515.423    -0.037
-457.422    514.320    -0.037
-456.479    513.285    -0.037
-455.468    512.176    -0.037
-454.457    511.066    -0.037
-453.447    509.957    -0.037
-452.437    508.848    -0.036
-451.354    507.668    -0.036
-450.339    506.563    -0.036
-449.392    505.531    -0.036
-448.377    504.426    -0.036
-447.362    503.321    -0.036
-446.349    502.215    -0.035
-445.345    501.099    -0.035
-444.348    499.978    -0.035
-443.351    498.856    -0.035
-442.356    497.733    -0.035
-441.358    496.613    -0.035
-440.348    495.504    -0.034
-439.338    494.394    -0.034
-438.328    493.283    -0.034
-437.318    492.173    -0.034
-436.309    491.063    -0.034
-435.297    489.956    -0.034
-434.282    488.850    -0.034
-433.268    487.744    -0.033
-432.185    486.565    -0.033
-431.238    485.533    -0.033
-430.224    484.427    -0.033
-429.210    483.322    -0.033
-428.195    482.216    -0.033
-427.180    481.111    -0.032
-426.097    479.932    -0.032
-425.150    478.900    -0.032
-424.136    477.794    -0.032
-423.124    476.687    -0.032
-422.111    475.580    -0.032
-421.099    474.472    -0.032
-420.086    473.365    -0.031
-419.074    472.257    -0.031
-417.991    471.078    -0.031
-417.044    470.047    -0.031
-415.962    468.867    -0.031
-415.015    467.835    -0.031
-414.001    466.730    -0.031
-412.987    465.624    -0.030
-411.974    464.516    -0.030
-410.960    463.410    -0.030
-409.947    462.303    -0.030
-408.934    461.196    -0.030
-407.921    460.088    -0.030
-406.907    458.982    -0.030
-405.893    457.877    -0.029
-404.878    456.772    -0.029
-403.863    455.666    -0.029
-402.849    454.560    -0.029
-401.836    453.453    -0.029
-400.823    452.346    -0.029
-399.811    451.239    -0.029
-398.798    450.131    -0.028
-397.785    449.024    -0.028
-396.772    447.917    -0.028
-395.759    446.811    -0.028
-394.745    445.705    -0.028
-393.732    444.598    -0.028
-392.718    443.491    -0.028
-391.704    442.385    -0.027
-390.691    441.278    -0.027
-389.678    440.170    -0.027
-388.666    439.063    -0.027
-387.653    437.956    -0.027
-386.641    436.849    -0.027
-385.628    435.741    -0.027
-384.613    434.635    -0.026
-383.599    433.530    -0.026
-382.585    432.424    -0.026
-381.571    431.318    -0.026
-380.558    430.211    -0.026
-379.544    429.105    -0.026
-378.461    427.925    -0.026
-377.514    426.894    -0.025
-376.500    425.787    -0.025
-375.486    424.681    -0.025
-374.473    423.575    -0.025
-373.459    422.469    -0.025
-372.377    421.289    -0.025
-371.431    420.256    -0.025
-370.350    419.076    -0.025
-369.404    418.043    -0.024
-368.393    416.936    -0.024
-367.381    415.827    -0.024
-366.369    414.719    -0.024
-365.357    413.611    -0.024
-364.345    412.503    -0.024
-363.264    411.323    -0.024
-362.248    410.219    -0.024
-361.300    409.188    -0.023
-360.284    408.084    -0.023
-359.268    406.980    -0.023
-358.252    405.875    -0.023
-357.239    404.768    -0.023
-356.227    403.660    -0.023
-355.216    402.552    -0.023
-354.205    401.442    -0.022
-353.193    400.334    -0.022
-352.181    399.226    -0.022
-351.166    398.121    -0.022
-350.152    397.015    -0.022
-349.138    395.908    -0.022
-348.057    394.728    -0.022
-347.111    393.697    -0.022
-346.099    392.589    -0.022
-345.087    391.480    -0.021
-344.074    390.372    -0.021
-343.063    389.264    -0.021
-342.051    388.156    -0.021
-341.038    387.049    -0.021
-340.024    385.944    -0.021
-339.009    384.838    -0.021
-337.994    383.733    -0.021
-336.979    382.628    -0.020
-335.884    381.460    -0.020
-334.848    380.376    -0.020
-333.823    379.280    -0.020
-332.871    378.252    -0.020
-331.852    377.151    -0.020
-330.835    376.048    -0.020
-329.818    374.943    -0.020
-328.805    373.836    -0.019
-327.793    372.728    -0.019
-326.781    371.621    -0.019
-325.697    370.444    -0.019
-324.748    369.413    -0.019
-323.663    368.236    -0.019
-322.716    367.205    -0.019
-321.701    366.099    -0.019
-320.687    364.993    -0.019
-319.673    363.887    -0.018
-318.591    362.708    -0.018
-317.644    361.676    -0.018
-316.630    360.570    -0.018
-315.616    359.464    -0.018
-314.601    358.359    -0.018
-313.586    357.253    -0.018
-312.504    356.074    -0.018
-311.557    355.042    -0.018
-310.543    353.936    -0.017
-309.528    352.832    -0.017
-308.517    351.723    -0.017
-307.505    350.613    -0.017
-306.494    349.505    -0.017
-305.481    348.398    -0.017
-304.469    347.291    -0.017
-303.456    346.185    -0.017
-302.443    345.077    -0.017
-301.429    343.970    -0.016
-300.417    342.863    -0.016
-299.403    341.756    -0.016
-298.390    340.649    -0.016
-297.376    339.543    -0.016
-296.363    338.437    -0.016
-295.350    337.330    -0.016
-294.337    336.222    -0.016
-293.325    335.114    -0.016
-292.312    334.007    -0.015
-291.298    332.902    -0.015
-290.284    331.796    -0.015
-289.270    330.689    -0.015
-288.256    329.583    -0.015
-287.241    328.477    -0.015
-286.229    327.370    -0.015
-285.217    326.262    -0.015
-284.204    325.155    -0.015
-283.192    324.048    -0.015
-282.180    322.940    -0.014
-281.099    321.759    -0.014
-280.152    320.726    -0.014
-279.138    319.620    -0.014
-278.124    318.515    -0.014
-277.042    317.335    -0.014
-276.097    316.302    -0.014
-275.084    315.195    -0.014
-274.071    314.088    -0.014
-273.058    312.981    -0.014
-272.045    311.873    -0.013
-271.031    310.767    -0.013
-270.017    309.661    -0.013
-269.004    308.555    -0.013
-267.990    307.448    -0.013
-266.977    306.341    -0.013
-265.963    305.235    -0.013
-264.881    304.056    -0.013
-263.934    303.024    -0.013
-262.920    301.918    -0.013
-261.905    300.813    -0.012
-260.891    299.706    -0.012
-259.811    298.525    -0.012
-258.866    297.491    -0.012
-257.854    296.383    -0.012
-256.842    295.276    -0.012
-255.829    294.169    -0.012
-254.817    293.062    -0.012
-253.803    291.955    -0.012
-252.722    290.774    -0.012
-251.777    289.741    -0.012
-250.764    288.634    -0.011
-249.750    287.527    -0.011
-248.736    286.422    -0.011
-247.721    285.316    -0.011
-246.639    284.137    -0.011
-245.692    283.105    -0.011
-244.678    281.998    -0.011
-243.666    280.891    -0.011
-242.654    279.784    -0.011
-241.642    278.677    -0.011
-240.628    277.568    -0.011
-239.616    276.461    -0.011
-238.603    275.354    -0.010
-237.587    274.250    -0.010
-236.502    273.073    -0.010
-235.486    271.969    -0.010
-234.538    270.938    -0.010
-233.453    269.761    -0.010
-232.504    268.732    -0.010
-231.420    267.554    -0.010
-230.404    266.450    -0.010
-229.455    265.420    -0.010
-228.441    264.314    -0.010
-227.429    263.207    -0.009
-226.416    262.098    -0.009
-225.404    260.991    -0.009
-224.392    259.883    -0.009
-223.380    258.776    -0.009
-222.368    257.667    -0.009
-221.355    256.560    -0.009
-220.342    255.454    -0.009
-219.327    254.348    -0.009
-218.246    253.168    -0.009
-217.300    252.135    -0.009
-216.286    251.029    -0.009
-215.272    249.923    -0.009
-214.190    248.743    -0.008
-213.244    247.710    -0.008
-212.232    246.602    -0.008
-211.220    245.495    -0.008
-210.208    244.387    -0.008
-209.196    243.279    -0.008
-208.181    242.173    -0.008
-207.166    241.069    -0.008
-206.150    239.964    -0.008
-205.134    238.859    -0.008
-204.119    237.754    -0.008
-203.104    236.650    -0.008
-202.088    235.545    -0.008
-201.004    234.367    -0.007
-200.057    233.336    -0.007
-199.040    232.232    -0.007
-198.024    231.128    -0.007
-196.941    229.949    -0.007
-195.996    228.916    -0.007
-194.985    227.807    -0.007
-193.974    226.699    -0.007
-192.963    225.591    -0.007
-191.950    224.483    -0.007
-190.939    223.374    -0.007
-189.927    222.265    -0.007
-188.917    221.157    -0.007
-187.906    220.048    -0.007
-186.896    218.938    -0.007
-185.878    217.835    -0.006
-184.860    216.732    -0.006
-183.842    215.630    -0.006
-182.824    214.528    -0.006
-181.738    213.351    -0.006
-180.794    212.318    -0.006
-179.782    211.210    -0.006
-178.770    210.102    -0.006
-177.759    208.993    -0.006
-176.747    207.885    -0.006
-175.736    206.777    -0.006
-174.724    205.669    -0.006
-173.709    204.563    -0.006
-172.693    203.459    -0.006
-171.609    202.280    -0.006
-170.661    201.250    -0.005
-169.647    200.144    -0.005
-168.633    199.038    -0.005
-167.619    197.932    -0.005
-166.605    196.826    -0.005
-165.590    195.720    -0.005
-164.578    194.612    -0.005
-163.566    193.504    -0.005
-162.554    192.397    -0.005
-161.542    191.289    -0.005
-160.530    190.182    -0.005
-159.518    189.073    -0.005
-158.505    187.966    -0.005
-157.493    186.858    -0.005
-156.481    185.750    -0.005
-155.469    184.642    -0.005
-154.457    183.535    -0.005
-153.444    182.428    -0.004
-152.431    181.320    -0.004
-151.419    180.212    -0.004
-150.406    179.105    -0.004
-149.393    177.998    -0.004
-148.380    176.892    -0.004
-147.366    175.785    -0.004
-146.284    174.606    -0.004
-145.338    173.573    -0.004
-144.325    172.466    -0.004
-143.311    171.360    -0.004
-142.298    170.253    -0.004
-141.284    169.147    -0.004
-140.270    168.041    -0.004
-139.255    166.935    -0.004
-138.242    165.828    -0.004
-137.228    164.722    -0.004
-136.147    163.542    -0.004
-135.201    162.510    -0.004
-134.188    161.403    -0.003
-133.175    160.296    -0.003
-132.161    159.189    -0.003
-131.148    158.082    -0.003
-130.136    156.975    -0.003
-129.126    155.864    -0.003
-128.116    154.755    -0.003
-127.106    153.645    -0.003
-126.094    152.537    -0.003
-125.082    151.428    -0.003
-124.071    150.321    -0.003
-123.059    149.213    -0.003
-122.046    148.106    -0.003
-121.034    146.997    -0.003
-120.022    145.890    -0.003
-118.941    144.709    -0.003
-117.996    143.676    -0.003
-116.984    142.567    -0.003
-115.972    141.460    -0.003
-114.959    140.353    -0.003
-113.947    139.246    -0.003
-112.933    138.139    -0.002
-111.921    137.031    -0.002
-110.908    135.924    -0.002
-109.895    134.817    -0.002
-108.882    133.710    -0.002
-107.870    132.602    -0.002
-106.856    131.496    -0.002
-105.841    130.390    -0.002
-104.827    129.285    -0.002
-103.745    128.105    -0.002
-102.798    127.073    -0.002
-101.784    125.967    -0.002
-100.770    124.862    -0.002
-99.755    123.756    -0.002
-98.741    122.649    -0.002
-97.727    121.544    -0.002
-96.712    120.438    -0.002
-95.698    119.333    -0.002
-94.683    118.227    -0.002
-93.670    117.121    -0.002
-92.658    116.012    -0.002
-91.647    114.903    -0.002
-90.636    113.795    -0.002
-89.625    112.685    -0.002
-88.615    111.577    -0.002
-87.604    110.468    -0.002
-86.592    109.359    -0.002
-85.581    108.250    -0.001
-84.567    107.144    -0.001
-83.553    106.038    -0.001
-82.539    104.933    -0.001
-81.525    103.827    -0.001
-80.510    102.721    -0.001
-79.495    101.616    -0.001
-78.480    100.510    -0.001
-77.467    99.404    -0.001
-76.454    98.297    -0.001
-75.372    97.116    -0.001
-74.427    96.084    -0.001
-73.414    94.978    -0.001
-72.332    93.797    -0.001
-71.386    92.764    -0.001
-70.373    91.658    -0.001
-69.360    90.551    -0.001
-68.345    89.445    -0.001
-67.331    88.339    -0.001
-66.316    87.234    -0.001
-65.301    86.129    -0.001
-64.286    85.023    -0.001
-63.272    83.917    -0.001
-62.257    82.812    -0.001
-61.242    81.707    -0.001
-60.227    80.602    -0.001
-59.212    79.497    -0.001
-58.196    78.392    -0.001
-57.181    77.287    -0.001
-56.166    76.182    -0.001
-55.152    75.077    -0.001
-54.137    73.971    -0.001
-53.122    72.866    -0.001
-52.108    71.759    -0.001
-51.095    70.652    -0.001
-50.082    69.545    -0.001
-49.069    68.438    -0.001
-48.055    67.332    -0.001
-46.970    66.155    -0.001
-46.022    65.125    -0.000
-45.005    64.021    -0.000
-43.989    62.917    -0.000
-42.972    61.814    -0.000
-41.957    60.709    -0.000
-40.946    59.601    -0.000
-39.935    58.491    -0.000
-38.925    57.382    -0.000
-37.911    56.275    -0.000
-36.893    55.173    -0.000
-35.875    54.070    -0.000
-34.857    52.968    -0.000
-33.839    51.866    -0.000
-32.823    50.761    -0.000
-31.810    49.655    -0.000
-30.796    48.547    -0.000
-29.716    47.366    -0.000
-28.769    46.335    -0.000
-27.754    45.230    -0.000
-26.739    44.124    -0.000
-25.726    43.018    -0.000
-24.715    41.909    -0.000
-23.704    40.800    -0.000
-22.694    39.690    -0.000
-21.678    38.586    -0.000
-20.588    37.414    -0.000
-19.565    36.316    -0.000
-18.614    35.289    -0.000
-17.606    34.177    -0.000
-16.596    33.066    -0.000
-15.588    31.956    -0.000
-14.577    30.847    -0.000
-13.565    29.738    -0.000
-12.554    28.630    -0.000
-11.472    27.450    -0.000
-10.453    26.349    -0.000
-9.434    25.247    -0.000
-8.415    24.146    -0.000
-7.470    23.112    -0.000
-6.458    22.004    -0.000
-5.446    20.897    -0.000
-4.434    19.788    -0.000
-3.423    18.679    -0.000
-2.413    17.570    -0.000
-1.402    16.461    -0.000
-0.392    15.351    -0.000
0.621    14.244    -0.000
1.634    13.137    -0.000
2.646    12.030    -0.000
3.660    10.923    -0.000
4.673    9.816    -0.000
5.686    8.709    -0.000
6.698    7.602    -0.000
7.711    6.495    -0.000
8.727    5.390    -0.000
9.743    4.285    -0.000
10.759    3.181    -0.000
11.774    2.076    -0.000
12.786    0.969    -0.000
13.798    -0.140    -0.000
14.811    -1.247    -0.000
15.823    -2.354    -0.000
16.836    -3.461    -0.000
17.848    -4.570    -0.000
18.862    -5.676    -0.000
19.875    -6.782    -0.000
20.889    -7.888    -0.000
21.972    -9.067    -0.000
22.986    -10.173    -0.000
23.932    -11.206    -0.000
24.946    -12.312    -0.000
25.960    -13.418    -0.000
26.974    -14.524    -0.000
27.988    -15.630    -0.000
29.071    -16.809    -0.000
30.018    -17.841    -0.000
31.032    -18.948    -0.000
32.041    -20.057    -0.000
33.051    -21.167    -0.000
34.060    -22.277    -0.000
35.070    -23.388    -0.000
36.082    -24.495    -0.000
37.097    -25.601    -0.000
38.110    -26.707    -0.000
39.123    -27.815    -0.000
40.138    -28.920    -0.000
41.155    -30.023    -0.000
42.241    -31.200    -0.000
43.190    -32.228    -0.000
44.206    -33.334    -0.000
45.216    -34.443    -0.000
46.226    -35.552    -0.000
47.236    -36.661    -0.000
48.249    -37.770    -0.000
49.265    -38.874    -0.000
50.282    -39.977    -0.000
51.298    -41.081    -0.000
52.309    -42.190    -0.000
53.320    -43.299    -0.000
54.331    -44.408    -0.000
55.343    -45.515    -0.000
56.357    -46.621    -0.000
57.372    -47.728    -0.000
58.386    -48.833    -0.000
59.401    -49.939    -0.000
60.415    -51.044    -0.000
61.429    -52.150    -0.001
62.511    -53.330    -0.001
63.457    -54.363    -0.001
64.471    -55.469    -0.001
65.484    -56.575    -0.001
66.495    -57.685    -0.001
67.506    -58.793    -0.001
68.518    -59.901    -0.001
69.531    -61.008    -0.001
70.545    -62.115    -0.001
71.559    -63.221    -0.001
72.572    -64.327    -0.001
73.587    -65.433    -0.001
74.602    -66.537    -0.001
75.617    -67.643    -0.001
76.632    -68.748    -0.001
77.646    -69.855    -0.001
78.659    -70.961    -0.001
79.672    -72.069    -0.001
80.685    -73.176    -0.001
81.768    -74.355    -0.001
82.714    -75.386    -0.001
83.729    -76.492    -0.001
84.742    -77.599    -0.001
85.754    -78.707    -0.001
86.765    -79.815    -0.001
87.779    -80.921    -0.001
88.794    -82.027    -0.001
89.808    -83.132    -0.001
90.823    -84.238    -0.001
91.837    -85.344    -0.001
92.851    -86.451    -0.001
93.865    -87.557    -0.001
94.879    -88.663    -0.001
95.892    -89.768    -0.001
96.906    -90.875    -0.001
97.919    -91.983    -0.001
98.932    -93.090    -0.001
99.945    -94.196    -0.001
100.958    -95.303    -0.002
102.039    -96.484    -0.002
102.983    -97.518    -0.002
103.997    -98.624    -0.002
105.011    -99.731    -0.002
106.024    -100.839    -0.002
107.037    -101.945    -0.002
108.118    -103.126    -0.002
109.063    -104.158    -0.002
110.145    -105.338    -0.002
111.091    -106.372    -0.002
112.104    -107.478    -0.002
113.118    -108.584    -0.002
114.200    -109.763    -0.002
115.147    -110.796    -0.002
116.161    -111.901    -0.002
117.175    -113.007    -0.002
118.189    -114.113    -0.002
119.203    -115.221    -0.002
120.216    -116.327    -0.002
121.229    -117.433    -0.002
122.241    -118.541    -0.002
123.253    -119.648    -0.002
124.267    -120.756    -0.002
125.279    -121.864    -0.002
126.360    -123.044    -0.002
127.307    -124.075    -0.002
128.322    -125.181    -0.003
129.336    -126.287    -0.003
130.351    -127.392    -0.003
131.368    -128.496    -0.003
132.383    -129.600    -0.003
133.399    -130.706    -0.003
134.482    -131.884    -0.003
135.429    -132.915    -0.003
136.443    -134.020    -0.003
137.458    -135.127    -0.003
138.471    -136.234    -0.003
139.482    -137.343    -0.003
140.493    -138.451    -0.003
141.504    -139.560    -0.003
142.518    -140.666    -0.003
143.532    -141.772    -0.003
144.546    -142.877    -0.003
145.561    -143.983    -0.003
146.575    -145.090    -0.003
147.589    -146.196    -0.003
148.603    -147.301    -0.003
149.617    -148.407    -0.003
150.631    -149.514    -0.004
151.646    -150.620    -0.004
152.660    -151.725    -0.004
153.674    -152.831    -0.004
154.755    -154.011    -0.004
155.701    -155.044    -0.004
156.715    -156.150    -0.004
157.729    -157.256    -0.004
158.744    -158.362    -0.004
159.756    -159.470    -0.004
160.769    -160.577    -0.004
161.781    -161.684    -0.004
162.794    -162.791    -0.004
163.807    -163.899    -0.004
164.820    -165.005    -0.004
165.833    -166.112    -0.004
166.846    -167.219    -0.004
167.859    -168.326    -0.004
168.872    -169.434    -0.004
169.884    -170.541    -0.005
170.897    -171.648    -0.005
171.911    -172.755    -0.005
172.992    -173.935    -0.005
173.938    -174.968    -0.005
174.952    -176.074    -0.005
175.966    -177.180    -0.005
176.979    -178.287    -0.005
177.993    -179.393    -0.005
179.008    -180.499    -0.005
180.022    -181.605    -0.005
181.035    -182.711    -0.005
182.049    -183.817    -0.005
183.062    -184.924    -0.005
184.144    -186.105    -0.005
185.089    -187.137    -0.005
186.103    -188.244    -0.005
187.116    -189.351    -0.006
188.129    -190.457    -0.006
189.143    -191.564    -0.006
190.156    -192.671    -0.006
191.168    -193.778    -0.006
192.182    -194.885    -0.006
193.194    -195.992    -0.006
194.207    -197.100    -0.006
195.219    -198.208    -0.006
196.232    -199.315    -0.006
197.244    -200.422    -0.006
198.257    -201.529    -0.006
199.270    -202.637    -0.006
200.283    -203.744    -0.006
201.295    -204.851    -0.006
202.308    -205.959    -0.007
203.320    -207.067    -0.007
204.333    -208.174    -0.007
205.346    -209.281    -0.007
206.358    -210.388    -0.007
207.373    -211.493    -0.007
208.389    -212.598    -0.007
209.405    -213.702    -0.007
210.421    -214.806    -0.007
211.435    -215.912    -0.007
212.448    -217.020    -0.007
213.461    -218.127    -0.007
214.474    -219.234    -0.007
215.486    -220.341    -0.007
216.499    -221.449    -0.008
217.511    -222.556    -0.008
218.524    -223.663    -0.008
219.537    -224.770    -0.008
220.550    -225.877    -0.008
221.564    -226.984    -0.008
222.577    -228.090    -0.008
223.659    -229.271    -0.008
224.604    -230.303    -0.008
225.620    -231.409    -0.008
226.634    -232.514    -0.008
227.649    -233.619    -0.008
228.664    -234.724    -0.008
229.679    -235.829    -0.009
230.694    -236.935    -0.009
231.777    -238.114    -0.009
232.724    -239.145    -0.009
233.739    -240.250    -0.009
234.754    -241.356    -0.009
235.769    -242.461    -0.009
236.784    -243.566    -0.009
237.799    -244.670    -0.009
238.814    -245.775    -0.009
239.830    -246.881    -0.009
240.845    -247.986    -0.009
241.927    -249.165    -0.009
242.871    -250.199    -0.010
243.880    -251.310    -0.010
244.889    -252.420    -0.010
245.899    -253.530    -0.010
246.914    -254.636    -0.010
247.928    -255.742    -0.010
248.942    -256.848    -0.010
249.957    -257.953    -0.010
250.971    -259.058    -0.010
251.986    -260.164    -0.010
253.001    -261.270    -0.010
254.015    -262.376    -0.010
255.029    -263.482    -0.011
256.043    -264.588    -0.011
257.057    -265.694    -0.011
258.070    -266.800    -0.011
259.084    -267.907    -0.011
260.099    -269.012    -0.011
261.112    -270.119    -0.011
262.124    -271.228    -0.011
263.135    -272.336    -0.011
264.147    -273.444    -0.011
265.158    -274.552    -0.011
266.171    -275.661    -0.012
267.184    -276.767    -0.012
268.198    -277.873    -0.012
269.211    -278.979    -0.012
270.225    -280.086    -0.012
271.238    -281.192    -0.012
272.252    -282.299    -0.012
273.266    -283.405    -0.012
274.278    -284.514    -0.012
275.290    -285.622    -0.012
276.301    -286.729    -0.012
277.313    -287.837    -0.013
278.326    -288.944    -0.013
279.408    -290.124    -0.013
280.354    -291.157    -0.013
281.368    -292.263    -0.013
282.382    -293.369    -0.013
283.396    -294.476    -0.013
284.480    -295.653    -0.013
285.427    -296.684    -0.013
286.511    -297.863    -0.013
287.459    -298.893    -0.013
288.475    -299.998    -0.014
289.490    -301.102    -0.014
290.501    -302.211    -0.014
291.512    -303.319    -0.014
292.524    -304.428    -0.014
293.536    -305.537    -0.014
294.547    -306.645    -0.014
295.559    -307.752    -0.014
296.575    -308.858    -0.014
297.659    -310.035    -0.014
298.606    -311.066    -0.015
299.622    -312.170    -0.015
300.639    -313.274    -0.015
301.722    -314.452    -0.015
302.667    -315.486    -0.015
303.679    -316.594    -0.015
304.691    -317.702    -0.015
305.703    -318.810    -0.015
306.715    -319.918    -0.015
307.732    -321.022    -0.016
308.748    -322.126    -0.016
309.764    -323.229    -0.016
310.849    -324.407    -0.016
311.865    -325.512    -0.016
312.809    -326.545    -0.016
313.820    -327.653    -0.016
314.833    -328.762    -0.016
315.844    -329.870    -0.016
316.855    -330.979    -0.016
317.867    -332.087    -0.017
318.880    -333.194    -0.017
319.963    -334.372    -0.017
320.977    -335.479    -0.017
321.924    -336.511    -0.017
322.938    -337.616    -0.017
323.952    -338.723    -0.017
324.965    -339.829    -0.017
325.978    -340.936    -0.017
326.992    -342.042    -0.018
328.006    -343.149    -0.018
329.019    -344.256    -0.018
330.100    -345.435    -0.018
331.051    -346.464    -0.018
332.137    -347.640    -0.018
333.155    -348.742    -0.018
334.173    -349.845    -0.018
335.123    -350.874    -0.018
336.137    -351.980    -0.019
337.144    -353.093    -0.019
338.152    -354.204    -0.019
339.159    -355.316    -0.019
340.166    -356.428    -0.019
341.175    -357.540    -0.019
342.184    -358.651    -0.019
343.198    -359.756    -0.019
344.212    -360.862    -0.020
345.227    -361.968    -0.020
346.241    -363.074    -0.020
347.255    -364.179    -0.020
348.270    -365.285    -0.020
349.285    -366.390    -0.020
350.300    -367.496    -0.020
351.315    -368.601    -0.020
352.398    -369.780    -0.020
353.344    -370.811    -0.021
354.358    -371.919    -0.021
355.362    -373.033    -0.021
356.366    -374.148    -0.021
357.445    -375.331    -0.021
358.478    -376.419    -0.021
359.441    -377.436    -0.021
360.456    -378.541    -0.021
361.470    -379.646    -0.022
362.482    -380.754    -0.022
363.493    -381.864    -0.022
364.504    -382.973    -0.022
365.513    -384.083    -0.022
366.522    -385.193    -0.022
367.533    -386.302    -0.022
368.547    -387.409    -0.022
369.560    -388.516    -0.023
370.572    -389.623    -0.023
371.585    -390.730    -0.023
372.668    -391.909    -0.023
373.683    -393.015    -0.023
374.630    -394.046    -0.023
375.646    -395.150    -0.023
376.662    -396.255    -0.023
377.677    -397.360    -0.024
378.761    -398.538    -0.024
379.713    -399.564    -0.024
380.724    -400.673    -0.024
381.733    -401.783    -0.024
382.744    -402.893    -0.024
383.754    -404.003    -0.024
384.764    -405.112    -0.025
385.774    -406.222    -0.025
386.784    -407.331    -0.025
387.794    -408.441    -0.025
388.807    -409.549    -0.025
389.821    -410.655    -0.025
390.835    -411.761    -0.025
391.918    -412.940    -0.025
392.864    -413.972    -0.026
393.878    -415.078    -0.026
394.893    -416.184    -0.026
395.905    -417.291    -0.026
396.917    -418.399    -0.026
397.928    -419.509    -0.026
398.939    -420.617    -0.026
399.950    -421.725    -0.027
400.962    -422.833    -0.027
401.976    -423.940    -0.027
402.988    -425.048    -0.027
404.001    -426.154    -0.027
405.083    -427.335    -0.027
406.028    -428.367    -0.027
407.041    -429.475    -0.027
408.056    -430.580    -0.028
409.073    -431.683    -0.028
410.090    -432.787    -0.028
411.107    -433.890    -0.028
412.192    -435.067    -0.028
413.140    -436.097    -0.028
414.157    -437.200    -0.028
415.243    -438.377    -0.029
416.187    -439.412    -0.029
417.197    -440.521    -0.029
418.207    -441.630    -0.029
419.218    -442.739    -0.029
420.228    -443.849    -0.029
421.239    -444.958    -0.029
422.250    -446.067    -0.030
423.263    -447.174    -0.030
424.276    -448.281    -0.030
425.289    -449.388    -0.030
426.302    -450.494    -0.030
427.316    -451.601    -0.030
428.330    -452.707    -0.030
429.343    -453.815    -0.031
430.356    -454.922    -0.031
431.369    -456.028    -0.031
432.382    -457.135    -0.031
433.395    -458.242    -0.031
434.477    -459.422    -0.031
435.422    -460.456    -0.032
436.434    -461.563    -0.032
437.446    -462.672    -0.032
438.458    -463.780    -0.032
439.470    -464.887    -0.032
440.482    -465.995    -0.032
441.495    -467.102    -0.032
442.507    -468.210    -0.033
443.519    -469.318    -0.033
444.531    -470.425    -0.033
445.543    -471.533    -0.033
446.555    -472.641    -0.033
447.567    -473.749    -0.033
448.579    -474.857    -0.033
449.590    -475.966    -0.034
450.602    -477.075    -0.034
451.613    -478.183    -0.034
452.624    -479.291    -0.034
453.635    -480.400    -0.034
454.647    -481.509    -0.034
455.659    -482.617    -0.035
456.670    -483.725    -0.035
457.681    -484.833    -0.035
458.694    -485.941    -0.035
459.708    -487.047    -0.035
460.723    -488.153    -0.035
461.736    -489.259    -0.036
462.750    -490.366    -0.036
463.764    -491.472    -0.036
464.778    -492.578    -0.036
465.792    -493.684    -0.036
466.806    -494.789    -0.036
467.821    -495.896    -0.036
468.837    -497.000    -0.037
469.855    -498.102    -0.037
470.868    -499.209    -0.037
471.877    -500.320    -0.037
472.883    -501.433    -0.037
473.883    -502.552    -0.037
474.883    -503.670    -0.038
475.882    -504.790    -0.038
476.877    -505.913    -0.038
477.795    -506.971    -0.038
478.779    -508.103    -0.038
479.763    -509.237    -0.038
480.733    -510.381    -0.039
481.699    -511.530    -0.039
482.666    -512.677    -0.039
483.628    -513.828    -0.039
484.585    -514.984    -0.039
485.540    -516.141    -0.039
486.497    -517.299    -0.040
487.383    -518.382    -0.040
488.396    -519.621    -0.040
489.282    -520.706    -0.040
490.232    -521.868    -0.040
491.069    -522.990    -0.040
491.956    -524.201    -0.041
492.783    -525.330    -0.041
493.670    -526.541    -0.041
494.556    -527.751    -0.041
495.503    -529.042    -0.041
496.339    -530.166    -0.041
497.219    -531.382    -0.042
498.097    -532.598    -0.042
498.969    -533.819    -0.042
499.774    -534.965    -0.042
500.635    -536.194    -0.042
501.483    -537.432    -0.042
502.321    -538.677    -0.043
503.159    -539.922    -0.043
503.908    -541.105    -0.043
504.704    -542.377    -0.043
505.448    -543.564    -0.043
506.223    -544.849    -0.043
506.946    -546.048    -0.044
507.692    -547.350    -0.044
508.440    -548.652    -0.044
509.187    -549.953    -0.044
509.871    -551.174    -0.044
510.643    -552.577    -0.044
511.368    -553.891    -0.045
511.963    -555.047    -0.045
512.691    -556.472    -0.045
513.375    -557.807    -0.045
513.944    -558.977    -0.045
514.590    -560.330    -0.045
515.181    -561.600    -0.046
515.792    -562.971    -0.046
516.402    -564.342    -0.046
517.005    -565.717    -0.046
517.588    -567.099    -0.046
518.110    -568.399    -0.046
518.614    -569.705    -0.047
519.128    -571.115    -0.047
519.643    -572.524    -0.047
520.100    -573.848    -0.047
520.471    -575.094    -0.047
520.858    -576.543    -0.047
521.246    -577.994    -0.048
521.604    -579.347    -0.048
521.963    -580.804    -0.048
522.310    -582.264    -0.048
522.644    -583.726    -0.048
522.967    -585.192    -0.048
523.290    -586.657    -0.049
523.560    -588.031    -0.049
523.816    -589.408    -0.049
524.061    -590.787    -0.049
524.272    -592.274    -0.049
524.482    -593.759    -0.049
524.652    -595.048    -0.049
524.797    -596.541    -0.050
524.912    -598.038    -0.050
525.026    -599.534    -0.050
525.139    -601.030    -0.050
525.253    -602.526    -0.050
525.291    -603.826    -0.050
525.316    -605.226    -0.050
525.332    -606.727    -0.051
525.295    -608.126    -0.051
525.255    -609.626    -0.051
525.205    -611.026    -0.051
525.126    -612.525    -0.051
525.015    -613.920    -0.051
524.878    -615.315    -0.051
524.711    -616.805    -0.051
524.544    -618.297    -0.052
524.352    -619.684    -0.052
524.143    -621.068    -0.052
523.892    -622.650    -0.052
523.639    -623.926    -0.052
523.346    -625.397    -0.052
523.058    -626.767    -0.052
522.728    -628.128    -0.052
522.338    -629.577    -0.053
521.937    -630.919    -0.053
521.504    -632.356    -0.053
521.099    -633.697    -0.053
520.631    -635.122    -0.053
520.186    -636.449    -0.053
519.719    -637.770    -0.053
519.180    -639.171    -0.053
518.676    -640.477    -0.053
518.115    -641.869    -0.053
517.516    -643.353    -0.054
516.992    -644.652    -0.054
516.442    -645.830    -0.054
515.778    -647.175    -0.054
515.114    -648.521    -0.054
514.505    -649.670    -0.054
513.833    -650.899    -0.054
513.074    -652.193    -0.054
512.348    -653.390    -0.054
511.515    -654.756    -0.054
510.784    -655.951    -0.054
510.017    -657.124    -0.054
509.172    -658.364    -0.054
508.428    -659.430    -0.054
507.543    -660.641    -0.054
506.656    -661.852    -0.055
505.757    -663.053    -0.055
504.857    -664.254    -0.055
504.068    -665.287    -0.055
503.091    -666.426    -0.055
502.115    -667.566    -0.055
501.237    -668.526    -0.055
500.213    -669.621    -0.055
499.173    -670.703    -0.055
498.250    -671.619    -0.055
497.168    -672.659    -0.055
496.159    -673.630    -0.055
495.039    -674.630    -0.055
493.993    -675.559    -0.055
492.849    -676.531    -0.055
491.764    -677.417    -0.055
490.595    -678.357    -0.055
489.568    -679.155    -0.055
488.286    -680.113    -0.055
487.162    -680.948    -0.055
486.111    -681.715    -0.055
484.864    -682.548    -0.055
483.533    -683.437    -0.055
482.443    -684.146    -0.055
481.167    -684.936    -0.055
479.881    -685.710    -0.055
478.669    -686.411    -0.055
477.365    -687.154    -0.055
476.061    -687.896    -0.055
474.757    -688.638    -0.055
473.693    -689.194    -0.055
472.345    -689.851    -0.055
471.066    -690.421    -0.055
469.692    -691.026    -0.055
468.410    -691.590    -0.055
467.106    -692.101    -0.055
465.802    -692.610    -0.055
464.488    -693.095    -0.055
463.068    -693.580    -0.055
461.647    -694.064    -0.055
460.318    -694.506    -0.055
458.881    -694.936    -0.054
457.534    -695.321    -0.054
456.182    -695.683    -0.054
454.728    -696.053    -0.054
453.273    -696.423    -0.054
452.004    -696.703    -0.054
450.534    -697.005    -0.054
449.062    -697.296    -0.054
447.679    -697.519    -0.054
446.197    -697.749    -0.054
444.911    -697.945    -0.054
443.420    -698.114    -0.054
441.927    -698.271    -0.054
440.631    -698.372    -0.054
439.134    -698.469    -0.053
437.637    -698.568    -0.053
436.237    -698.626    -0.053
434.838    -698.676    -0.053
433.338    -698.709    -0.053
431.837    -698.695    -0.053
430.336    -698.681    -0.053
429.037    -698.658    -0.053
427.538    -698.582    -0.053
426.140    -698.497    -0.053
424.744    -698.379    -0.052
423.357    -698.192    -0.052
421.970    -697.998    -0.052
420.485    -697.781    -0.052
419.002    -697.551    -0.052
417.519    -697.320    -0.052
416.038    -697.081    -0.052
414.661    -696.825    -0.052
413.387    -696.567    -0.052
411.925    -696.229    -0.051
410.464    -695.890    -0.051
408.900    -695.547    -0.051
407.741    -695.235    -0.051
406.298    -694.826    -0.051
404.853    -694.420    -0.051
403.519    -693.994    -0.051
402.096    -693.519    -0.050
400.770    -693.067    -0.050
399.546    -692.630    -0.050
398.154    -692.069    -0.050
396.859    -691.534    -0.050
395.483    -690.937    -0.050
394.210    -690.353    -0.050
392.950    -689.742    -0.050
391.609    -689.069    -0.049
390.268    -688.395    -0.049
389.034    -687.735    -0.049
387.722    -687.005    -0.049
386.511    -686.301    -0.049
385.314    -685.574    -0.049
384.044    -684.776    -0.048
382.773    -683.977    -0.048
381.688    -683.263    -0.048
380.447    -682.418    -0.048
379.316    -681.592    -0.048
378.193    -680.756    -0.048
376.992    -679.855    -0.047
375.712    -678.896    -0.047
374.691    -678.089    -0.047
373.603    -677.209    -0.047
372.465    -676.229    -0.047
371.418    -675.300    -0.047
370.303    -674.296    -0.046
369.189    -673.290    -0.046
368.251    -672.390    -0.046
367.178    -671.341    -0.046
366.118    -670.279    -0.046
365.234    -669.325    -0.046
364.219    -668.220    -0.046
363.204    -667.114    -0.045
362.289    -666.055    -0.045
361.385    -664.985    -0.045
360.430    -663.827    -0.045
359.577    -662.717    -0.045
358.663    -661.527    -0.044
357.678    -660.265    -0.044
356.939    -659.320    -0.044
356.088    -658.084    -0.044
355.325    -656.909    -0.044
354.509    -655.649    -0.044
353.752    -654.471    -0.043
352.976    -653.187    -0.043
352.263    -651.982    -0.043
351.518    -650.680    -0.043
350.791    -649.367    -0.043
350.064    -648.053    -0.043
349.404    -646.819    -0.042
348.769    -645.571    -0.042
348.106    -644.225    -0.042
347.500    -642.962    -0.042
346.872    -641.600    -0.042
346.243    -640.237    -0.042
345.672    -638.958    -0.041
345.084    -637.578    -0.041
344.565    -636.277    -0.041
344.056    -634.972    -0.041
343.519    -633.571    -0.041
342.984    -632.170    -0.041
342.479    -630.756    -0.040
342.019    -629.434    -0.040
341.528    -628.016    -0.040
341.103    -626.681    -0.040
340.651    -625.250    -0.040
340.233    -623.913    -0.040
339.824    -622.470    -0.040
339.423    -621.024    -0.039
339.057    -619.672    -0.039
338.682    -618.220    -0.039
338.307    -616.766    -0.039
337.971    -615.407    -0.039
337.620    -613.845    -0.039
337.319    -612.478    -0.038
336.966    -610.916    -0.038
336.619    -609.457    -0.038
336.295    -608.094    -0.038
335.994    -606.727    -0.038
335.722    -605.251    -0.038
335.468    -603.874    -0.037
335.224    -602.393    -0.037
334.979    -600.913    -0.037
334.760    -599.529    -0.037
334.551    -598.043    -0.037
334.340    -596.558    -0.037
334.135    -595.072    -0.037
333.949    -593.582    -0.036
333.763    -592.094    -0.036
333.601    -590.702    -0.036
333.439    -589.211    -0.036
333.292    -587.717    -0.036
333.150    -586.223    -0.036
333.021    -584.828    -0.036
332.884    -583.335    -0.035
332.761    -581.839    -0.035
332.647    -580.343    -0.035
332.533    -578.847    -0.035
332.440    -577.449    -0.035
332.351    -575.951    -0.035
332.262    -574.453    -0.035
332.181    -572.955    -0.034
332.102    -571.457    -0.034
332.025    -569.958    -0.034
331.961    -568.459    -0.034
331.905    -566.959    -0.034
331.850    -565.460    -0.034
331.802    -563.960    -0.034
331.756    -562.461    -0.034
331.710    -560.960    -0.033
331.671    -559.561    -0.033
331.628    -558.061    -0.033
331.588    -556.560    -0.033
331.552    -555.060    -0.033
331.516    -553.561    -0.033
331.481    -552.060    -0.033
331.444    -550.560    -0.032
331.410    -549.060    -0.032
331.376    -547.560    -0.032
331.345    -546.060    -0.032
331.315    -544.559    -0.032
331.284    -543.059    -0.032
331.253    -541.559    -0.032
331.222    -540.058    -0.032
331.194    -538.559    -0.031
331.169    -537.058    -0.031
331.143    -535.558    -0.031
331.117    -534.058    -0.031
331.091    -532.557    -0.031
331.066    -531.057    -0.031
331.041    -529.556    -0.031
331.015    -528.056    -0.031
330.990    -526.556    -0.030
330.964    -525.055    -0.030
330.939    -523.555    -0.030
330.914    -522.054    -0.030
330.888    -520.555    -0.030
330.863    -519.054    -0.030
330.838    -517.554    -0.030
330.812    -516.054    -0.030
330.787    -514.553    -0.029
330.761    -513.053    -0.029
330.735    -511.552    -0.029
330.708    -510.052    -0.029
330.681    -508.552    -0.029
330.655    -507.051    -0.029
330.629    -505.551    -0.029
330.602    -504.051    -0.029
330.573    -502.551    -0.028
330.545    -501.051    -0.028
330.516    -499.550    -0.028
330.488    -498.050    -0.028
330.460    -496.549    -0.028
330.435    -495.049    -0.028
330.410    -493.548    -0.028
330.384    -492.048    -0.028
330.358    -490.549    -0.027
330.334    -489.048    -0.027
330.309    -487.548    -0.027
330.284    -486.047    -0.027
330.259    -484.547    -0.027
330.234    -483.047    -0.027
330.209    -481.546    -0.027
330.184    -480.046    -0.027
330.158    -478.545    -0.027
330.131    -477.045    -0.026
330.104    -475.544    -0.026
330.077    -474.045    -0.026
330.051    -472.545    -0.026
330.024    -471.044    -0.026
329.999    -469.544    -0.026
329.974    -468.043    -0.026
329.948    -466.543    -0.026
329.923    -465.043    -0.026
329.899    -463.542    -0.025
329.874    -462.042    -0.025
329.848    -460.541    -0.025
329.823    -459.041    -0.025
329.796    -457.541    -0.025
329.771    -456.041    -0.025
329.746    -454.541    -0.025
329.716    -453.040    -0.025
329.670    -451.440    -0.025
329.630    -450.041    -0.024
329.587    -448.540    -0.024
329.544    -447.040    -0.024
329.502    -445.541    -0.024
329.445    -443.940    -0.024
329.381    -442.442    -0.024
329.317    -440.943    -0.024
329.228    -439.445    -0.024
329.127    -437.847    -0.024
329.033    -436.350    -0.023
328.947    -434.952    -0.023
328.830    -433.356    -0.023
328.703    -431.860    -0.023
328.568    -430.366    -0.023
328.433    -428.872    -0.023
328.285    -427.278    -0.023
328.120    -425.787    -0.023
327.949    -424.296    -0.023
327.759    -422.707    -0.022
327.568    -421.218    -0.022
327.376    -419.730    -0.022
327.175    -418.242    -0.022
326.942    -416.659    -0.022
326.698    -415.179    -0.022
326.459    -413.697    -0.022
326.220    -412.216    -0.022
325.982    -410.735    -0.022
325.723    -409.257    -0.021
325.435    -407.682    -0.021
325.152    -406.208    -0.021
324.856    -404.737    -0.021
324.560    -403.267    -0.021
324.239    -401.698    -0.021
323.923    -400.231    -0.021
323.595    -398.767    -0.021
323.259    -397.305    -0.021
322.916    -395.844    -0.020
322.574    -394.383    -0.020
322.193    -392.828    -0.020
321.835    -391.371    -0.020
321.477    -389.913    -0.020
321.119    -388.457    -0.020
320.762    -387.000    -0.020
320.249    -385.378    -0.020
319.789    -383.950    -0.020
319.390    -382.607    -0.020
318.965    -381.168    -0.019
318.540    -379.729    -0.019
318.064    -378.201    -0.019
317.614    -376.770    -0.019
317.162    -375.338    -0.019
316.693    -373.914    -0.019
316.223    -372.488    -0.019
315.716    -370.970    -0.019
315.222    -369.553    -0.019
314.728    -368.136    -0.018
314.227    -366.722    -0.018
313.712    -365.312    -0.018
313.195    -363.904    -0.018
312.630    -362.406    -0.018
312.089    -361.007    -0.018
311.547    -359.607    -0.018
310.989    -358.214    -0.018
310.385    -356.732    -0.018
309.818    -355.343    -0.017
309.236    -353.959    -0.017
308.653    -352.577    -0.017
308.068    -351.196    -0.017
307.460    -349.824    -0.017
306.848    -348.454    -0.017
306.189    -346.995    -0.017
305.549    -345.638    -0.017
304.910    -344.280    -0.017
304.218    -342.837    -0.016
303.597    -341.582    -0.016
302.888    -340.147    -0.016
302.218    -338.805    -0.016
301.537    -337.467    -0.016
300.854    -336.131    -0.016
300.113    -334.712    -0.016
299.407    -333.388    -0.016
298.702    -332.064    -0.016
297.984    -330.745    -0.016
297.262    -329.430    -0.015
296.540    -328.115    -0.015
295.735    -326.732    -0.015
294.973    -325.440    -0.015
294.210    -324.147    -0.015
293.431    -322.864    -0.015
292.601    -321.496    -0.015
291.813    -320.219    -0.015
290.949    -318.872    -0.015
290.140    -317.608    -0.015
289.325    -316.348    -0.014
288.506    -315.091    -0.014
287.686    -313.835    -0.014
286.847    -312.590    -0.014
286.004    -311.348    -0.014
285.162    -310.107    -0.014
284.250    -308.791    -0.014
283.451    -307.641    -0.014
282.536    -306.328    -0.014
281.669    -305.103    -0.014
280.803    -303.878    -0.013
279.931    -302.656    -0.013
279.049    -301.443    -0.013
278.166    -300.229    -0.013
277.213    -298.943    -0.013
276.306    -297.748    -0.013
275.399    -296.553    -0.013
274.406    -295.298    -0.013
273.469    -294.125    -0.013
272.533    -292.952    -0.013
271.502    -291.728    -0.012
270.532    -290.584    -0.012
269.561    -289.439    -0.012
268.578    -288.306    -0.012
267.594    -287.172    -0.012
266.536    -285.971    -0.012
265.527    -284.860    -0.012
264.519    -283.750    -0.012
263.510    -282.639    -0.012
262.501    -281.528    -0.012
261.491    -280.419    -0.012
260.481    -279.310    -0.011
259.469    -278.201    -0.011
258.459    -277.091    -0.011
257.447    -275.983    -0.011
256.435    -274.876    -0.011
255.422    -273.769    -0.011
254.413    -272.657    -0.011
253.404    -271.547    -0.011
252.395    -270.436    -0.011
251.386    -269.326    -0.011
250.377    -268.215    -0.011
249.368    -267.105    -0.010
248.357    -265.996    -0.010
247.344    -264.889    -0.010
246.332    -263.780    -0.010
245.319    -262.673    -0.010
244.307    -261.566    -0.010
243.295    -260.458    -0.010
242.283    -259.349    -0.010
241.272    -258.242    -0.010
240.259    -257.134    -0.010
239.247    -256.026    -0.010
238.235    -254.918    -0.010
237.222    -253.811    -0.009
236.209    -252.704    -0.009
235.196    -251.598    -0.009
234.181    -250.492    -0.009
233.168    -249.384    -0.009
232.154    -248.279    -0.009
231.138    -247.175    -0.009
230.122    -246.071    -0.009
229.107    -244.965    -0.009
228.091    -243.861    -0.009
227.074    -242.757    -0.009
226.062    -241.650    -0.009
225.050    -240.542    -0.009
224.038    -239.434    -0.008
223.026    -238.326    -0.008
222.013    -237.219    -0.008
220.999    -236.114    -0.008
219.982    -235.009    -0.008
218.966    -233.905    -0.008
217.950    -232.801    -0.008
216.934    -231.697    -0.008
215.918    -230.593    -0.008
214.904    -229.487    -0.008
213.889    -228.381    -0.008
212.874    -227.276    -0.008
211.860    -226.170    -0.008
210.845    -225.064    -0.007
209.830    -223.959    -0.007
208.816    -222.854    -0.007
207.801    -221.749    -0.007
206.787    -220.643    -0.007
205.771    -219.537    -0.007
204.758    -218.430    -0.007
203.747    -217.322    -0.007
202.737    -216.213    -0.007
201.726    -215.104    -0.007
200.715    -213.995    -0.007
199.703    -212.887    -0.007
198.690    -211.779    -0.007
197.677    -210.672    -0.007
196.664    -209.566    -0.006
195.651    -208.459    -0.006
194.637    -207.353    -0.006
193.624    -206.247    -0.006
192.608    -205.140    -0.006
191.594    -204.035    -0.006
190.580    -202.929    -0.006
189.565    -201.824    -0.006
188.551    -200.718    -0.006
187.536    -199.613    -0.006
186.521    -198.508    -0.006
185.505    -197.403    -0.006
184.490    -196.298    -0.006
183.476    -195.192    -0.006
182.463    -194.085    -0.006
181.452    -192.977    -0.006
180.441    -191.869    -0.005
179.428    -190.760    -0.005
178.417    -189.652    -0.005
177.405    -188.544    -0.005
176.390    -187.439    -0.005
175.375    -186.333    -0.005
174.360    -185.228    -0.005
173.345    -184.123    -0.005
172.329    -183.018    -0.005
171.316    -181.912    -0.005
170.303    -180.804    -0.005
169.290    -179.697    -0.005
168.277    -178.591    -0.005
167.264    -177.484    -0.005
166.251    -176.376    -0.005
165.238    -175.269    -0.005
164.226    -174.162    -0.004
163.214    -173.054    -0.004
162.201    -171.946    -0.004
161.189    -170.839    -0.004
160.175    -169.733    -0.004
159.160    -168.628    -0.004
158.146    -167.522    -0.004
157.132    -166.415    -0.004
156.118    -165.309    -0.004
155.104    -164.204    -0.004
154.089    -163.098    -0.004
153.075    -161.992    -0.004
152.060    -160.886    -0.004
151.047    -159.780    -0.004
150.033    -158.674    -0.004
149.019    -157.567    -0.004
148.006    -156.460    -0.004
146.993    -155.354    -0.004
145.979    -154.248    -0.004
144.965    -153.142    -0.003
143.951    -152.034    -0.003
142.938    -150.928    -0.003
141.924    -149.822    -0.003
140.910    -148.716    -0.003
139.896    -147.610    -0.003
138.881    -146.504    -0.003
137.867    -145.399    -0.003
136.852    -144.293    -0.003
135.838    -143.188    -0.003
134.823    -142.082    -0.003
133.809    -140.977    -0.003
132.795    -139.871    -0.003
131.780    -138.765    -0.003
130.766    -137.658    -0.003
129.752    -136.552    -0.003
128.738    -135.447    -0.003
127.724    -134.341    -0.003
126.714    -133.232    -0.003
125.703    -132.122    -0.003
124.692    -131.013    -0.003
123.681    -129.904    -0.003
122.670    -128.796    -0.002
121.657    -127.688    -0.002
120.643    -126.583    -0.002
119.628    -125.477    -0.002
118.613    -124.372    -0.002
117.599    -123.265    -0.002
116.585    -122.160    -0.002
115.570    -121.054    -0.002
114.556    -119.949    -0.002
113.542    -118.843    -0.002
112.529    -117.736    -0.002
111.513    -116.631    -0.002
110.499    -115.525    -0.002
109.485    -114.419    -0.002
108.471    -113.313    -0.002
107.457    -112.207    -0.002
106.443    -111.101    -0.002
105.429    -109.996    -0.002
104.414    -108.889    -0.002
103.399    -107.783    -0.002
102.385    -106.678    -0.002
101.371    -105.573    -0.002
100.356    -104.468    -0.002
99.342    -103.361    -0.002
98.329    -102.254    -0.002
97.315    -101.148    -0.002
96.302    -100.041    -0.002
95.289    -98.934    -0.001
94.275    -97.827    -0.001
93.261    -96.722    -0.001
92.247    -95.616    -0.001
91.232    -94.511    -0.001
90.217    -93.404    -0.001
89.203    -92.299    -0.001
88.190    -91.192    -0.001
87.178    -90.084    -0.001
86.167    -88.975    -0.001
85.155    -87.868    -0.001
84.142    -86.760    -0.001
83.130    -85.652    -0.001
82.117    -84.545    -0.001
81.104    -83.438    -0.001
80.091    -82.332    -0.001
79.077    -81.226    -0.001
78.064    -80.119    -0.001
77.048    -79.013    -0.001
76.034    -77.908    -0.001
75.019    -76.803    -0.001
74.005    -75.697    -0.001
72.990    -74.591    -0.001
71.976    -73.486    -0.001
70.963    -72.378    -0.001
69.951    -71.271    -0.001
68.939    -70.162    -0.001
67.927    -69.055    -0.001
66.914    -67.947    -0.001
65.901    -66.841    -0.001
64.887    -65.735    -0.001
63.873    -64.628    -0.001
62.859    -63.522    -0.001
61.845    -62.416    -0.001
60.831    -61.310    -0.001
59.818    -60.203    -0.001
58.805    -59.096    -0.001
57.793    -57.989    -0.001
56.779    -56.882    -0.001
55.766    -55.775    -0.000
54.753    -54.668    -0.000
53.741    -53.561    -0.000
52.728    -52.453    -0.000
51.716    -51.346    -0.000
50.703    -50.238    -0.000
49.690    -49.131    -0.000
48.678    -48.023    -0.000
47.666    -46.915    -0.000
46.655    -45.807    -0.000
45.643    -44.699    -0.000
44.630    -43.591    -0.000
43.616    -42.485    -0.000
42.602    -41.379    -0.000
41.587    -40.274    -0.000
40.572    -39.169    -0.000
39.557    -38.064    -0.000
38.542    -36.959    -0.000
37.528    -35.851    -0.000
36.516    -34.744    -0.000
35.504    -33.637    -0.000
34.491    -32.530    -0.000
33.479    -31.421    -0.000
32.466    -30.315    -0.000
31.451    -29.210    -0.000
30.435    -28.105    -0.000
29.420    -27.000    -0.000
28.405    -25.895    -0.000
27.390    -24.790    -0.000
26.377    -23.683    -0.000
25.367    -22.574    -0.000
24.355    -21.464    -0.000
23.344    -20.356    -0.000
22.333    -19.248    -0.000
21.322    -18.139    -0.000
20.307    -17.033    -0.000
19.292    -15.928    -0.000
18.277    -14.823    -0.000
17.261    -13.718    -0.000
16.246    -12.614    -0.000
15.232    -11.507    -0.000
14.219    -10.400    -0.000
13.207    -9.293    -0.000
12.194    -8.186    -0.000
11.182    -7.078    -0.000
10.168    -5.971    -0.000
9.155    -4.865    -0.000
8.140    -3.759    -0.000
7.126    -2.653    -0.000
6.111    -1.548    -0.000
5.097    -0.443    -0.000
4.082    0.663    -0.000
3.069    1.770    -0.000
