0.031    -0.034    -0.000
-0.984    1.072    -0.000
-1.998    2.178    -0.000
-3.012    3.284    -0.000
-4.026    4.390    -0.000
-5.041    5.496    -0.000
-6.055    6.603    -0.000
-7.067    7.710    -0.000
-8.079    8.818    -0.000
-9.090    9.926    -0.000
-10.102    11.034    -0.000
-11.114    12.142    -0.000
-12.128    13.249    -0.000
-13.143    14.353    -0.000
-14.158    15.458    -0.000
-15.173    16.564    -0.000
-16.188    17.669    -0.000
-17.203    18.773    -0.000
-18.215    19.881    -0.000
-19.227    20.990    -0.000
-20.239    22.098    -0.000
-21.250    23.206    -0.000
-22.262    24.314    -0.000
-23.275    25.420    -0.000
-24.291    26.526    -0.000
-25.308    27.630    -0.000
-26.324    28.734    -0.000
-27.339    29.838    -0.000
-28.355    30.943    -0.000
-29.369    32.049    -0.000
-30.383    33.155    -0.000
-31.397    34.261    -0.000
-32.412    35.366    -0.000
-33.426    36.473    -0.000
-34.439    37.580    -0.000
-35.450    38.688    -0.000
-36.462    39.796    -0.000
-37.473    40.905    -0.000
-38.485    42.013    -0.000
-39.498    43.120    -0.000
-40.509    44.228    -0.000
-41.521    45.337    -0.000
-42.532    46.445    -0.000
-43.544    47.553    -0.000
-44.556    48.661    -0.000
-45.569    49.769    -0.000
-46.582    50.876    -0.000
-47.594    51.983    -0.000
-48.607    53.090    -0.000
-49.620    54.197    -0.000
-50.633    55.304    -0.000
-51.648    56.410    -0.000
-52.664    57.514    -0.000
-53.680    58.618    -0.000
-54.696    59.723    -0.001
-55.712    60.827    -0.001
-56.728    61.931    -0.001
-57.743    63.035    -0.001
-58.759    64.139    -0.001
-59.776    65.244    -0.001
-60.792    66.348    -0.001
-61.808    67.452    -0.001
-62.823    68.557    -0.001
-63.836    69.664    -0.001
-64.849    70.771    -0.001
-65.863    71.877    -0.001
-66.877    72.984    -0.001
-67.890    74.090    -0.001
-68.902    75.199    -0.001
-69.914    76.307    -0.001
-70.925    77.415    -0.001
-71.937    78.523    -0.001
-72.949    79.631    -0.001
-73.962    80.738    -0.001
-74.977    81.844    -0.001
-75.991    82.949    -0.001
-77.006    84.054    -0.001
-78.021    85.160    -0.001
-79.036    86.265    -0.001
-80.050    87.371    -0.001
-81.062    88.479    -0.001
-82.074    89.587    -0.001
-83.087    90.694    -0.001
-84.099    91.801    -0.001
-85.111    92.909    -0.001
-86.124    94.017    -0.001
-87.136    95.125    -0.001
-88.148    96.233    -0.001
-89.159    97.341    -0.001
-90.171    98.449    -0.001
-91.184    99.556    -0.001
-92.198    100.662    -0.001
-93.213    101.767    -0.001
-94.227    102.873    -0.002
-95.241    103.980    -0.002
-96.255    105.086    -0.002
-97.268    106.192    -0.002
-98.281    107.299    -0.002
-99.295    108.407    -0.002
-100.308    109.513    -0.002
-101.321    110.620    -0.002
-102.335    111.726    -0.002
-103.348    112.832    -0.002
-104.362    113.939    -0.002
-105.375    115.046    -0.002
-106.390    116.152    -0.002
-107.403    117.258    -0.002
-108.415    118.366    -0.002
-109.427    119.474    -0.002
-110.438    120.583    -0.002
-111.449    121.691    -0.002
-112.461    122.800    -0.002
-113.474    123.908    -0.002
-114.490    125.011    -0.002
-115.507    126.114    -0.002
-116.524    127.217    -0.002
-117.541    128.321    -0.002
-118.557    129.425    -0.002
-119.573    130.529    -0.002
-120.588    131.635    -0.003
-121.603    132.741    -0.003
-122.617    133.846    -0.003
-123.632    134.951    -0.003
-124.646    136.057    -0.003
-125.656    137.166    -0.003
-126.668    138.276    -0.003
-127.678    139.385    -0.003
-128.689    140.493    -0.003
-129.700    141.602    -0.003
-130.711    142.711    -0.003
-131.722    143.820    -0.003
-132.734    144.928    -0.003
-133.745    146.037    -0.003
-134.756    147.146    -0.003
-135.768    148.254    -0.003
-136.781    149.360    -0.003
-137.794    150.466    -0.003
-138.808    151.574    -0.003
-139.822    152.680    -0.003
-140.835    153.786    -0.003
-141.850    154.892    -0.003
-142.865    155.997    -0.004
-143.880    157.102    -0.004
-144.895    158.207    -0.004
-145.910    159.312    -0.004
-146.926    160.417    -0.004
-147.939    161.525    -0.004
-148.951    162.632    -0.004
-149.963    163.739    -0.004
-150.975    164.847    -0.004
-151.988    165.954    -0.004
-153.001    167.063    -0.004
-154.012    168.171    -0.004
-155.023    169.279    -0.004
-156.034    170.388    -0.004
-157.045    171.497    -0.004
-158.055    172.606    -0.004
-159.072    173.710    -0.004
-160.089    174.813    -0.004
-161.106    175.918    -0.004
-162.122    177.021    -0.005
-163.139    178.124    -0.005
-164.155    179.229    -0.005
-165.169    180.334    -0.005
-166.184    181.440    -0.005
-167.199    182.545    -0.005
-168.214    183.651    -0.005
-169.228    184.756    -0.005
-170.242    185.863    -0.005
-171.256    186.969    -0.005
-172.270    188.075    -0.005
-173.283    189.180    -0.005
-174.298    190.287    -0.005
-175.312    191.393    -0.005
-176.328    192.497    -0.005
-177.344    193.601    -0.005
-178.361    194.705    -0.005
-179.377    195.808    -0.006
-180.393    196.913    -0.006
-181.417    198.010    -0.006
-182.443    199.105    -0.006
-183.469    200.200    -0.006
-184.495    201.295    -0.006
-185.521    202.389    -0.006
-186.553    203.480    -0.006
-187.605    204.550    -0.006
-188.656    205.620    -0.006
-189.704    206.695    -0.006
-190.714    207.803    -0.006
-191.725    208.912    -0.006
-192.736    210.021    -0.006
-193.747    211.131    -0.006
-194.758    212.239    -0.007
-195.769    213.348    -0.007
-196.780    214.456    -0.007
-197.791    215.565    -0.007
-198.801    216.675    -0.007
-199.812    217.784    -0.007
-200.823    218.893    -0.007
-201.834    220.002    -0.007
-202.845    221.111    -0.007
-203.856    222.219    -0.007
-204.866    223.328    -0.007
-205.877    224.437    -0.007
-206.889    225.547    -0.007
-207.900    226.655    -0.007
-208.910    227.764    -0.007
-209.921    228.873    -0.008
-210.932    229.982    -0.008
-211.942    231.091    -0.008
-212.954    232.200    -0.008
-213.965    233.309    -0.008
-214.975    234.419    -0.008
-215.986    235.527    -0.008
-216.997    236.636    -0.008
-218.008    237.744    -0.008
-219.020    238.854    -0.008
-220.030    239.963    -0.008
-221.041    241.072    -0.008
-222.053    242.179    -0.008
-223.065    243.287    -0.009
-224.077    244.395    -0.009
-225.088    245.503    -0.009
-226.101    246.611    -0.009
-227.112    247.720    -0.009
-228.124    248.828    -0.009
-229.136    249.935    -0.009
-230.150    251.041    -0.009
-231.165    252.146    -0.009
-232.180    253.253    -0.009
-233.194    254.358    -0.009
-234.209    255.464    -0.009
-235.223    256.569    -0.010
-236.238    257.675    -0.010
-237.253    258.780    -0.010
-238.267    259.885    -0.010
-239.283    260.990    -0.010
-240.297    262.096    -0.010
-241.310    263.204    -0.010
-242.323    264.310    -0.010
-243.337    265.416    -0.010
-244.350    266.523    -0.010
-245.363    267.630    -0.010
-246.376    268.738    -0.010
-247.388    269.845    -0.011
-248.401    270.952    -0.011
-249.413    272.061    -0.011
-250.425    273.168    -0.011
-251.439    274.273    -0.011
-252.455    275.378    -0.011
-253.471    276.483    -0.011
-254.486    277.589    -0.011
-255.501    278.693    -0.011
-256.516    279.798    -0.011
-257.527    280.906    -0.011
-258.538    282.016    -0.011
-259.550    283.125    -0.012
-260.561    284.233    -0.012
-261.571    285.342    -0.012
-262.583    286.451    -0.012
-263.595    287.558    -0.012
-264.607    288.665    -0.012
-265.621    289.773    -0.012
-266.633    290.880    -0.012
-267.645    291.988    -0.012
-268.662    293.091    -0.012
-269.679    294.194    -0.013
-270.696    295.297    -0.013
-271.713    296.402    -0.013
-272.731    297.505    -0.013
-273.744    298.611    -0.013
-274.756    299.719    -0.013
-275.768    300.826    -0.013
-276.781    301.934    -0.013
-277.793    303.042    -0.013
-278.806    304.148    -0.013
-279.822    305.253    -0.013
-280.837    306.358    -0.014
-281.852    307.463    -0.014
-282.867    308.568    -0.014
-283.883    309.672    -0.014
-284.897    310.778    -0.014
-285.912    311.884    -0.014
-286.927    312.989    -0.014
-287.942    314.095    -0.014
-288.956    315.200    -0.014
-289.969    316.308    -0.014
-290.979    317.417    -0.015
-291.989    318.527    -0.015
-293.000    319.636    -0.015
-294.010    320.746    -0.015
-295.021    321.855    -0.015
-296.033    322.963    -0.015
-297.045    324.070    -0.015
-298.057    325.178    -0.015
-299.070    326.286    -0.015
-300.082    327.393    -0.015
-301.096    328.499    -0.016
-302.111    329.604    -0.016
-303.125    330.710    -0.016
-304.140    331.815    -0.016
-305.155    332.920    -0.016
-306.171    334.025    -0.016
-307.183    335.134    -0.016
-308.194    336.242    -0.016
-309.205    337.350    -0.016
-310.216    338.459    -0.017
-311.228    339.567    -0.017
-312.243    340.673    -0.017
-313.261    341.775    -0.017
-314.279    342.878    -0.017
-315.296    343.980    -0.017
-316.313    345.084    -0.017
-317.328    346.189    -0.017
-318.338    347.299    -0.017
-319.348    348.408    -0.018
-320.359    349.517    -0.018
-321.369    350.628    -0.018
-322.378    351.737    -0.018
-323.388    352.847    -0.018
-324.397    353.958    -0.018
-325.406    355.069    -0.018
-326.415    356.180    -0.018
-327.431    357.284    -0.018
-328.447    358.388    -0.019
-329.460    359.496    -0.019
-330.473    360.602    -0.019
-331.487    361.708    -0.019
-332.504    362.812    -0.019
-333.508    363.927    -0.019
-334.527    365.029    -0.019
-335.548    366.128    -0.019
-336.569    367.227    -0.019
-337.590    368.327    -0.020
-338.603    369.434    -0.020
-339.618    370.539    -0.020
-340.661    371.618    -0.020
-341.703    372.697    -0.020
-342.746    373.776    -0.020
-343.789    374.855    -0.020
-344.847    375.920    -0.020
-345.930    376.958    -0.021
-347.018    377.991    -0.021
-348.109    379.022    -0.021
-349.233    380.016    -0.021
-350.358    381.009    -0.021
-351.500    381.982    -0.021
-352.654    382.941    -0.021
-353.809    383.899    -0.021
-354.963    384.857    -0.022
-356.128    385.804    -0.022
-357.318    386.718    -0.022
-358.538    387.591    -0.022
-359.759    388.464    -0.022
-360.980    389.336    -0.022
-362.211    390.192    -0.022
-363.457    391.029    -0.022
-364.715    391.847    -0.022
-366.003    392.616    -0.023
-367.292    393.385    -0.023
-368.580    394.155    -0.023
-369.872    394.917    -0.023
-371.169    395.671    -0.023
-372.492    396.381    -0.023
-373.814    397.090    -0.023
-375.136    397.800    -0.023
-376.468    398.490    -0.024
-377.811    399.159    -0.024
-379.168    399.799    -0.024
-380.532    400.427    -0.024
-381.894    401.054    -0.024
-383.263    401.669    -0.024
-384.641    402.265    -0.024
-386.038    402.810    -0.024
-387.440    403.346    -0.025
-388.842    403.881    -0.025
-390.250    404.400    -0.025
-391.672    404.879    -0.025
-393.098    405.346    -0.025
-394.536    405.774    -0.025
-395.974    406.201    -0.025
-397.412    406.628    -0.025
-398.855    407.043    -0.025
-400.304    407.430    -0.026
-401.762    407.789    -0.026
-403.219    408.146    -0.026
-404.676    408.503    -0.026
-406.139    408.840    -0.026
-407.609    409.140    -0.026
-409.084    409.415    -0.026
-410.562    409.673    -0.026
-412.040    409.930    -0.027
-413.523    410.160    -0.027
-415.010    410.366    -0.027
-416.497    410.560    -0.027
-417.988    410.731    -0.027
-419.479    410.901    -0.027
-420.969    411.071    -0.027
-422.465    411.198    -0.027
-423.958    411.346    -0.027
-425.455    411.449    -0.027
-426.952    411.543    -0.028
-428.451    411.629    -0.028
-429.950    411.678    -0.028
-431.450    411.714    -0.028
-432.951    411.709    -0.028
-434.451    411.689    -0.028
-435.952    411.670    -0.028
-437.451    411.614    -0.028
-438.948    411.512    -0.028
-440.445    411.406    -0.029
-441.941    411.292    -0.029
-443.435    411.164    -0.029
-444.930    411.036    -0.029
-446.424    410.884    -0.029
-447.915    410.719    -0.029
-449.405    410.542    -0.029
-450.889    410.323    -0.029
-452.374    410.105    -0.029
-453.858    409.883    -0.029
-455.340    409.643    -0.029
-456.821    409.403    -0.030
-458.301    409.158    -0.030
-459.781    408.907    -0.030
-461.260    408.656    -0.030
-462.739    408.401    -0.030
-464.217    408.145    -0.030
-465.696    407.888    -0.030
-467.175    407.638    -0.030
-468.655    407.388    -0.030
-470.134    407.136    -0.030
-471.612    406.878    -0.030
-473.090    406.620    -0.031
-474.569    406.369    -0.031
-476.049    406.120    -0.031
-477.529    405.872    -0.031
-479.008    405.618    -0.031
-480.486    405.362    -0.031
-481.965    405.106    -0.031
-483.445    404.859    -0.031
-484.925    404.611    -0.031
-486.405    404.362    -0.031
-487.885    404.114    -0.031
-489.364    403.866    -0.032
-490.843    403.612    -0.032
-492.322    403.355    -0.032
-493.800    403.098    -0.032
-495.279    402.845    -0.032
-496.759    402.597    -0.032
-498.239    402.347    -0.032
-499.718    402.099    -0.032
-501.199    401.850    -0.032
-502.679    401.605    -0.032
-504.160    401.361    -0.033
-505.640    401.117    -0.033
-507.121    400.873    -0.033
-508.601    400.629    -0.033
-510.082    400.385    -0.033
-511.565    400.157    -0.033
-513.048    399.929    -0.033
-514.531    399.701    -0.033
-516.015    399.473    -0.033
-517.498    399.244    -0.034
-518.982    399.029    -0.034
-520.469    398.827    -0.034
-521.956    398.624    -0.034
-523.443    398.421    -0.034
-524.929    398.218    -0.034
-526.417    398.016    -0.034
-527.905    397.833    -0.034
-529.395    397.650    -0.034
-530.886    397.480    -0.034
-532.379    397.326    -0.035
-533.870    397.171    -0.035
-535.363    397.016    -0.035
-536.857    396.864    -0.035
-538.349    396.712    -0.035
-539.844    396.589    -0.035
-541.340    396.466    -0.035
-542.836    396.347    -0.035
-544.333    396.244    -0.036
-545.830    396.142    -0.036
-547.328    396.060    -0.036
-548.827    395.988    -0.036
-550.326    395.915    -0.036
-551.825    395.865    -0.036
-553.326    395.830    -0.036
-554.826    395.812    -0.036
-556.327    395.799    -0.037
-557.827    395.786    -0.037
-559.328    395.776    -0.037
-560.828    395.777    -0.037
-562.328    395.817    -0.037
-563.828    395.861    -0.037
-565.328    395.907    -0.037
-566.828    395.952    -0.037
-568.326    396.031    -0.038
-569.825    396.111    -0.038
-571.322    396.203    -0.038
-572.816    396.337    -0.038
-574.312    396.471    -0.038
-575.805    396.614    -0.038
-577.296    396.782    -0.038
-578.784    396.967    -0.039
-580.271    397.171    -0.039
-581.757    397.383    -0.039
-583.242    397.596    -0.039
-584.722    397.841    -0.039
-586.201    398.093    -0.039
-587.675    398.376    -0.040
-589.144    398.681    -0.040
-590.613    398.986    -0.040
-592.080    399.303    -0.040
-593.537    399.659    -0.040
-594.993    400.022    -0.040
-596.448    400.391    -0.040
-597.897    400.780    -0.041
-599.343    401.180    -0.041
-600.782    401.605    -0.041
-602.205    402.082    -0.041
-603.635    402.538    -0.041
-605.075    402.959    -0.041
-606.509    403.397    -0.042
-607.927    403.890    -0.042
-609.344    404.383    -0.042
-610.746    404.917    -0.042
-612.129    405.498    -0.042
-613.512    406.080    -0.042
-614.875    406.708    -0.043
-616.229    407.353    -0.043
-617.584    407.998    -0.043
-618.923    408.674    -0.043
-620.255    409.366    -0.043
-621.587    410.058    -0.043
-622.910    410.764    -0.044
-624.230    411.478    -0.044
-625.548    412.196    -0.044
-626.854    412.934    -0.044
-628.141    413.707    -0.044
-629.411    414.505    -0.045
-630.661    415.335    -0.045
-631.892    416.193    -0.045
-633.103    417.079    -0.045
-634.293    417.994    -0.045
-635.344    418.890    -0.045
-636.471    419.880    -0.046
-637.604    420.865    -0.046
-638.740    421.844    -0.046
-639.858    422.845    -0.046
-640.962    423.860    -0.046
-642.035    424.910    -0.046
-643.107    425.960    -0.047
-644.162    427.027    -0.047
-645.203    428.108    -0.047
-646.212    429.217    -0.047
-647.212    430.335    -0.047
-648.168    431.493    -0.048
-649.123    432.651    -0.048
-650.080    433.807    -0.048
-651.016    434.979    -0.048
-651.930    436.169    -0.048
-652.839    437.363    -0.048
-653.702    438.590    -0.049
-654.559    439.822    -0.049
-655.413    441.056    -0.049
-656.246    442.304    -0.049
-657.062    443.563    -0.049
-657.846    444.842    -0.049
-658.607    446.135    -0.050
-659.367    447.429    -0.050
-660.094    448.742    -0.050
-660.792    450.070    -0.050
-661.486    451.400    -0.050
-662.128    452.757    -0.050
-662.766    454.114    -0.051
-663.395    455.477    -0.051
-663.994    456.853    -0.051
-664.572    458.237    -0.051
-665.128    459.631    -0.051
-665.649    461.039    -0.051
-666.170    462.446    -0.052
-666.662    463.863    -0.052
-667.124    465.290    -0.052
-667.566    466.725    -0.052
-667.967    468.170    -0.052
-668.370    469.615    -0.052
-668.743    471.069    -0.052
-669.086    472.530    -0.053
-669.413    473.994    -0.053
-669.719    475.463    -0.053
-670.020    476.933    -0.053
-670.320    478.404    -0.053
-670.575    479.882    -0.053
-670.827    481.362    -0.053
-671.079    482.841    -0.054
-671.265    484.329    -0.054
-671.431    485.821    -0.054
-671.544    487.316    -0.054
-671.626    488.815    -0.054
-671.708    490.313    -0.054
-671.733    491.813    -0.054
-671.751    493.314    -0.054
-671.768    494.814    -0.055
-671.729    496.314    -0.055
-671.689    497.814    -0.055
-671.632    499.313    -0.055
-671.538    500.811    -0.055
-671.445    502.308    -0.055
-671.314    503.802    -0.055
-671.150    505.294    -0.055
-670.978    506.784    -0.055
-670.753    508.268    -0.056
-670.528    509.752    -0.056
-670.289    511.233    -0.056
-670.013    512.708    -0.056
-669.735    514.183    -0.056
-669.459    515.658    -0.056
-669.169    517.129    -0.056
-668.818    518.588    -0.056
-668.417    520.034    -0.056
-668.011    521.478    -0.056
-667.565    522.911    -0.056
-667.102    524.339    -0.056
-666.638    525.765    -0.057
-666.143    527.182    -0.057
-665.608    528.584    -0.057
-665.054    529.978    -0.057
-664.454    531.354    -0.057
-663.848    532.726    -0.057
-663.239    534.097    -0.057
-662.591    535.451    -0.057
-661.931    536.799    -0.057
-661.224    538.122    -0.057
-660.512    539.443    -0.057
-659.809    540.769    -0.057
-659.096    542.088    -0.057
-658.391    543.413    -0.057
-657.668    544.727    -0.057
-656.925    546.031    -0.057
-656.165    547.325    -0.057
-655.373    548.599    -0.057
-654.544    549.849    -0.057
-653.665    551.066    -0.057
-652.756    552.260    -0.057
-651.822    553.433    -0.057
-650.872    554.596    -0.057
-649.924    555.758    -0.057
-648.960    556.908    -0.057
-647.964    558.031    -0.057
-646.953    559.139    -0.057
-645.920    560.227    -0.057
-644.883    561.313    -0.057
-643.847    562.398    -0.057
-642.782    563.455    -0.057
-641.690    564.484    -0.057
-640.591    565.505    -0.057
-639.469    566.501    -0.057
-638.346    567.497    -0.057
-637.210    568.477    -0.057
-636.048    569.426    -0.057
-634.874    570.360    -0.057
-633.674    571.261    -0.057
-632.464    572.149    -0.057
-631.253    573.035    -0.057
-630.015    573.882    -0.057
-628.770    574.720    -0.057
-627.504    575.527    -0.057
-626.238    576.331    -0.057
-624.971    577.135    -0.057
-623.704    577.938    -0.057
-622.426    578.726    -0.057
-621.133    579.486    -0.057
-619.821    580.214    -0.057
-618.477    580.882    -0.056
-617.125    581.531    -0.056
-615.755    582.144    -0.056
-614.375    582.732    -0.056
-612.990    583.311    -0.056
-611.599    583.875    -0.056
-610.201    584.417    -0.056
-608.796    584.943    -0.056
-607.388    585.464    -0.056
-605.967    585.943    -0.056
-604.535    586.393    -0.056
-603.100    586.831    -0.056
-601.664    587.269    -0.055
-600.212    587.643    -0.055
-598.754    587.997    -0.055
-597.295    588.351    -0.055
-595.830    588.671    -0.055
-594.363    588.988    -0.055
-592.893    589.288    -0.055
-591.413    589.537    -0.055
-589.931    589.772    -0.055
-588.444    589.969    -0.054
-586.954    590.152    -0.054
-585.465    590.335    -0.054
-583.972    590.482    -0.054
-582.476    590.604    -0.054
-580.979    590.697    -0.054
-579.480    590.758    -0.054
-577.980    590.813    -0.054
-576.481    590.869    -0.053
-574.980    590.862    -0.053
-573.480    590.834    -0.053
-571.979    590.799    -0.053
-570.481    590.720    -0.053
-568.983    590.631    -0.053
-567.486    590.536    -0.053
-565.990    590.424    -0.053
-564.498    590.263    -0.052
-563.012    590.057    -0.052
-561.527    589.841    -0.052
-560.043    589.623    -0.052
-558.563    589.372    -0.052
-557.088    589.097    -0.052
-555.621    588.785    -0.051
-554.156    588.455    -0.051
-552.693    588.125    -0.051
-551.231    587.788    -0.051
-549.781    587.399    -0.051
-548.334    587.004    -0.051
-546.895    586.578    -0.050
-545.468    586.115    -0.050
-544.040    585.651    -0.050
-542.616    585.182    -0.050
-541.197    584.691    -0.050
-539.790    584.171    -0.050
-538.390    583.632    -0.049
-537.000    583.067    -0.049
-535.610    582.502    -0.049
-534.228    581.919    -0.049
-532.855    581.313    -0.049
-531.492    580.684    -0.049
-530.137    580.040    -0.048
-528.786    579.385    -0.048
-527.437    578.730    -0.048
-526.094    578.060    -0.048
-524.762    577.368    -0.048
-523.439    576.663    -0.048
-522.124    575.939    -0.047
-520.823    575.192    -0.047
-519.522    574.443    -0.047
-518.226    573.687    -0.047
-516.935    572.923    -0.047
-515.658    572.135    -0.047
-514.390    571.331    -0.046
-513.131    570.516    -0.046
-511.872    569.701    -0.046
-510.621    568.871    -0.046
-509.379    568.029    -0.046
-508.138    567.186    -0.046
-506.919    566.311    -0.045
-505.702    565.433    -0.045
-504.486    564.553    -0.045
-503.281    563.658    -0.045
-502.077    562.763    -0.045
-500.886    561.851    -0.044
-499.707    560.923    -0.044
-498.527    559.996    -0.044
-497.361    559.052    -0.044
-496.202    558.099    -0.044
-495.041    557.147    -0.044
-493.898    556.176    -0.043
-492.755    555.203    -0.043
-491.612    554.231    -0.043
-490.476    553.251    -0.043
-489.337    552.274    -0.043
-488.227    551.264    -0.043
-487.119    550.253    -0.042
-486.011    549.241    -0.042
-484.919    548.211    -0.042
-483.831    547.179    -0.042
-482.742    546.145    -0.042
-481.659    545.108    -0.042
-480.594    544.050    -0.041
-479.530    542.992    -0.041
-478.465    541.935    -0.041
-477.409    540.869    -0.041
-476.358    539.798    -0.041
-475.319    538.716    -0.041
-474.286    537.627    -0.040
-473.252    536.539    -0.040
-472.219    535.451    -0.040
-471.189    534.360    -0.040
-470.160    533.268    -0.040
-469.156    532.154    -0.040
-468.152    531.038    -0.039
-467.131    529.938    -0.039
-466.109    528.839    -0.039
-465.085    527.743    -0.039
-464.061    526.646    -0.039
-463.037    525.549    -0.039
-462.013    524.452    -0.038
-460.991    523.354    -0.038
-459.973    522.252    -0.038
-458.955    521.149    -0.038
-457.937    520.047    -0.038
-456.919    518.943    -0.038
-455.901    517.841    -0.037
-454.886    516.736    -0.037
-453.876    515.627    -0.037
-452.866    514.518    -0.037
-451.855    513.408    -0.037
-450.844    512.299    -0.037
-449.833    511.190    -0.036
-448.818    510.085    -0.036
-447.803    508.979    -0.036
-446.789    507.874    -0.036
-445.774    506.769    -0.036
-444.759    505.664    -0.036
-443.746    504.556    -0.035
-442.733    503.449    -0.035
-441.720    502.342    -0.035
-440.708    501.235    -0.035
-439.695    500.128    -0.035
-438.685    499.018    -0.035
-437.675    497.908    -0.034
-436.666    496.798    -0.034
-435.656    495.688    -0.034
-434.646    494.578    -0.034
-433.635    493.469    -0.034
-432.621    492.364    -0.034
-431.606    491.258    -0.034
-430.591    490.152    -0.033
-429.577    489.046    -0.033
-428.563    487.941    -0.033
-427.548    486.836    -0.033
-426.534    485.730    -0.033
-425.519    484.624    -0.033
-424.503    483.519    -0.032
-423.489    482.414    -0.032
-422.474    481.309    -0.032
-421.462    480.200    -0.032
-420.450    479.093    -0.032
-419.437    477.986    -0.032
-418.425    476.879    -0.032
-417.411    475.771    -0.031
-416.397    474.665    -0.031
-415.383    473.560    -0.031
-414.369    472.454    -0.031
-413.354    471.349    -0.031
-412.340    470.243    -0.031
-411.325    469.137    -0.031
-410.311    468.031    -0.030
-409.298    466.924    -0.030
-408.285    465.816    -0.030
-407.272    464.710    -0.030
-406.259    463.603    -0.030
-405.246    462.497    -0.030
-404.231    461.391    -0.030
-403.216    460.285    -0.029
-402.202    459.179    -0.029
-401.188    458.074    -0.029
-400.174    456.968    -0.029
-399.161    455.860    -0.029
-398.149    454.752    -0.029
-397.136    453.645    -0.029
-396.123    452.538    -0.028
-395.110    451.430    -0.028
-394.097    450.324    -0.028
-393.084    449.218    -0.028
-392.070    448.112    -0.028
-391.056    447.005    -0.028
-390.042    445.898    -0.028
-389.029    444.792    -0.027
-388.017    443.684    -0.027
-387.004    442.577    -0.027
-385.992    441.469    -0.027
-384.979    440.362    -0.027
-383.966    439.255    -0.027
-382.952    438.149    -0.027
-381.938    437.043    -0.026
-380.924    435.937    -0.026
-379.910    434.831    -0.026
-378.896    433.725    -0.026
-377.882    432.619    -0.026
-376.867    431.512    -0.026
-375.853    430.407    -0.026
-374.839    429.301    -0.025
-373.825    428.196    -0.025
-372.811    427.089    -0.025
-371.798    425.982    -0.025
-370.783    424.876    -0.025
-369.770    423.770    -0.025
-368.756    422.664    -0.025
-367.743    421.557    -0.025
-366.730    420.449    -0.024
-365.719    419.341    -0.024
-364.707    418.234    -0.024
-363.694    417.125    -0.024
-362.683    416.017    -0.024
-361.671    414.910    -0.024
-360.655    413.805    -0.024
-359.639    412.702    -0.024
-358.623    411.597    -0.023
-357.607    410.492    -0.023
-356.590    409.389    -0.023
-355.576    408.283    -0.023
-354.565    407.173    -0.023
-353.554    406.065    -0.023
-352.543    404.957    -0.023
-351.531    403.849    -0.023
-350.519    402.740    -0.022
-349.505    401.634    -0.022
-348.491    400.528    -0.022
-347.477    399.422    -0.022
-346.463    398.317    -0.022
-345.449    397.210    -0.022
-344.436    396.103    -0.022
-343.424    394.995    -0.022
-342.412    393.887    -0.021
-341.401    392.778    -0.021
-340.389    391.670    -0.021
-339.377    390.563    -0.021
-338.361    389.459    -0.021
-337.344    388.354    -0.021
-336.328    387.250    -0.021
-335.312    386.146    -0.021
-334.296    385.043    -0.020
-333.281    383.938    -0.020
-332.266    382.831    -0.020
-331.252    381.726    -0.020
-330.238    380.620    -0.020
-329.222    379.515    -0.020
-328.208    378.410    -0.020
-327.193    377.304    -0.020
-326.178    376.199    -0.019
-325.163    375.094    -0.019
-324.148    373.989    -0.019
-323.133    372.883    -0.019
-322.120    371.776    -0.019
-321.108    370.669    -0.019
-320.096    369.561    -0.019
-319.084    368.453    -0.019
-318.072    367.344    -0.019
-317.059    366.238    -0.018
-316.042    365.134    -0.018
-315.026    364.030    -0.018
-314.011    362.925    -0.018
-312.995    361.821    -0.018
-311.979    360.717    -0.018
-310.965    359.611    -0.018
-309.951    358.505    -0.018
-308.936    357.399    -0.018
-307.921    356.293    -0.017
-306.907    355.188    -0.017
-305.894    354.081    -0.017
-304.882    352.973    -0.017
-303.870    351.865    -0.017
-302.858    350.758    -0.017
-301.844    349.651    -0.017
-300.831    348.543    -0.017
-299.818    347.437    -0.017
-298.804    346.331    -0.016
-297.790    345.225    -0.016
-296.776    344.119    -0.016
-295.762    343.012    -0.016
-294.748    341.906    -0.016
-293.735    340.800    -0.016
-292.721    339.694    -0.016
-291.707    338.587    -0.016
-290.694    337.481    -0.016
-289.681    336.373    -0.015
-288.668    335.266    -0.015
-287.655    334.159    -0.015
-286.643    333.051    -0.015
-285.630    331.944    -0.015
-284.617    330.837    -0.015
-283.605    329.731    -0.015
-282.591    328.623    -0.015
-281.577    327.516    -0.015
-280.564    326.410    -0.015
-279.551    325.303    -0.014
-278.536    324.198    -0.014
-277.521    323.093    -0.014
-276.506    321.988    -0.014
-275.489    320.884    -0.014
-274.474    319.780    -0.014
-273.460    318.672    -0.014
-272.447    317.566    -0.014
-271.434    316.459    -0.014
-270.421    315.353    -0.014
-269.408    314.245    -0.013
-268.395    313.138    -0.013
-267.384    312.029    -0.013
-266.373    310.921    -0.013
-265.362    309.811    -0.013
-264.351    308.703    -0.013
-263.339    307.595    -0.013
-262.324    306.490    -0.013
-261.309    305.384    -0.013
-260.295    304.278    -0.013
-259.280    303.173    -0.012
-258.265    302.068    -0.012
-257.250    300.963    -0.012
-256.235    299.857    -0.012
-255.219    298.752    -0.012
-254.207    297.645    -0.012
-253.195    296.538    -0.012
-252.183    295.430    -0.012
-251.171    294.321    -0.012
-250.160    293.213    -0.012
-249.148    292.106    -0.012
-248.134    290.998    -0.011
-247.122    289.890    -0.011
-246.110    288.783    -0.011
-245.098    287.676    -0.011
-244.085    286.568    -0.011
-243.072    285.461    -0.011
-242.056    284.356    -0.011
-241.042    283.251    -0.011
-240.027    282.146    -0.011
-239.012    281.041    -0.011
-237.997    279.935    -0.011
-236.984    278.828    -0.011
-235.971    277.722    -0.010
-234.956    276.616    -0.010
-233.943    275.508    -0.010
-232.930    274.402    -0.010
-231.917    273.295    -0.010
-230.904    272.188    -0.010
-229.891    271.080    -0.010
-228.879    269.973    -0.010
-227.865    268.867    -0.010
-226.852    267.760    -0.010
-225.837    266.655    -0.010
-224.822    265.549    -0.010
-223.808    264.444    -0.009
-222.793    263.339    -0.009
-221.777    262.234    -0.009
-220.762    261.128    -0.009
-219.748    260.022    -0.009
-218.734    258.916    -0.009
-217.721    257.810    -0.009
-216.707    256.705    -0.009
-215.693    255.598    -0.009
-214.678    254.491    -0.009
-213.665    253.385    -0.009
-212.652    252.279    -0.009
-211.638    251.172    -0.008
-210.624    250.066    -0.008
-209.611    248.959    -0.008
-208.598    247.852    -0.008
-207.585    246.745    -0.008
-206.572    245.637    -0.008
-205.559    244.531    -0.008
-204.546    243.425    -0.008
-203.532    242.319    -0.008
-202.518    241.212    -0.008
-201.504    240.106    -0.008
-200.489    239.001    -0.008
-199.475    237.895    -0.008
-198.461    236.788    -0.007
-197.447    235.682    -0.007
-196.433    234.577    -0.007
-195.419    233.471    -0.007
-194.403    232.366    -0.007
-193.389    231.259    -0.007
-192.375    230.153    -0.007
-191.361    229.047    -0.007
-190.347    227.942    -0.007
-189.333    226.835    -0.007
-188.319    225.729    -0.007
-187.306    224.622    -0.007
-186.294    223.515    -0.007
-185.281    222.408    -0.007
-184.268    221.300    -0.007
-183.256    220.193    -0.006
-182.242    219.087    -0.006
-181.227    217.982    -0.006
-180.212    216.876    -0.006
-179.197    215.771    -0.006
-178.182    214.666    -0.006
-177.167    213.560    -0.006
-176.155    212.453    -0.006
-175.143    211.345    -0.006
-174.129    210.238    -0.006
-173.117    209.131    -0.006
-172.104    208.024    -0.006
-171.090    206.917    -0.006
-170.073    205.814    -0.006
-169.057    204.710    -0.006
-168.040    203.607    -0.005
-167.023    202.504    -0.005
-166.006    201.400    -0.005
-164.994    200.292    -0.005
-163.983    199.183    -0.005
-162.972    198.075    -0.005
-161.961    196.965    -0.005
-160.950    195.857    -0.005
-159.938    194.748    -0.005
-158.925    193.642    -0.005
-157.912    192.534    -0.005
-156.899    191.427    -0.005
-155.886    190.321    -0.005
-154.873    189.215    -0.005
-153.859    188.108    -0.005
-152.847    186.999    -0.005
-151.834    185.892    -0.005
-150.822    184.785    -0.004
-149.809    183.678    -0.004
-148.796    182.571    -0.004
-147.783    181.464    -0.004
-146.770    180.357    -0.004
-145.756    179.251    -0.004
-144.743    178.143    -0.004
-143.730    177.037    -0.004
-142.717    175.930    -0.004
-141.705    174.822    -0.004
-140.692    173.714    -0.004
-139.679    172.607    -0.004
-138.667    171.500    -0.004
-137.655    170.392    -0.004
-136.640    169.288    -0.004
-135.625    168.182    -0.004
-134.610    167.077    -0.004
-133.594    165.972    -0.004
-132.579    164.867    -0.004
-131.567    163.759    -0.003
-130.555    162.651    -0.003
-129.544    161.542    -0.003
-128.533    160.434    -0.003
-127.521    159.325    -0.003
-126.508    158.217    -0.003
-125.497    157.110    -0.003
-124.485    156.002    -0.003
-123.473    154.895    -0.003
-122.461    153.786    -0.003
-121.449    152.679    -0.003
-120.433    151.574    -0.003
-119.418    150.469    -0.003
-118.403    149.362    -0.003
-117.389    148.257    -0.003
-116.374    147.152    -0.003
-115.360    146.047    -0.003
-114.347    144.940    -0.003
-113.332    143.833    -0.003
-112.318    142.727    -0.003
-111.305    141.621    -0.003
-110.292    140.514    -0.003
-109.279    139.406    -0.002
-108.267    138.299    -0.002
-107.254    137.192    -0.002
-106.241    136.084    -0.002
-105.229    134.976    -0.002
-104.216    133.869    -0.002
-103.203    132.763    -0.002
-102.191    131.656    -0.002
-101.178    130.549    -0.002
-100.164    129.441    -0.002
-99.151    128.334    -0.002
-98.137    127.229    -0.002
-97.123    126.123    -0.002
-96.108    125.018    -0.002
-95.093    123.913    -0.002
-94.078    122.808    -0.002
-93.064    121.701    -0.002
-92.053    120.592    -0.002
-91.041    119.484    -0.002
-90.030    118.376    -0.002
-89.018    117.268    -0.002
-88.007    116.159    -0.002
-86.996    115.049    -0.002
-85.985    113.940    -0.002
-84.975    112.832    -0.002
-83.964    111.723    -0.002
-82.953    110.614    -0.002
-81.939    109.508    -0.001
-80.923    108.403    -0.001
-79.909    107.297    -0.001
-78.894    106.191    -0.001
-77.880    105.086    -0.001
-76.866    103.980    -0.001
-75.852    102.874    -0.001
-74.838    101.767    -0.001
-73.824    100.661    -0.001
-72.810    99.555    -0.001
-71.797    98.448    -0.001
-70.785    97.341    -0.001
-69.773    96.232    -0.001
-68.761    95.125    -0.001
-67.749    94.017    -0.001
-66.735    92.911    -0.001
-65.721    91.804    -0.001
-64.707    90.698    -0.001
-63.693    89.593    -0.001
-62.678    88.487    -0.001
-61.664    87.382    -0.001
-60.649    86.275    -0.001
-59.635    85.169    -0.001
-58.621    84.064    -0.001
-57.606    82.958    -0.001
-56.592    81.852    -0.001
-55.577    80.747    -0.001
-54.562    79.642    -0.001
-53.546    78.537    -0.001
-52.531    77.433    -0.001
-51.516    76.327    -0.001
-50.499    75.224    -0.001
-49.481    74.122    -0.001
-48.464    73.019    -0.001
-47.447    71.915    -0.001
-46.429    70.812    -0.001
-45.414    69.707    -0.001
-44.401    68.601    -0.001
-43.387    67.494    -0.001
-42.374    66.387    -0.000
-41.361    65.280    -0.000
-40.347    64.174    -0.000
-39.332    63.070    -0.000
-38.316    61.964    -0.000
-37.301    60.859    -0.000
-36.285    59.755    -0.000
-35.270    58.650    -0.000
-34.256    57.545    -0.000
-33.242    56.438    -0.000
-32.227    55.332    -0.000
-31.213    54.226    -0.000
-30.199    53.121    -0.000
-29.185    52.015    -0.000
-28.171    50.908    -0.000
-27.157    49.802    -0.000
-26.143    48.697    -0.000
-25.128    47.591    -0.000
-24.114    46.484    -0.000
-23.100    45.379    -0.000
-22.085    44.273    -0.000
-21.071    43.168    -0.000
-20.057    42.061    -0.000
-19.043    40.956    -0.000
-18.028    39.850    -0.000
-17.014    38.744    -0.000
-16.000    37.638    -0.000
-14.986    36.532    -0.000
-13.971    35.427    -0.000
-12.957    34.321    -0.000
-11.943    33.216    -0.000
-10.928    32.109    -0.000
-9.914    31.003    -0.000
-8.900    29.897    -0.000
-7.886    28.792    -0.000
-6.873    27.685    -0.000
-5.861    26.576    -0.000
-4.850    25.468    -0.000
-3.837    24.360    -0.000
-2.826    23.252    -0.000
-1.814    22.143    -0.000
-0.800    21.038    -0.000
0.215    19.933    -0.000
1.230    18.828    -0.000
2.246    17.722    -0.000
3.261    16.617    -0.000
4.275    15.512    -0.000
5.285    14.402    -0.000
6.295    13.293    -0.000
7.305    12.182    -0.000
8.316    11.073    -0.000
9.326    9.964    -0.000
10.340    8.858    -0.000
11.354    7.751    -0.000
12.367    6.645    -0.000
13.381    5.539    -0.000
14.395    4.434    -0.000
15.410    3.327    -0.000
16.423    2.220    -0.000
17.436    1.113    -0.000
18.448    0.006    -0.000
19.461    -1.101    -0.000
20.474    -2.208    -0.000
21.487    -3.316    -0.000
22.500    -4.423    -0.000
23.512    -5.530    -0.000
24.525    -6.638    -0.000
25.538    -7.745    -0.000
26.551    -8.851    -0.000
27.566    -9.956    -0.000
28.581    -11.063    -0.000
29.595    -12.168    -0.000
30.610    -13.273    -0.000
31.624    -14.379    -0.000
32.638    -15.485    -0.000
33.651    -16.592    -0.000
34.665    -17.698    -0.000
35.680    -18.804    -0.000
36.693    -19.910    -0.000
37.707    -21.018    -0.000
38.719    -22.125    -0.000
39.731    -23.232    -0.000
40.743    -24.340    -0.000
41.756    -25.448    -0.000
42.769    -26.555    -0.000
43.783    -27.661    -0.000
44.797    -28.766    -0.000
45.811    -29.872    -0.000
46.825    -30.979    -0.000
47.839    -32.085    -0.000
48.853    -33.191    -0.000
49.867    -34.297    -0.000
50.881    -35.404    -0.000
51.894    -36.510    -0.000
52.908    -37.616    -0.000
53.922    -38.722    -0.000
54.935    -39.828    -0.000
55.950    -40.936    -0.000
56.963    -42.042    -0.000
57.976    -43.148    -0.000
58.990    -44.255    -0.000
60.003    -45.362    -0.000
61.015    -46.469    -0.000
62.029    -47.576    -0.000
63.043    -48.682    -0.000
64.056    -49.790    -0.001
65.069    -50.896    -0.001
66.081    -52.004    -0.001
67.093    -53.111    -0.001
68.105    -54.219    -0.001
69.119    -55.327    -0.001
70.131    -56.434    -0.001
71.143    -57.541    -0.001
72.156    -58.649    -0.001
73.168    -59.757    -0.001
74.180    -60.864    -0.001
75.193    -61.971    -0.001
76.208    -63.076    -0.001
77.223    -64.182    -0.001
78.238    -65.287    -0.001
79.254    -66.392    -0.001
80.269    -67.496    -0.001
81.283    -68.602    -0.001
82.297    -69.710    -0.001
83.310    -70.816    -0.001
84.323    -71.922    -0.001
85.337    -73.029    -0.001
86.350    -74.136    -0.001
87.364    -75.241    -0.001
88.379    -76.347    -0.001
89.394    -77.452    -0.001
90.409    -78.557    -0.001
91.424    -79.663    -0.001
92.438    -80.769    -0.001
93.452    -81.875    -0.001
94.466    -82.980    -0.001
95.480    -84.087    -0.001
96.495    -85.193    -0.001
97.509    -86.298    -0.001
98.523    -87.404    -0.001
99.536    -88.511    -0.001
100.550    -89.617    -0.001
101.564    -90.723    -0.001
102.578    -91.829    -0.001
103.591    -92.936    -0.002
104.603    -94.045    -0.002
105.615    -95.152    -0.002
106.627    -96.260    -0.002
107.640    -97.367    -0.002
108.652    -98.475    -0.002
109.667    -99.581    -0.002
110.680    -100.688    -0.002
111.694    -101.793    -0.002
112.708    -102.900    -0.002
113.722    -104.006    -0.002
114.736    -105.112    -0.002
115.750    -106.217    -0.002
116.766    -107.322    -0.002
117.780    -108.429    -0.002
118.795    -109.534    -0.002
119.809    -110.639    -0.002
120.824    -111.744    -0.002
121.839    -112.849    -0.002
122.854    -113.955    -0.002
123.870    -115.060    -0.002
124.884    -116.166    -0.002
125.896    -117.273    -0.002
126.908    -118.382    -0.002
127.920    -119.489    -0.002
128.933    -120.596    -0.002
129.945    -121.703    -0.002
130.959    -122.811    -0.003
131.972    -123.917    -0.003
132.985    -125.024    -0.003
133.999    -126.130    -0.003
135.012    -127.237    -0.003
136.025    -128.344    -0.003
137.039    -129.451    -0.003
138.052    -130.558    -0.003
139.064    -131.665    -0.003
140.077    -132.773    -0.003
141.090    -133.879    -0.003
142.103    -134.986    -0.003
143.117    -136.092    -0.003
144.131    -137.200    -0.003
145.144    -138.306    -0.003
146.157    -139.412    -0.003
147.171    -140.518    -0.003
148.186    -141.623    -0.003
149.200    -142.730    -0.003
150.215    -143.835    -0.003
151.231    -144.940    -0.003
152.246    -146.045    -0.003
153.257    -147.154    -0.004
154.267    -148.263    -0.004
155.277    -149.372    -0.004
156.288    -150.481    -0.004
157.299    -151.591    -0.004
158.310    -152.700    -0.004
159.326    -153.804    -0.004
160.343    -154.907    -0.004
161.360    -156.010    -0.004
162.377    -157.114    -0.004
163.394    -158.217    -0.004
164.408    -159.323    -0.004
165.420    -160.431    -0.004
166.432    -161.539    -0.004
167.445    -162.646    -0.004
168.457    -163.753    -0.004
169.470    -164.861    -0.004
170.483    -165.969    -0.004
171.495    -167.077    -0.004
172.507    -168.184    -0.005
173.519    -169.292    -0.005
174.531    -170.399    -0.005
175.544    -171.507    -0.005
176.557    -172.614    -0.005
177.571    -173.720    -0.005
178.584    -174.827    -0.005
179.597    -175.935    -0.005
180.610    -177.041    -0.005
181.625    -178.146    -0.005
182.640    -179.250    -0.005
183.655    -180.356    -0.005
184.672    -181.461    -0.005
185.687    -182.565    -0.005
186.699    -183.672    -0.005
187.711    -184.781    -0.005
188.722    -185.890    -0.006
189.733    -186.998    -0.006
190.746    -188.106    -0.006
191.757    -189.214    -0.006
192.772    -190.320    -0.006
193.787    -191.425    -0.006
194.801    -192.530    -0.006
195.816    -193.635    -0.006
196.831    -194.740    -0.006
197.844    -195.848    -0.006
198.856    -196.957    -0.006
199.867    -198.065    -0.006
200.878    -199.173    -0.006
201.890    -200.281    -0.006
202.904    -201.387    -0.006
203.920    -202.492    -0.006
204.935    -203.597    -0.007
205.949    -204.703    -0.007
206.964    -205.808    -0.007
207.978    -206.914    -0.007
208.989    -208.023    -0.007
210.000    -209.132    -0.007
211.012    -210.241    -0.007
212.023    -211.349    -0.007
213.034    -212.457    -0.007
214.049    -213.563    -0.007
215.064    -214.668    -0.007
216.080    -215.772    -0.007
217.095    -216.876    -0.007
218.112    -217.981    -0.007
219.128    -219.086    -0.008
220.142    -220.191    -0.008
221.157    -221.297    -0.008
222.172    -222.401    -0.008
223.186    -223.506    -0.008
224.201    -224.612    -0.008
225.214    -225.720    -0.008
226.224    -226.829    -0.008
227.235    -227.938    -0.008
228.245    -229.048    -0.008
229.256    -230.157    -0.008
230.267    -231.265    -0.008
231.283    -232.370    -0.008
232.297    -233.477    -0.009
233.311    -234.582    -0.009
234.325    -235.688    -0.009
235.340    -236.793    -0.009
236.355    -237.898    -0.009
237.371    -239.003    -0.009
238.387    -240.107    -0.009
239.403    -241.211    -0.009
240.419    -242.315    -0.009
241.435    -243.421    -0.009
242.449    -244.526    -0.009
243.462    -245.632    -0.009
244.477    -246.738    -0.009
245.492    -247.844    -0.010
246.506    -248.950    -0.010
247.519    -250.057    -0.010
248.531    -251.164    -0.010
249.544    -252.270    -0.010
250.558    -253.378    -0.010
251.571    -254.485    -0.010
252.586    -255.590    -0.010
253.601    -256.695    -0.010
254.615    -257.800    -0.010
255.630    -258.906    -0.010
256.645    -260.011    -0.010
257.660    -261.116    -0.011
258.673    -262.223    -0.011
259.686    -263.331    -0.011
260.699    -264.438    -0.011
261.712    -265.545    -0.011
262.724    -266.652    -0.011
263.737    -267.759    -0.011
264.751    -268.865    -0.011
265.766    -269.971    -0.011
266.780    -271.077    -0.011
267.793    -272.183    -0.011
268.807    -273.290    -0.012
269.823    -274.394    -0.012
270.840    -275.497    -0.012
271.856    -276.601    -0.012
272.873    -277.706    -0.012
273.890    -278.809    -0.012
274.902    -279.917    -0.012
275.911    -281.027    -0.012
276.919    -282.138    -0.012
277.928    -283.249    -0.012
278.938    -284.360    -0.012
279.947    -285.470    -0.013
280.958    -286.578    -0.013
281.969    -287.687    -0.013
282.981    -288.795    -0.013
283.992    -289.904    -0.013
285.005    -291.011    -0.013
286.018    -292.119    -0.013
287.032    -293.224    -0.013
288.046    -294.331    -0.013
289.059    -295.437    -0.013
290.073    -296.543    -0.014
291.087    -297.649    -0.014
292.103    -298.754    -0.014
293.117    -299.860    -0.014
294.131    -300.965    -0.014
295.145    -302.072    -0.014
296.160    -303.177    -0.014
297.171    -304.286    -0.014
298.182    -305.394    -0.014
299.194    -306.504    -0.014
300.205    -307.612    -0.014
301.216    -308.720    -0.015
302.231    -309.825    -0.015
303.248    -310.929    -0.015
304.266    -312.031    -0.015
305.284    -313.134    -0.015
306.302    -314.236    -0.015
307.319    -315.339    -0.015
308.331    -316.448    -0.015
309.343    -317.555    -0.015
310.355    -318.663    -0.016
311.368    -319.770    -0.016
312.381    -320.878    -0.016
313.395    -321.984    -0.016
314.409    -323.090    -0.016
315.423    -324.195    -0.016
316.437    -325.301    -0.016
317.451    -326.408    -0.016
318.465    -327.513    -0.016
319.481    -328.619    -0.016
320.495    -329.724    -0.017
321.510    -330.830    -0.017
322.525    -331.935    -0.017
323.538    -333.042    -0.017
324.550    -334.149    -0.017
325.563    -335.257    -0.017
326.576    -336.364    -0.017
327.589    -337.471    -0.017
328.602    -338.578    -0.017
329.616    -339.683    -0.018
330.630    -340.789    -0.018
331.645    -341.895    -0.018
332.659    -343.000    -0.018
333.675    -344.106    -0.018
334.689    -345.212    -0.018
335.704    -346.316    -0.018
336.720    -347.421    -0.018
337.735    -348.526    -0.018
338.750    -349.630    -0.019
339.762    -350.739    -0.019
340.775    -351.847    -0.019
341.786    -352.955    -0.019
342.797    -354.063    -0.019
343.809    -355.172    -0.019
344.821    -356.279    -0.019
345.833    -357.387    -0.019
346.847    -358.494    -0.020
347.859    -359.602    -0.020
348.872    -360.709    -0.020
349.884    -361.816    -0.020
350.897    -362.923    -0.020
351.910    -364.031    -0.020
352.924    -365.137    -0.020
353.937    -366.244    -0.020
354.950    -367.350    -0.020
355.965    -368.455    -0.021
356.980    -369.561    -0.021
357.995    -370.666    -0.021
359.010    -371.771    -0.021
360.026    -372.875    -0.021
361.040    -373.983    -0.021
362.054    -375.088    -0.021
363.067    -376.194    -0.021
364.081    -377.300    -0.022
365.095    -378.406    -0.022
366.108    -379.514    -0.022
367.121    -380.621    -0.022
368.133    -381.729    -0.022
369.146    -382.836    -0.022
370.158    -383.944    -0.022
371.172    -385.050    -0.022
372.187    -386.154    -0.023
373.202    -387.260    -0.023
374.218    -388.366    -0.023
375.233    -389.471    -0.023
376.247    -390.576    -0.023
377.260    -391.683    -0.023
378.272    -392.790    -0.023
379.285    -393.898    -0.023
380.299    -395.005    -0.024
381.311    -396.111    -0.024
382.324    -397.219    -0.024
383.336    -398.327    -0.024
384.349    -399.434    -0.024
385.361    -400.541    -0.024
386.373    -401.648    -0.024
387.386    -402.757    -0.025
388.398    -403.865    -0.025
389.409    -404.973    -0.025
390.421    -406.081    -0.025
391.432    -407.190    -0.025
392.444    -408.298    -0.025
393.456    -409.407    -0.025
394.466    -410.515    -0.025
395.477    -411.624    -0.026
396.489    -412.733    -0.026
397.500    -413.841    -0.026
398.514    -414.946    -0.026
399.530    -416.052    -0.026
400.544    -417.158    -0.026
401.558    -418.264    -0.026
402.573    -419.369    -0.027
403.586    -420.475    -0.027
404.599    -421.583    -0.027
405.612    -422.690    -0.027
406.626    -423.796    -0.027
407.639    -424.903    -0.027
408.653    -426.008    -0.027
409.669    -427.114    -0.027
410.684    -428.219    -0.028
411.699    -429.324    -0.028
412.714    -430.428    -0.028
413.729    -431.535    -0.028
414.741    -432.643    -0.028
415.752    -433.751    -0.028
416.764    -434.859    -0.028
417.775    -435.968    -0.029
418.787    -437.075    -0.029
419.799    -438.184    -0.029
420.810    -439.292    -0.029
421.821    -440.401    -0.029
422.833    -441.509    -0.029
423.844    -442.617    -0.029
424.856    -443.725    -0.030
425.869    -444.832    -0.030
426.882    -445.940    -0.030
427.895    -447.047    -0.030
428.908    -448.154    -0.030
429.922    -449.260    -0.030
430.937    -450.365    -0.030
431.952    -451.470    -0.031
432.968    -452.574    -0.031
433.984    -453.679    -0.031
435.000    -454.783    -0.031
436.014    -455.889    -0.031
437.028    -456.995    -0.031
438.043    -458.101    -0.032
439.057    -459.206    -0.032
440.071    -460.312    -0.032
441.084    -461.420    -0.032
442.094    -462.529    -0.032
443.105    -463.638    -0.032
444.115    -464.748    -0.032
445.126    -465.857    -0.033
446.134    -466.968    -0.033
447.141    -468.081    -0.033
448.147    -469.194    -0.033
449.154    -470.307    -0.033
450.160    -471.420    -0.033
451.174    -472.525    -0.034
452.194    -473.628    -0.034
453.213    -474.729    -0.034
454.231    -475.830    -0.034
455.250    -476.932    -0.034
456.265    -478.037    -0.034
457.280    -479.143    -0.034
458.295    -480.247    -0.035
459.310    -481.352    -0.035
460.326    -482.457    -0.035
461.341    -483.563    -0.035
462.354    -484.669    -0.035
463.368    -485.775    -0.035
464.382    -486.881    -0.036
465.396    -487.987    -0.036
466.409    -489.094    -0.036
467.422    -490.202    -0.036
468.433    -491.311    -0.036
469.444    -492.419    -0.036
470.454    -493.529    -0.036
471.464    -494.638    -0.037
472.475    -495.747    -0.037
473.481    -496.861    -0.037
474.486    -497.976    -0.037
475.491    -499.090    -0.037
476.495    -500.204    -0.037
477.523    -501.297    -0.038
478.527    -502.412    -0.038
479.519    -503.538    -0.038
480.511    -504.664    -0.038
481.502    -505.791    -0.038
482.495    -506.917    -0.038
483.478    -508.050    -0.039
484.454    -509.189    -0.039
485.432    -510.329    -0.039
486.402    -511.472    -0.039
487.372    -512.617    -0.039
488.343    -513.761    -0.039
489.296    -514.920    -0.040
490.248    -516.080    -0.040
491.196    -517.244    -0.040
492.127    -518.421    -0.040
493.058    -519.597    -0.040
493.983    -520.779    -0.040
494.894    -521.971    -0.041
495.805    -523.163    -0.041
496.704    -524.365    -0.041
497.598    -525.569    -0.041
498.493    -526.774    -0.041
499.377    -527.987    -0.041
500.256    -529.203    -0.042
501.131    -530.421    -0.042
501.993    -531.649    -0.042
502.855    -532.878    -0.042
503.705    -534.115    -0.042
504.542    -535.360    -0.042
505.384    -536.603    -0.043
506.231    -537.840    -0.043
507.028    -539.112    -0.043
507.824    -540.383    -0.043
508.608    -541.663    -0.043
509.383    -542.948    -0.044
510.139    -544.244    -0.044
510.886    -545.544    -0.044
511.634    -546.846    -0.044
512.375    -548.151    -0.044
513.098    -549.465    -0.044
513.823    -550.780    -0.045
514.524    -552.106    -0.045
515.206    -553.442    -0.045
515.890    -554.778    -0.045
516.554    -556.124    -0.045
517.205    -557.476    -0.045
517.839    -558.836    -0.046
518.450    -560.206    -0.046
519.061    -561.577    -0.046
519.665    -562.950    -0.046
520.249    -564.332    -0.046
520.811    -565.725    -0.046
521.349    -567.125    -0.047
521.864    -568.534    -0.047
522.378    -569.944    -0.047
522.866    -571.362    -0.047
523.334    -572.788    -0.047
523.798    -574.216    -0.047
524.214    -575.657    -0.048
524.620    -577.102    -0.048
525.024    -578.547    -0.048
525.383    -580.004    -0.048
525.730    -581.464    -0.048
526.065    -582.926    -0.048
526.388    -584.392    -0.049
526.711    -585.857    -0.049
527.000    -587.329    -0.049
527.273    -588.805    -0.049
527.526    -590.283    -0.049
527.736    -591.769    -0.049
527.947    -593.254    -0.050
528.137    -594.743    -0.050
528.309    -596.233    -0.050
528.462    -597.726    -0.050
528.546    -599.224    -0.050
528.629    -600.722    -0.050
528.694    -602.221    -0.050
528.751    -603.722    -0.051
528.809    -605.221    -0.051
528.815    -606.720    -0.051
528.786    -608.221    -0.051
528.756    -609.721    -0.051
528.693    -611.220    -0.051
528.587    -612.716    -0.051
528.480    -614.213    -0.052
528.338    -615.707    -0.052
528.134    -617.193    -0.052
527.931    -618.679    -0.052
527.701    -620.162    -0.052
527.473    -621.645    -0.052
527.251    -623.129    -0.052
527.018    -624.611    -0.052
526.722    -626.083    -0.053
526.388    -627.545    -0.053
526.044    -629.006    -0.053
525.695    -630.465    -0.053
525.340    -631.923    -0.053
524.960    -633.375    -0.053
524.574    -634.825    -0.053
524.119    -636.254    -0.053
523.642    -637.678    -0.053
523.133    -639.088    -0.054
522.618    -640.498    -0.054
522.070    -641.895    -0.054
521.507    -643.286    -0.054
520.915    -644.664    -0.054
520.320    -646.042    -0.054
519.705    -647.412    -0.054
519.091    -648.780    -0.054
518.412    -650.119    -0.054
517.726    -651.452    -0.054
516.988    -652.758    -0.054
516.225    -654.050    -0.055
515.431    -655.324    -0.055
514.628    -656.591    -0.055
513.802    -657.844    -0.055
512.979    -659.098    -0.055
512.164    -660.359    -0.055
511.315    -661.595    -0.055
510.454    -662.825    -0.055
509.550    -664.022    -0.055
508.642    -665.217    -0.055
507.725    -666.404    -0.055
506.800    -667.586    -0.055
505.848    -668.745    -0.055
504.888    -669.899    -0.055
503.877    -671.008    -0.055
502.868    -672.118    -0.055
501.851    -673.222    -0.055
500.835    -674.325    -0.055
499.786    -675.399    -0.055
498.731    -676.465    -0.055
497.627    -677.480    -0.055
496.484    -678.451    -0.056
495.335    -679.417    -0.056
494.182    -680.378    -0.056
492.996    -681.297    -0.056
491.807    -682.212    -0.056
490.620    -683.131    -0.056
489.432    -684.047    -0.056
488.201    -684.904    -0.056
486.963    -685.752    -0.056
485.713    -686.582    -0.056
484.456    -687.402    -0.056
483.189    -688.205    -0.056
481.914    -688.996    -0.056
480.631    -689.775    -0.056
479.342    -690.544    -0.055
478.045    -691.297    -0.055
476.719    -691.999    -0.055
475.378    -692.673    -0.055
474.033    -693.337    -0.055
472.671    -693.968    -0.055
471.303    -694.582    -0.055
469.922    -695.170    -0.055
468.529    -695.728    -0.055
467.130    -696.271    -0.055
465.716    -696.774    -0.055
464.299    -697.267    -0.055
462.869    -697.721    -0.055
461.427    -698.136    -0.055
459.989    -698.564    -0.055
458.551    -698.995    -0.055
457.099    -699.372    -0.055
455.643    -699.732    -0.055
454.184    -700.084    -0.055
452.721    -700.412    -0.055
451.248    -700.703    -0.055
449.770    -700.961    -0.054
448.290    -701.209    -0.054
446.810    -701.452    -0.054
445.323    -701.659    -0.054
443.831    -701.812    -0.054
442.337    -701.948    -0.054
440.841    -702.071    -0.054
439.345    -702.195    -0.054
437.849    -702.305    -0.054
436.350    -702.373    -0.054
434.851    -702.412    -0.054
433.351    -702.438    -0.054
431.850    -702.450    -0.053
430.350    -702.460    -0.053
428.851    -702.392    -0.053
427.352    -702.306    -0.053
425.855    -702.202    -0.053
424.362    -702.057    -0.053
422.869    -701.906    -0.053
421.380    -701.725    -0.053
419.891    -701.535    -0.053
418.405    -701.330    -0.052
416.920    -701.111    -0.052
415.437    -700.881    -0.052
413.959    -700.621    -0.052
412.496    -700.289    -0.052
411.030    -699.972    -0.052
409.573    -699.611    -0.052
408.109    -699.285    -0.052
406.651    -698.930    -0.051
405.197    -698.558    -0.051
403.749    -698.165    -0.051
402.308    -697.746    -0.051
400.883    -697.281    -0.051
399.479    -696.751    -0.051
398.108    -696.142    -0.051
396.739    -695.526    -0.050
395.369    -694.914    -0.050
394.009    -694.281    -0.050
392.646    -693.653    -0.050
391.285    -693.020    -0.050
389.954    -692.328    -0.050
388.618    -691.644    -0.049
387.289    -690.949    -0.049
385.963    -690.246    -0.049
384.634    -689.549    -0.049
383.328    -688.811    -0.049
382.044    -688.034    -0.049
380.783    -687.222    -0.048
379.534    -686.391    -0.048
378.291    -685.549    -0.048
377.061    -684.691    -0.048
375.841    -683.817    -0.048
374.621    -682.943    -0.048
373.411    -682.056    -0.048
372.237    -681.121    -0.047
371.077    -680.169    -0.047
369.940    -679.191    -0.047
368.832    -678.179    -0.047
367.724    -677.168    -0.047
366.643    -676.127    -0.046
365.580    -675.067    -0.046
364.521    -674.005    -0.046
363.476    -672.928    -0.046
362.450    -671.833    -0.046
361.423    -670.739    -0.046
360.435    -669.610    -0.045
359.469    -668.463    -0.045
358.523    -667.297    -0.045
357.589    -666.122    -0.045
356.659    -664.946    -0.045
355.729    -663.768    -0.045
354.836    -662.562    -0.044
353.960    -661.344    -0.044
353.103    -660.113    -0.044
352.283    -658.855    -0.044
351.464    -657.598    -0.044
350.650    -656.338    -0.044
349.869    -655.056    -0.043
349.088    -653.775    -0.043
348.339    -652.476    -0.043
347.610    -651.164    -0.043
346.883    -649.851    -0.043
346.174    -648.528    -0.042
345.495    -647.190    -0.042
344.817    -645.852    -0.042
344.163    -644.502    -0.042
343.537    -643.138    -0.042
342.910    -641.775    -0.042
342.306    -640.402    -0.041
341.729    -639.016    -0.041
341.153    -637.631    -0.041
340.604    -636.234    -0.041
340.075    -634.830    -0.041
339.545    -633.426    -0.041
339.042    -632.013    -0.040
338.551    -630.594    -0.040
338.062    -629.176    -0.040
337.602    -627.748    -0.040
337.145    -626.319    -0.040
336.691    -624.888    -0.040
336.288    -623.443    -0.039
335.884    -621.998    -0.039
335.490    -620.550    -0.039
335.103    -619.100    -0.039
334.717    -617.651    -0.039
334.341    -616.197    -0.039
334.005    -614.735    -0.038
333.670    -613.272    -0.038
333.346    -611.808    -0.038
333.038    -610.339    -0.038
332.731    -608.870    -0.038
332.434    -607.399    -0.038
332.155    -605.925    -0.038
331.876    -604.451    -0.037
331.641    -602.969    -0.037
331.429    -601.484    -0.037
331.216    -599.998    -0.037
331.008    -598.512    -0.037
330.803    -597.026    -0.037
330.600    -595.538    -0.036
330.421    -594.049    -0.036
330.243    -592.559    -0.036
330.063    -591.069    -0.036
329.905    -589.577    -0.036
329.747    -588.085    -0.036
329.593    -586.592    -0.036
329.460    -585.097    -0.035
329.327    -583.603    -0.035
329.204    -582.108    -0.035
329.115    -580.610    -0.035
329.026    -579.112    -0.035
328.934    -577.614    -0.035
328.839    -576.117    -0.035
328.744    -574.619    -0.034
328.653    -573.121    -0.034
328.569    -571.623    -0.034
328.484    -570.125    -0.034
328.413    -568.626    -0.034
328.348    -567.127    -0.034
328.284    -565.628    -0.034
328.220    -564.129    -0.033
328.156    -562.630    -0.033
328.092    -561.130    -0.033
328.050    -559.630    -0.033
328.010    -558.130    -0.033
327.972    -556.631    -0.033
327.936    -555.130    -0.033
327.907    -553.630    -0.033
327.878    -552.129    -0.032
327.849    -550.629    -0.032
327.817    -549.129    -0.032
327.786    -547.629    -0.032
327.754    -546.129    -0.032
327.723    -544.628    -0.032
327.692    -543.128    -0.032
327.660    -541.628    -0.031
327.629    -540.127    -0.031
327.599    -538.628    -0.031
327.568    -537.128    -0.031
327.538    -535.627    -0.031
327.509    -534.127    -0.031
327.482    -532.626    -0.031
327.455    -531.126    -0.031
327.429    -529.625    -0.030
327.402    -528.125    -0.030
327.376    -526.626    -0.030
327.348    -525.125    -0.030
327.320    -523.625    -0.030
327.293    -522.124    -0.030
327.265    -520.624    -0.030
327.238    -519.124    -0.030
327.210    -517.623    -0.029
327.182    -516.123    -0.029
327.153    -514.622    -0.029
327.125    -513.123    -0.029
327.096    -511.623    -0.029
327.068    -510.122    -0.029
327.039    -508.622    -0.029
327.013    -507.121    -0.029
326.987    -505.621    -0.028
326.961    -504.121    -0.028
326.933    -502.620    -0.028
326.905    -501.120    -0.028
326.878    -499.620    -0.028
326.853    -498.120    -0.028
326.828    -496.620    -0.028
326.802    -495.119    -0.028
326.772    -493.619    -0.028
326.742    -492.118    -0.027
326.713    -490.618    -0.027
326.684    -489.118    -0.027
326.655    -487.618    -0.027
326.628    -486.118    -0.027
326.603    -484.617    -0.027
326.578    -483.117    -0.027
326.554    -481.616    -0.027
326.530    -480.116    -0.026
326.505    -478.616    -0.026
326.481    -477.115    -0.026
326.457    -475.615    -0.026
326.431    -474.114    -0.026
326.406    -472.614    -0.026
326.380    -471.114    -0.026
326.355    -469.614    -0.026
326.330    -468.114    -0.026
326.304    -466.613    -0.025
326.279    -465.113    -0.025
326.255    -463.612    -0.025
326.230    -462.112    -0.025
326.205    -460.612    -0.025
326.181    -459.111    -0.025
326.155    -457.611    -0.025
326.130    -456.110    -0.025
326.104    -454.610    -0.025
326.079    -453.109    -0.024
326.053    -451.610    -0.024
326.028    -450.110    -0.024
325.990    -448.609    -0.024
325.945    -447.109    -0.024
325.900    -445.610    -0.024
325.854    -444.109    -0.024
325.810    -442.610    -0.024
325.760    -441.110    -0.024
325.699    -439.611    -0.024
325.619    -438.113    -0.023
325.540    -436.613    -0.023
325.435    -435.118    -0.023
325.323    -433.621    -0.023
325.193    -432.126    -0.023
325.036    -430.633    -0.023
324.884    -429.141    -0.023
324.732    -427.648    -0.023
324.574    -426.156    -0.023
324.409    -424.665    -0.022
324.225    -423.175    -0.022
324.071    -421.683    -0.022
323.917    -420.190    -0.022
323.763    -418.697    -0.022
323.568    -417.210    -0.022
323.352    -415.725    -0.022
323.138    -414.240    -0.022
322.889    -412.761    -0.022
322.640    -411.280    -0.021
322.384    -409.802    -0.021
322.121    -408.325    -0.021
321.865    -406.847    -0.021
321.593    -405.371    -0.021
321.302    -403.899    -0.021
321.010    -402.427    -0.021
320.705    -400.957    -0.021
320.391    -399.491    -0.021
320.061    -398.026    -0.020
319.719    -396.566    -0.020
319.377    -395.104    -0.020
319.035    -393.644    -0.020
318.662    -392.190    -0.020
318.286    -390.737    -0.020
317.884    -389.291    -0.020
317.486    -387.845    -0.020
317.088    -386.398    -0.020
316.685    -384.953    -0.020
316.258    -383.514    -0.019
315.828    -382.077    -0.019
315.396    -380.639    -0.019
314.964    -379.202    -0.019
314.531    -377.765    -0.019
314.090    -376.331    -0.019
313.634    -374.902    -0.019
313.177    -373.473    -0.019
312.699    -372.050    -0.019
312.212    -370.632    -0.018
311.724    -369.212    -0.018
311.224    -367.798    -0.018
310.721    -366.384    -0.018
310.197    -364.978    -0.018
309.662    -363.576    -0.018
309.128    -362.173    -0.018
308.589    -360.773    -0.018
308.021    -359.384    -0.018
307.457    -357.994    -0.017
306.877    -356.610    -0.017
306.268    -355.238    -0.017
305.660    -353.867    -0.017
305.045    -352.498    -0.017
304.420    -351.134    -0.017
303.786    -349.773    -0.017
303.148    -348.416    -0.017
302.509    -347.058    -0.017
301.869    -345.700    -0.017
301.215    -344.350    -0.016
300.556    -343.002    -0.016
299.897    -341.654    -0.016
299.233    -340.308    -0.016
298.570    -338.963    -0.016
297.904    -337.617    -0.016
297.200    -336.292    -0.016
296.496    -334.967    -0.016
295.788    -333.644    -0.016
295.065    -332.330    -0.016
294.341    -331.015    -0.015
293.607    -329.706    -0.015
292.854    -328.408    -0.015
292.101    -327.110    -0.015
291.331    -325.823    -0.015
290.550    -324.541    -0.015
289.769    -323.260    -0.015
288.976    -321.986    -0.015
288.181    -320.713    -0.015
287.380    -319.445    -0.014
286.560    -318.187    -0.014
285.740    -316.931    -0.014
284.914    -315.678    -0.014
284.073    -314.436    -0.014
283.231    -313.194    -0.014
282.385    -311.954    -0.014
281.533    -310.720    -0.014
280.680    -309.485    -0.014
279.815    -308.259    -0.014
278.944    -307.037    -0.014
278.073    -305.814    -0.013
277.188    -304.603    -0.013
276.299    -303.394    -0.013
275.409    -302.186    -0.013
274.510    -300.984    -0.013
273.612    -299.782    -0.013
272.702    -298.590    -0.013
271.770    -297.414    -0.013
270.838    -296.238    -0.013
269.889    -295.075    -0.013
268.917    -293.932    -0.012
267.946    -292.788    -0.012
266.959    -291.659    -0.012
265.964    -290.535    -0.012
264.971    -289.409    -0.012
263.973    -288.290    -0.012
262.974    -287.171    -0.012
261.973    -286.052    -0.012
260.959    -284.945    -0.012
259.946    -283.839    -0.012
258.933    -282.732    -0.012
257.923    -281.622    -0.011
256.912    -280.514    -0.011
255.900    -279.405    -0.011
254.890    -278.296    -0.011
253.880    -277.186    -0.011
252.869    -276.077    -0.011
251.859    -274.967    -0.011
250.849    -273.858    -0.011
249.833    -272.752    -0.011
248.817    -271.648    -0.011
247.801    -270.545    -0.011
246.787    -269.439    -0.010
245.777    -268.330    -0.010
244.766    -267.220    -0.010
243.754    -266.113    -0.010
242.740    -265.006    -0.010
241.728    -263.898    -0.010
240.716    -262.790    -0.010
239.703    -261.683    -0.010
238.691    -260.576    -0.010
237.679    -259.469    -0.010
236.665    -258.361    -0.010
235.652    -257.254    -0.010
234.639    -256.147    -0.009
233.626    -255.040    -0.009
232.614    -253.932    -0.009
231.602    -252.825    -0.009
230.590    -251.717    -0.009
229.578    -250.609    -0.009
228.566    -249.500    -0.009
227.552    -248.394    -0.009
226.536    -247.290    -0.009
225.520    -246.186    -0.009
224.504    -245.082    -0.009
223.489    -243.977    -0.009
222.472    -242.873    -0.009
221.459    -241.766    -0.008
220.446    -240.660    -0.008
219.433    -239.553    -0.008
218.420    -238.445    -0.008
217.407    -237.339    -0.008
216.393    -236.232    -0.008
215.379    -235.126    -0.008
214.366    -234.019    -0.008
213.352    -232.912    -0.008
212.339    -231.806    -0.008
211.325    -230.700    -0.008
210.313    -229.592    -0.008
209.299    -228.485    -0.008
208.287    -227.378    -0.007
207.274    -226.271    -0.007
206.262    -225.163    -0.007
205.248    -224.057    -0.007
204.234    -222.951    -0.007
203.220    -221.846    -0.007
202.204    -220.740    -0.007
201.190    -219.634    -0.007
200.176    -218.528    -0.007
199.162    -217.422    -0.007
198.148    -216.316    -0.007
197.134    -215.210    -0.007
196.120    -214.104    -0.007
195.105    -212.998    -0.007
194.091    -211.893    -0.006
193.076    -210.788    -0.006
192.061    -209.682    -0.006
191.046    -208.577    -0.006
190.032    -207.472    -0.006
189.016    -206.366    -0.006
188.005    -205.257    -0.006
186.993    -204.149    -0.006
185.981    -203.042    -0.006
184.969    -201.934    -0.006
183.958    -200.826    -0.006
182.946    -199.717    -0.006
181.933    -198.610    -0.006
180.921    -197.502    -0.006
179.909    -196.395    -0.006
178.897    -195.286    -0.006
177.884    -194.179    -0.005
176.870    -193.074    -0.005
175.854    -191.969    -0.005
174.840    -190.863    -0.005
173.825    -189.757    -0.005
172.811    -188.652    -0.005
171.794    -187.549    -0.005
170.778    -186.445    -0.005
169.761    -185.341    -0.005
168.744    -184.238    -0.005
167.726    -183.135    -0.005
166.712    -182.029    -0.005
165.700    -180.920    -0.005
164.689    -179.812    -0.005
163.677    -178.704    -0.005
162.666    -177.596    -0.005
161.654    -176.488    -0.004
160.640    -175.381    -0.004
159.627    -174.274    -0.004
158.614    -173.168    -0.004
157.600    -172.062    -0.004
156.587    -170.954    -0.004
155.573    -169.849    -0.004
154.558    -168.743    -0.004
153.543    -167.638    -0.004
152.529    -166.531    -0.004
151.514    -165.426    -0.004
150.500    -164.321    -0.004
149.488    -163.213    -0.004
148.475    -162.106    -0.004
147.464    -160.997    -0.004
146.452    -159.889    -0.004
145.440    -158.781    -0.004
144.428    -157.673    -0.004
143.416    -156.565    -0.004
142.404    -155.457    -0.003
141.391    -154.350    -0.003
140.379    -153.242    -0.003
139.367    -152.134    -0.003
138.354    -151.027    -0.003
137.342    -149.920    -0.003
136.330    -148.812    -0.003
135.317    -147.704    -0.003
134.304    -146.597    -0.003
133.288    -145.493    -0.003
132.271    -144.390    -0.003
131.254    -143.287    -0.003
130.237    -142.183    -0.003
129.220    -141.080    -0.003
128.204    -139.975    -0.003
127.191    -138.869    -0.003
126.178    -137.762    -0.003
125.164    -136.655    -0.003
124.151    -135.549    -0.003
123.138    -134.442    -0.003
122.123    -133.337    -0.003
121.108    -132.231    -0.003
120.093    -131.126    -0.002
119.078    -130.021    -0.002
118.063    -128.916    -0.002
117.049    -127.809    -0.002
116.036    -126.703    -0.002
115.022    -125.597    -0.002
114.007    -124.491    -0.002
112.993    -123.385    -0.002
111.979    -122.278    -0.002
110.969    -121.169    -0.002
109.958    -120.060    -0.002
108.948    -118.952    -0.002
107.936    -117.842    -0.002
106.925    -116.733    -0.002
105.913    -115.626    -0.002
104.897    -114.522    -0.002
103.881    -113.417    -0.002
102.865    -112.313    -0.002
101.850    -111.209    -0.002
100.833    -110.105    -0.002
99.818    -109.000    -0.002
98.802    -107.895    -0.002
97.787    -106.790    -0.002
96.772    -105.686    -0.002
95.756    -104.581    -0.002
94.742    -103.476    -0.002
93.727    -102.369    -0.002
92.714    -101.262    -0.001
91.701    -100.156    -0.001
90.687    -99.050    -0.001
89.674    -97.942    -0.001
88.661    -96.836    -0.001
87.648    -95.729    -0.001
86.634    -94.622    -0.001
85.621    -93.514    -0.001
84.608    -92.408    -0.001
83.596    -91.300    -0.001
82.584    -90.192    -0.001
81.573    -89.084    -0.001
80.560    -87.976    -0.001
79.549    -86.868    -0.001
78.537    -85.760    -0.001
77.524    -84.653    -0.001
76.511    -83.545    -0.001
75.499    -82.438    -0.001
74.486    -81.332    -0.001
73.472    -80.225    -0.001
72.459    -79.117    -0.001
71.445    -78.012    -0.001
70.431    -76.906    -0.001
69.417    -75.800    -0.001
68.403    -74.693    -0.001
67.389    -73.587    -0.001
66.375    -72.481    -0.001
65.363    -71.374    -0.001
64.350    -70.267    -0.001
63.337    -69.159    -0.001
62.324    -68.052    -0.001
61.312    -66.945    -0.001
60.300    -65.836    -0.001
59.289    -64.727    -0.001
58.278    -63.619    -0.001
57.266    -62.511    -0.001
56.255    -61.403    -0.001
55.242    -60.295    -0.001
54.227    -59.190    -0.001
53.212    -58.084    -0.000
52.198    -56.979    -0.000
51.184    -55.873    -0.000
50.170    -54.767    -0.000
49.156    -53.661    -0.000
48.142    -52.555    -0.000
47.127    -51.449    -0.000
46.113    -50.343    -0.000
45.099    -49.237    -0.000
44.086    -48.130    -0.000
43.073    -47.023    -0.000
42.061    -45.915    -0.000
41.048    -44.808    -0.000
40.034    -43.701    -0.000
39.022    -42.594    -0.000
38.010    -41.486    -0.000
36.999    -40.377    -0.000
35.987    -39.269    -0.000
34.976    -38.161    -0.000
33.963    -37.054    -0.000
32.949    -35.947    -0.000
31.934    -34.842    -0.000
30.919    -33.737    -0.000
29.905    -32.631    -0.000
28.890    -31.526    -0.000
27.875    -30.421    -0.000
26.860    -29.315    -0.000
25.846    -28.209    -0.000
24.831    -27.104    -0.000
23.817    -25.998    -0.000
22.803    -24.892    -0.000
21.789    -23.786    -0.000
20.777    -22.678    -0.000
19.764    -21.570    -0.000
18.751    -20.463    -0.000
17.739    -19.356    -0.000
16.727    -18.248    -0.000
15.715    -17.141    -0.000
14.703    -16.032    -0.000
13.691    -14.924    -0.000
12.680    -13.816    -0.000
11.668    -12.708    -0.000
10.656    -11.599    -0.000
9.641    -10.495    -0.000
8.625    -9.390    -0.000
7.609    -8.286    -0.000
6.593    -7.181    -0.000
5.577    -6.077    -0.000
4.562    -4.972    -0.000
3.548    -3.867    -0.000
2.533    -2.761    -0.000
1.519    -1.654    -0.000
0.505    -0.549    -0.000
