4.056 3.458
4.053 3.460
4.050 3.463
4.047 3.463
4.046 3.465
4.044 3.466
4.043 3.467
4.044 3.466
4.046 3.465
4.049 3.462
4.051 3.459
4.052 3.458
4.053 3.456
4.050 3.458
4.049 3.460
4.051 3.462
4.053 3.465
4.054 3.468
4.061 3.466
4.068 3.463
4.070 3.461
4.071 3.459
4.071 3.458
4.070 3.458
4.065 3.462
4.060 3.466
4.056 3.469
4.054 3.468
4.050 3.467
4.049 3.465
4.049 3.461
4.049 3.458
4.051 3.460
4.054 3.463
4.058 3.465
4.065 3.465
4.070 3.465
4.069 3.465
4.067 3.461
4.063 3.458
4.062 3.453
4.059 3.449
4.059 3.444
4.064 3.440
4.069 3.436
4.073 3.433
4.078 3.431
4.081 3.428
4.084 3.424
4.085 3.426
4.087 3.427
4.087 3.430
4.084 3.435
4.082 3.439
4.078 3.444
4.073 3.448
4.068 3.453
4.065 3.456
4.061 3.460
4.056 3.464
4.051 3.468
4.046 3.473
4.044 3.476
4.044 3.477
4.042 3.477
4.042 3.479
4.044 3.476
4.044 3.475
4.046 3.470
4.049 3.466
4.053 3.460
4.055 3.459
4.056 3.460
4.058 3.463
4.057 3.467
4.056 3.470
4.053 3.476
4.051 3.478
4.047 3.480
4.046 3.479
4.048 3.477
4.047 3.475
4.045 3.473
4.043 3.470
4.042 3.465
4.040 3.463
4.039 3.458
4.041 3.454
4.046 3.451
4.050 3.450
4.053 3.450
4.053 3.451
4.054 3.453
4.054 3.455
4.054 3.455
4.054 3.455
4.056 3.455
4.057 3.454
4.058 3.453
4.059 3.453
4.061 3.452
4.060 3.453
4.061 3.453
4.061 3.454
4.060 3.454
4.058 3.455
4.057 3.455
4.058 3.455
4.058 3.453
4.061 3.450
4.065 3.446
4.068 3.442
4.070 3.440
4.065 3.443
4.061 3.448
4.057 3.450
4.054 3.455
4.053 3.457
4.051 3.460
4.053 3.458
4.051 3.459
4.048 3.460
4.044 3.464
4.041 3.467
4.044 3.465
4.046 3.465
4.051 3.463
4.056 3.460
4.060 3.457
4.063 3.455
4.069 3.453
4.072 3.449
4.076 3.446
4.078 3.443
4.080 3.441
4.080 3.440
4.080 3.440
4.079 3.439
4.078 3.439
4.076 3.440
4.073 3.441
4.069 3.443
4.065 3.445
4.063 3.449
4.061 3.453
4.060 3.458
4.061 3.460
4.063 3.461
4.062 3.463
4.063 3.457
4.061 3.452
4.061 3.447
4.061 3.441
4.062 3.433
4.065 3.426
4.069 3.421
4.073 3.415
4.068 3.417
4.065 3.418
4.063 3.421
4.062 3.427
4.061 3.434
4.063 3.440
4.065 3.443
4.065 3.447
4.063 3.449
4.061 3.449
4.058 3.449
4.057 3.449
4.056 3.448
4.038 3.448
4.013 3.448
3.989 3.447
3.962 3.446
3.933 3.449
3.905 3.451
3.876 3.452
3.847 3.447
3.844 3.441
3.843 3.444
3.843 3.451
3.844 3.458
3.845 3.480
3.844 3.506
3.840 3.538
3.831 3.598
3.817 3.658
3.790 3.712
3.789 3.716
3.789 3.719
3.788 3.718
3.789 3.714
3.789 3.711
3.789 3.706
3.789 3.702
3.788 3.699
3.789 3.693
3.788 3.687
3.789 3.680
3.790 3.675
3.789 3.669
3.789 3.665
3.789 3.661
3.789 3.658
3.788 3.655
3.788 3.653
3.789 3.648
3.789 3.646
3.788 3.644
3.789 3.641
3.789 3.638
3.788 3.636
3.790 3.632
3.789 3.629
3.789 3.625
3.789 3.621
3.788 3.617
3.789 3.613
3.788 3.609
3.789 3.607
3.789 3.607
3.789 3.605
3.789 3.603
3.789 3.602
3.789 3.601
3.789 3.601
3.789 3.601
3.789 3.603
3.788 3.607
3.788 3.606
3.789 3.603
3.788 3.600
3.789 3.597
3.788 3.595
3.788 3.594
3.789 3.596
3.788 3.599
3.788 3.599
3.788 3.599
3.789 3.600
3.788 3.601
3.789 3.599
3.789 3.599
3.789 3.597
3.789 3.596
3.788 3.595
3.788 3.597
3.789 3.598
3.788 3.603
3.788 3.608
3.788 3.614
3.788 3.616
3.788 3.618
3.789 3.619
3.789 3.614
3.788 3.609
3.788 3.605
3.788 3.602
3.789 3.599
3.788 3.597
3.789 3.596
3.789 3.594
3.788 3.592
3.788 3.590
3.789 3.589
3.789 3.593
3.789 3.597
3.788 3.603
3.788 3.610
3.788 3.619
3.789 3.621
3.789 3.623
3.789 3.625
3.788 3.624
3.789 3.623
3.788 3.623
3.789 3.625
3.788 3.628
3.788 3.630
3.789 3.631
3.788 3.635
3.789 3.635
3.788 3.637
3.788 3.638
3.787 3.641
3.784 3.644
3.783 3.645
3.786 3.643
3.787 3.638
3.787 3.635
3.788 3.630
3.788 3.626
3.788 3.625
3.788 3.623
3.788 3.620
3.788 3.614
3.788 3.608
3.788 3.604
3.788 3.601
3.788 3.598
3.789 3.599
3.788 3.603
3.788 3.607
3.787 3.606
3.787 3.604
3.788 3.603
3.788 3.598
3.788 3.594
3.788 3.595
3.788 3.599
3.788 3.602
3.788 3.606
3.788 3.608
3.788 3.607
3.788 3.599
3.788 3.592
3.788 3.585
3.788 3.584
3.788 3.582
3.787 3.581
3.787 3.578
3.787 3.577
3.788 3.570
3.789 3.575
3.788 3.578
3.788 3.578
3.787 3.578
3.788 3.578
3.789 3.578
3.787 3.563
3.788 3.567
3.788 3.575
3.788 3.582
3.788 3.575
3.788 3.556
3.790 3.538
3.790 3.558
3.790 3.578
3.789 3.585
3.791 3.562
3.790 3.559
3.788 3.568
3.788 3.572
3.785 3.580
3.780 3.587
3.780 3.590
3.770 3.607
3.770 3.615
3.770 3.623
3.771 3.636
3.763 3.594
3.782 3.593
3.764 3.619
3.745 3.622
3.726 3.624
3.728 3.606
3.730 3.597
3.775 3.607
3.775 3.637
3.775 3.666
3.775 3.686
3.783 3.703
3.807 3.683
3.807 3.702
3.807 3.721
3.811 3.730
3.818 3.711
3.825 3.703
3.836 3.708
3.836 3.718
3.837 3.728
3.843 3.712
3.848 3.694
3.837 3.708
3.808 3.716
3.777 3.726
3.755 3.715
3.739 3.728
3.741 3.736
3.741 3.754
3.741 3.773
3.741 3.777
3.742 3.773
3.744 3.755
3.743 3.759
3.744 3.766
3.743 3.770
3.742 3.759
3.738 3.768
3.730 3.775
3.731 3.779
3.731 3.785
3.717 3.777
3.718 3.780
3.708 3.773
3.707 3.756
3.707 3.739
3.707 3.719
3.690 3.734
3.700 3.698
3.677 3.676
3.676 3.660
3.668 3.646
3.651 3.626
3.642 3.604
3.612 3.595
3.611 3.593
3.638 3.591
3.673 3.565
3.651 3.571
3.662 3.569
3.693 3.563
3.710 3.565
3.746 3.565
3.786 3.569
3.823 3.570
3.872 3.573
3.879 3.574
3.888 3.573
3.908 3.573
3.908 3.572
3.909 3.573
3.907 3.573
3.900 3.573
3.901 3.573
3.895 3.573
3.885 3.573
3.890 3.573
3.901 3.573
3.907 3.574
3.899 3.573
3.895 3.573
3.899 3.573
3.908 3.573
3.921 3.574
3.925 3.574
3.921 3.573
3.913 3.573
3.916 3.574
3.928 3.573
3.939 3.573
3.940 3.573
3.931 3.574
3.946 3.573
3.954 3.573
3.958 3.573
3.944 3.573
3.939 3.571
3.942 3.566
3.942 3.562
3.942 3.557
3.945 3.552
3.953 3.543
3.958 3.547
3.960 3.554
3.961 3.560
3.959 3.566
3.944 3.572
3.953 3.562
3.952 3.562
3.940 3.568
3.927 3.574
3.915 3.580
3.916 3.573
3.923 3.567
3.899 3.575
3.875 3.583
3.851 3.591
3.828 3.597
3.825 3.588
3.800 3.596
3.781 3.592
3.778 3.583
3.773 3.575
3.770 3.584
3.758 3.596
3.717 3.608
3.706 3.609
3.694 3.610
3.686 3.611
3.695 3.622
3.685 3.634
3.685 3.639
3.696 3.637
3.684 3.647
3.675 3.642
3.670 3.652
3.669 3.649
3.673 3.660
3.677 3.671
3.657 3.675
3.609 3.675
3.572 3.675
3.539 3.674
3.508 3.685
3.475 3.697
3.477 3.693
3.478 3.691
3.465 3.691
3.465 3.702
3.465 3.712
3.454 3.717
3.454 3.707
3.446 3.679
3.437 3.658
3.437 3.658
3.403 3.658
3.326 3.645
3.268 3.645
3.299 3.625
3.354 3.625
3.338 3.625
3.328 3.615
3.344 3.601
3.348 3.595
3.392 3.594
3.431 3.583
3.431 3.572
3.456 3.561
3.507 3.525
3.519 3.516
3.493 3.516
3.419 3.526
3.399 3.527
3.380 3.527
3.353 3.538
3.377 3.573
3.400 3.608
3.450 3.630
3.518 3.665
3.557 3.700
3.625 3.719
3.697 3.755
3.761 3.789
3.808 3.815
3.828 3.850
3.820 3.881
3.805 3.921
3.798 3.925
3.792 3.911
3.794 3.868
3.798 3.814
3.785 3.737
3.745 3.630
3.762 3.607
3.783 3.606
3.779 3.618
3.744 3.646
3.719 3.674
3.709 3.696
3.719 3.687
3.696 3.725
3.689 3.737
3.697 3.739
3.700 3.724
3.715 3.729
3.734 3.692
3.718 3.672
3.703 3.653
3.692 3.651
3.693 3.635
3.685 3.662
3.715 3.650
3.725 3.629
3.707 3.627
3.678 3.627
3.659 3.635
3.663 3.640
3.696 3.641
3.670 3.640
3.655 3.638
3.706 3.629
3.706 3.641
3.731 3.638
3.741 3.638
3.739 3.633
3.742 3.630
3.738 3.634
3.747 3.628
3.750 3.619
3.741 3.610
3.746 3.597
3.761 3.573
3.781 3.534
3.822 3.533
3.828 3.534
3.848 3.523
3.871 3.523
3.858 3.516
3.842 3.523
3.830 3.554
3.803 3.584
3.786 3.598
3.739 3.630
3.667 3.681
3.662 3.702
3.670 3.720
3.691 3.688
3.737 3.660
3.690 3.670
3.698 3.625
3.712 3.636
3.725 3.648
3.766 3.616
3.799 3.609
3.831 3.608
3.892 3.604
3.915 3.634
3.938 3.626
3.924 3.574
3.905 3.542
3.937 3.520
3.940 3.549
3.959 3.564
3.932 3.537
3.902 3.564
3.870 3.607
3.847 3.672
3.817 3.684
3.835 3.653
3.801 3.639
3.810 3.606
3.819 3.581
3.784 3.610
3.767 3.607
3.782 3.586
3.810 3.574
3.858 3.524
3.898 3.496
3.903 3.498
3.951 3.457
3.910 3.447
3.915 3.403
3.922 3.367
3.915 3.390
3.850 3.413
3.796 3.446
3.759 3.494
3.747 3.529
3.695 3.558
3.664 3.611
3.653 3.621
3.650 3.626
3.677 3.599
3.709 3.565
3.731 3.567
3.742 3.586
3.736 3.587
3.746 3.568
3.805 3.542
3.839 3.515
3.827 3.535
3.813 3.555
3.837 3.552
3.880 3.526
3.868 3.525
3.876 3.519
3.878 3.541
3.890 3.542
3.923 3.532
3.931 3.513
3.903 3.482
3.866 3.484
3.783 3.495
3.771 3.477
3.802 3.464
3.807 3.461
3.802 3.472
3.787 3.504
3.742 3.534
3.695 3.572
3.674 3.611
3.647 3.634
3.676 3.614
3.698 3.601
3.746 3.550
3.766 3.510
3.806 3.483
3.826 3.459
3.852 3.446
3.874 3.427
3.854 3.417
3.873 3.404
3.912 3.461
3.918 3.516
3.919 3.551
3.943 3.541
3.957 3.546
3.958 3.564
3.994 3.578
3.951 3.600
3.909 3.626
3.915 3.634
3.914 3.629
3.920 3.612
3.912 3.618
3.888 3.625
3.867 3.645
3.866 3.660
3.845 3.646
3.842 3.643
3.846 3.659
3.829 3.684
3.862 3.693
3.873 3.681
3.871 3.661
3.880 3.669
3.871 3.679
3.855 3.684
3.822 3.673
3.808 3.618
3.827 3.638
3.828 3.652
3.819 3.663
3.827 3.648
3.820 3.646
3.833 3.658
3.818 3.651
3.789 3.660
3.740 3.686
3.719 3.690
3.705 3.688
3.676 3.656
3.684 3.662
3.692 3.671
3.687 3.681
3.671 3.709
3.684 3.703
3.682 3.690
3.680 3.681
3.676 3.671
3.682 3.665
3.691 3.657
3.714 3.649
3.709 3.644
3.708 3.648
3.702 3.653
3.701 3.663
3.686 3.670
3.683 3.671
3.679 3.685
3.687 3.673
3.685 3.657
3.684 3.677
3.670 3.698
3.662 3.690
3.675 3.689
3.694 3.684
3.700 3.680
3.703 3.697
3.690 3.702
3.677 3.709
3.685 3.719
3.684 3.726
3.684 3.740
3.685 3.743
3.670 3.747
3.670 3.759
3.690 3.765
3.663 3.772
3.657 3.772
3.650 3.763
3.632 3.769
3.637 3.775
3.632 3.781
3.630 3.794
3.631 3.807
3.624 3.824
3.628 3.814
3.627 3.810
3.624 3.808
3.628 3.799
3.630 3.790
3.612 3.783
3.600 3.791
3.616 3.770
3.611 3.755
3.605 3.763
3.612 3.758
3.622 3.747
3.638 3.719
3.663 3.683
3.687 3.672
3.712 3.666
3.740 3.657
3.771 3.645
3.823 3.600
3.845 3.556
3.847 3.527
3.845 3.504
3.840 3.504
3.836 3.504
3.833 3.504
3.828 3.505
3.825 3.502
3.829 3.503
3.847 3.503
3.841 3.504
3.826 3.505
3.821 3.505
3.821 3.502
3.828 3.500
3.831 3.500
3.831 3.500
3.836 3.500
3.843 3.501
3.846 3.502
3.846 3.502
3.845 3.501
3.843 3.501
3.840 3.501
3.841 3.500
3.841 3.512
3.842 3.533
3.845 3.555
3.847 3.579
3.852 3.595
3.860 3.593
3.867 3.593
3.873 3.593
3.874 3.594
3.873 3.596
3.867 3.599
3.862 3.598
3.855 3.599
3.853 3.598
3.852 3.598
3.850 3.599
3.850 3.598
3.847 3.599
3.846 3.599
3.844 3.599
3.843 3.599
3.845 3.596
3.847 3.596
3.847 3.596
3.848 3.596
3.848 3.596
3.847 3.599
3.845 3.599
3.844 3.598
3.841 3.599
3.841 3.598
3.840 3.598
3.840 3.598
3.841 3.598
3.843 3.597
3.843 3.598
3.843 3.598
3.843 3.598
3.843 3.598
3.840 3.599
3.839 3.598
3.840 3.598
3.840 3.598
3.840 3.598
3.843 3.596
3.846 3.596
3.847 3.596
3.849 3.597
3.850 3.598
3.850 3.598
3.850 3.598
3.851 3.597
3.846 3.598
3.841 3.598
3.838 3.596
3.834 3.596
3.831 3.596
3.828 3.596
3.829 3.596
3.827 3.598
3.826 3.598
3.824 3.598
3.823 3.598
3.824 3.598
3.826 3.598
3.827 3.598
3.827 3.599
3.828 3.598
3.829 3.598
3.829 3.598
3.831 3.598
3.831 3.598
3.833 3.597
3.834 3.598
3.835 3.597
3.837 3.596
3.839 3.596
3.841 3.596
3.843 3.596
3.845 3.595
3.848 3.597
3.846 3.599
3.843 3.600
3.840 3.600
3.838 3.600
3.833 3.600
3.832 3.598
3.834 3.596
3.836 3.595
3.838 3.595
3.839 3.596
3.843 3.595
3.844 3.598
3.845 3.598
3.846 3.598
3.845 3.598
3.845 3.599
3.845 3.597
3.847 3.596
3.848 3.596
3.850 3.595
3.851 3.596
3.852 3.597
3.851 3.600
3.849 3.603
3.847 3.605
3.845 3.607
3.843 3.609
3.843 3.592
3.842 3.562
3.841 3.548
3.842 3.540
3.840 3.535
3.841 3.531
3.844 3.529
3.845 3.533
3.848 3.537
3.850 3.540
3.852 3.538
3.854 3.533
3.855 3.527
3.857 3.522
3.858 3.519
3.860 3.516
3.860 3.515
3.857 3.517
3.854 3.519
3.852 3.520
3.849 3.523
3.845 3.525
3.845 3.525
3.845 3.524
3.845 3.523
3.845 3.524
3.844 3.523
3.843 3.525
3.844 3.528
3.844 3.528
3.844 3.528
3.843 3.528
3.842 3.528
3.840 3.528
3.838 3.530
3.835 3.532
3.833 3.533
3.831 3.533
3.831 3.533
3.831 3.533
3.831 3.534
3.830 3.536
3.830 3.538
3.831 3.537
3.833 3.535
3.835 3.533
3.837 3.531
3.838 3.530
3.839 3.528
3.840 3.529
3.841 3.530
3.841 3.530
3.840 3.532
3.842 3.533
3.838 3.537
3.835 3.538
3.831 3.540
3.826 3.542
3.822 3.544
3.820 3.544
3.821 3.545
3.823 3.545
3.824 3.546
3.826 3.546
3.828 3.544
3.835 3.540
3.840 3.537
3.847 3.534
3.852 3.531
3.857 3.528
3.853 3.528
3.848 3.528
3.843 3.528
3.837 3.528
3.831 3.531
3.827 3.534
3.827 3.537
3.828 3.542
3.831 3.542
3.835 3.541
3.840 3.540
3.845 3.538
3.847 3.536
3.847 3.535
3.847 3.535
3.848 3.533
3.850 3.530
3.850 3.528
3.850 3.524
3.850 3.523
3.847 3.525
3.844 3.528
3.844 3.531
3.844 3.535
3.844 3.538
3.847 3.539
3.848 3.540
3.850 3.537
3.852 3.532
3.855 3.528
3.857 3.523
3.860 3.518
3.860 3.513
3.860 3.507
3.859 3.504
3.859 3.499
3.855 3.500
3.851 3.504
3.849 3.507
3.848 3.511
3.848 3.515
3.847 3.518
3.847 3.521
3.849 3.523
3.848 3.523
3.847 3.523
3.845 3.524
3.845 3.523
3.844 3.523
3.844 3.522
3.848 3.522
3.852 3.523
3.858 3.524
3.864 3.525
3.866 3.525
3.863 3.526
3.860 3.525
3.857 3.522
3.853 3.520
3.850 3.518
3.847 3.516
3.846 3.515
3.847 3.513
3.846 3.510
3.845 3.508
3.845 3.506
3.844 3.503
3.841 3.503
3.840 3.504
3.839 3.508
3.838 3.511
3.836 3.516
3.835 3.518
3.835 3.522
3.836 3.523
3.838 3.525
3.838 3.528
3.840 3.532
3.843 3.525
3.843 3.520
3.841 3.516
3.841 3.511
3.836 3.508
3.831 3.511
3.826 3.514
3.824 3.516
3.823 3.517
3.827 3.518
3.836 3.520
3.843 3.521
3.850 3.520
3.852 3.521
3.855 3.522
3.850 3.524
3.843 3.528
3.837 3.531
3.836 3.528
3.838 3.524
3.840 3.520
3.843 3.518
3.847 3.518
3.850 3.516
3.850 3.518
3.849 3.518
3.846 3.520
3.843 3.521
3.840 3.523
3.838 3.525
3.836 3.524
3.834 3.525
3.835 3.524
3.834 3.525
3.833 3.527
3.832 3.527
3.832 3.526
3.829 3.527
3.827 3.525
3.825 3.525
3.823 3.524
3.823 3.523
3.821 3.520
3.824 3.520
3.828 3.518
3.833 3.515
3.832 3.517
3.832 3.519
3.832 3.520
3.827 3.522
3.823 3.524
3.821 3.523
3.821 3.521
3.823 3.518
3.828 3.516
3.834 3.516
3.840 3.518
3.844 3.520
3.850 3.523
3.853 3.525
3.851 3.525
3.847 3.525
3.839 3.530
3.831 3.533
3.825 3.536
3.819 3.539
3.818 3.542
3.818 3.545
3.820 3.546
3.819 3.548
3.820 3.550
3.821 3.551
3.822 3.551
3.823 3.552
3.824 3.551
3.826 3.550
3.828 3.550
3.828 3.550
3.828 3.548
3.827 3.547
3.827 3.545
3.827 3.543
3.826 3.540
3.830 3.539
3.833 3.539
3.835 3.539
3.837 3.541
3.833 3.542
3.827 3.542
3.824 3.540
3.824 3.535
3.822 3.533
3.821 3.534
3.821 3.535
3.822 3.535
3.824 3.534
3.825 3.534
3.826 3.534
3.831 3.534
3.837 3.534
3.840 3.534
3.842 3.535
3.845 3.535
3.845 3.535
3.840 3.535
3.836 3.535
3.833 3.534
3.830 3.535
3.826 3.535
3.825 3.536
3.828 3.535
3.831 3.533
3.835 3.532
3.839 3.530
3.843 3.528
3.845 3.528
3.847 3.527
3.848 3.527
3.848 3.526
3.849 3.526
3.850 3.526
3.851 3.525
3.850 3.524
3.843 3.523
3.836 3.523
3.828 3.521
3.821 3.521
3.819 3.521
3.822 3.521
3.823 3.523
3.826 3.523
3.824 3.525
3.822 3.533
3.821 3.538
3.818 3.543
3.813 3.550
3.814 3.550
3.815 3.546
3.816 3.542
3.819 3.537
3.823 3.533
3.828 3.529
3.828 3.530
3.831 3.535
3.833 3.540
3.828 3.548
3.826 3.551
3.823 3.546
3.822 3.540
3.820 3.535
3.821 3.529
3.824 3.528
3.827 3.528
3.831 3.530
3.834 3.532
3.836 3.531
3.833 3.530
3.830 3.528
3.827 3.530
3.823 3.535
3.820 3.540
3.819 3.545
3.818 3.543
3.818 3.532
3.817 3.520
3.818 3.513
3.821 3.521
3.824 3.530
3.828 3.537
3.831 3.542
3.835 3.545
3.835 3.548
3.834 3.549
3.833 3.542
3.833 3.534
3.835 3.524
3.839 3.523
3.840 3.523
3.845 3.521
3.847 3.521
3.847 3.527
3.845 3.533
3.844 3.539
3.842 3.545
3.838 3.548
3.836 3.550
3.840 3.547
3.843 3.543
3.847 3.538
3.851 3.535
3.854 3.532
3.852 3.533
3.852 3.530
3.851 3.528
3.850 3.525
3.848 3.525
3.847 3.527
3.847 3.528
3.847 3.528
3.847 3.528
3.847 3.529
3.847 3.531
3.847 3.529
3.848 3.528
3.849 3.525
3.850 3.523
3.850 3.522
3.848 3.521
3.846 3.523
3.844 3.523
3.841 3.523
3.839 3.524
3.838 3.523
3.835 3.523
3.835 3.522
3.833 3.528
3.831 3.533
3.831 3.539
3.829 3.544
3.830 3.544
3.831 3.542
3.833 3.540
3.834 3.540
3.835 3.536
3.834 3.532
3.832 3.528
3.831 3.523
3.830 3.521
3.828 3.526
3.828 3.530
3.828 3.535
3.827 3.537
3.827 3.534
3.827 3.530
3.826 3.528
3.826 3.531
3.826 3.534
3.826 3.537
3.826 3.539
3.825 3.538
3.826 3.537
3.826 3.535
3.825 3.533
3.824 3.532
3.823 3.530
3.823 3.530
3.823 3.528
3.824 3.525
3.824 3.523
3.824 3.526
3.824 3.528
3.824 3.528
3.823 3.528
3.826 3.526
3.830 3.524
3.834 3.523
3.836 3.523
3.836 3.523
3.837 3.523
3.835 3.523
3.833 3.527
3.833 3.528
3.833 3.528
3.834 3.528
3.836 3.527
3.838 3.525
3.842 3.523
3.844 3.525
3.845 3.529
3.846 3.533
3.839 3.535
3.832 3.535
3.826 3.534
3.821 3.534
3.814 3.535
3.816 3.535
3.819 3.535
3.821 3.535
3.823 3.535
3.827 3.535
3.825 3.537
3.822 3.539
3.819 3.540
3.817 3.539
3.817 3.538
3.818 3.537
3.823 3.535
3.828 3.535
3.832 3.534
3.834 3.535
3.838 3.535
3.838 3.536
3.836 3.537
3.835 3.537
3.834 3.538
3.832 3.539
3.830 3.539
3.830 3.539
3.828 3.540
3.826 3.540
3.824 3.542
3.822 3.545
3.819 3.547
3.818 3.549
3.816 3.552
3.816 3.552
3.818 3.550
3.818 3.551
3.819 3.550
3.821 3.547
3.822 3.544
3.821 3.543
3.823 3.540
3.823 3.537
3.823 3.534
3.824 3.531
3.826 3.527
3.826 3.525
3.830 3.522
3.834 3.520
3.838 3.521
3.843 3.524
3.846 3.528
3.847 3.530
3.846 3.529
3.845 3.528
3.843 3.528
3.839 3.529
3.838 3.529
3.834 3.530
3.831 3.531
3.828 3.533
3.830 3.529
3.833 3.524
3.839 3.518
3.845 3.514
3.852 3.510
3.860 3.506
3.858 3.509
3.856 3.513
3.849 3.517
3.843 3.523
3.837 3.529
3.835 3.530
3.836 3.529
3.836 3.528
3.835 3.528
3.835 3.528
3.834 3.527
3.834 3.526
3.834 3.525
3.835 3.525
3.838 3.523
3.840 3.523
3.840 3.522
3.841 3.521
3.842 3.520
3.843 3.518
3.845 3.518
3.846 3.517
3.846 3.518
3.843 3.520
3.840 3.523
3.837 3.524
3.834 3.528
3.835 3.527
3.836 3.523
3.838 3.521
3.838 3.518
3.838 3.516
3.838 3.513
3.834 3.516
3.830 3.519
3.828 3.521
3.827 3.525
3.827 3.528
3.831 3.528
3.835 3.526
3.840 3.525
3.839 3.523
3.837 3.523
3.832 3.524
3.827 3.528
3.820 3.531
3.818 3.534
3.821 3.537
3.826 3.539
3.835 3.537
3.843 3.532
3.852 3.525
3.855 3.518
3.857 3.512
3.856 3.513
3.853 3.517
3.849 3.521
3.846 3.525
3.843 3.529
3.839 3.533
3.838 3.536
3.836 3.538
3.833 3.542
3.831 3.545
3.828 3.546
3.830 3.544
3.835 3.540
3.838 3.536
3.842 3.530
3.847 3.525
3.852 3.520
3.852 3.520
3.853 3.518
3.852 3.518
3.852 3.517
3.850 3.517
3.848 3.517
3.845 3.518
3.842 3.519
3.840 3.520
3.840 3.521
3.840 3.522
3.842 3.521
3.845 3.519
3.844 3.519
3.842 3.522
3.839 3.529
3.839 3.534
3.839 3.537
3.838 3.537
3.837 3.535
3.838 3.533
3.834 3.533
3.830 3.534
3.827 3.534
3.828 3.535
3.831 3.536
3.833 3.537
3.839 3.535
3.845 3.533
3.849 3.533
3.846 3.532
3.845 3.529
3.843 3.530
3.839 3.533
3.835 3.536
3.834 3.539
3.833 3.542
3.831 3.545
3.827 3.548
3.821 3.552
3.818 3.556
3.814 3.559
3.808 3.564
3.810 3.562
3.814 3.556
3.819 3.551
3.822 3.547
3.826 3.543
3.828 3.540
3.828 3.537
3.832 3.534
3.836 3.532
3.841 3.528
3.845 3.525
3.847 3.524
3.847 3.522
3.850 3.519
3.852 3.517
3.853 3.515
3.855 3.512
3.855 3.511
3.852 3.516
3.849 3.520
3.846 3.523
3.842 3.528
3.843 3.528
3.845 3.526
3.849 3.520
3.852 3.514
3.855 3.508
3.852 3.506
3.847 3.508
3.843 3.511
3.840 3.518
3.836 3.525
3.833 3.533
3.836 3.532
3.837 3.533
3.838 3.527
3.837 3.523
3.838 3.517
3.835 3.514
3.835 3.511
3.835 3.513
3.835 3.517
3.836 3.520
3.836 3.524
3.835 3.529
3.836 3.533
3.835 3.535
3.834 3.535
3.835 3.534
3.839 3.531
3.840 3.529
3.842 3.527
3.843 3.526
3.844 3.526
3.843 3.527
3.849 3.528
3.848 3.530
3.847 3.531
3.846 3.526
3.845 3.522
3.844 3.518
3.841 3.515
3.840 3.511
3.838 3.513
3.840 3.520
3.843 3.525
3.843 3.530
3.843 3.536
3.842 3.541
3.840 3.546
3.839 3.542
3.837 3.541
3.836 3.537
3.834 3.536
3.833 3.533
3.831 3.532
3.830 3.529
3.831 3.527
3.833 3.524
3.835 3.522
3.834 3.523
3.833 3.525
3.833 3.540
3.832 3.555
3.831 3.561
3.832 3.534
3.832 3.511
3.832 3.509
3.832 3.509
3.832 3.512
3.833 3.515
3.835 3.517
3.837 3.521
3.835 3.526
3.835 3.527
3.833 3.528
3.828 3.532
3.826 3.535
3.824 3.538
3.823 3.538
3.823 3.537
3.824 3.534
3.826 3.530
3.824 3.526
3.822 3.523
3.821 3.519
3.819 3.508
3.819 3.510
3.822 3.514
3.825 3.518
3.828 3.521
3.831 3.523
3.832 3.526
3.832 3.527
3.832 3.530
3.832 3.529
3.833 3.526
3.834 3.521
3.835 3.516
3.836 3.511
3.835 3.508
3.836 3.504
3.832 3.507
3.830 3.511
3.829 3.516
3.830 3.519
3.828 3.524
3.829 3.526
3.831 3.526
3.827 3.527
3.823 3.527
3.819 3.527
3.829 3.528
3.837 3.531
3.837 3.532
3.830 3.529
3.823 3.528
3.818 3.523
3.816 3.517
3.815 3.509
3.818 3.502
3.823 3.494
3.825 3.495
3.830 3.496
3.834 3.497
3.838 3.498
3.839 3.500
3.843 3.501
3.844 3.503
3.845 3.503
3.847 3.501
3.847 3.501
3.849 3.501
3.849 3.501
3.846 3.504
3.843 3.507
3.839 3.511
3.835 3.513
3.831 3.518
3.828 3.519
3.827 3.520
3.823 3.523
3.821 3.526
3.817 3.529
3.818 3.529
3.821 3.526
3.823 3.525
3.824 3.522
3.826 3.520
3.831 3.515
3.839 3.506
3.847 3.499
3.855 3.492
3.864 3.484
3.861 3.488
3.852 3.499
3.845 3.509
3.838 3.518
3.832 3.528
3.830 3.534
3.828 3.539
3.826 3.544
3.823 3.549
3.817 3.554
3.812 3.557
3.807 3.556
3.802 3.556
3.798 3.557
3.793 3.557
3.789 3.556
3.788 3.553
3.787 3.549
3.796 3.545
3.811 3.540
3.807 3.532
3.802 3.522
3.805 3.511
3.807 3.506
3.810 3.504
3.803 3.511
3.751 3.549
3.730 3.556
3.727 3.551
3.724 3.562
3.721 3.571
3.717 3.582
3.706 3.600
3.706 3.614
3.705 3.627
3.708 3.638
3.706 3.656
3.705 3.675
3.713 3.673
3.723 3.673
3.738 3.671
3.753 3.647
3.748 3.624
3.752 3.656
3.772 3.687
3.783 3.717
3.801 3.732
3.789 3.742
3.771 3.752
3.766 3.737
3.767 3.736
3.773 3.732
3.795 3.720
3.780 3.721
3.754 3.706
3.759 3.693
3.763 3.698
3.741 3.709
3.778 3.701
3.743 3.701
3.721 3.686
3.718 3.686
3.744 3.666
3.781 3.668
3.780 3.668
3.778 3.660
3.740 3.650
3.703 3.651
3.682 3.625
3.682 3.617
3.663 3.618
3.640 3.596
3.640 3.588
3.664 3.575
3.700 3.552
3.711 3.552
3.728 3.546
3.736 3.526
3.723 3.502
3.732 3.480
3.718 3.453
3.706 3.453
3.721 3.425
3.728 3.402
3.718 3.440
3.759 3.470
3.797 3.488
3.821 3.511
3.890 3.511
3.898 3.511
3.872 3.511
3.859 3.511
3.836 3.511
3.809 3.510
3.798 3.508
3.807 3.500
3.855 3.499
3.883 3.499
3.874 3.497
3.829 3.524
3.823 3.563
3.878 3.533
3.889 3.503
3.900 3.453
3.913 3.460
3.893 3.492
3.891 3.482
3.869 3.491
3.804 3.502
3.781 3.492
3.778 3.464
3.764 3.476
3.763 3.481
3.838 3.443
3.863 3.407
3.933 3.382
3.952 3.378
3.948 3.392
3.930 3.446
3.900 3.443
3.906 3.417
3.891 3.430
3.871 3.471
3.840 3.546
3.809 3.601
3.750 3.652
3.754 3.666
3.770 3.667
3.770 3.658
3.776 3.684
3.787 3.677
3.766 3.675
3.788 3.642
3.743 3.605
3.690 3.625
3.626 3.680
3.633 3.663
3.641 3.680
3.654 3.660
3.697 3.656
3.740 3.638
3.749 3.612
3.784 3.561
3.796 3.559
3.771 3.594
3.781 3.607
3.765 3.638
3.765 3.616
3.770 3.605
3.741 3.583
3.718 3.569
3.692 3.601
3.649 3.623
3.674 3.623
3.659 3.643
3.631 3.675
3.589 3.741
3.567 3.788
3.555 3.827
3.559 3.848
3.594 3.816
3.619 3.807
3.628 3.822
3.674 3.794
3.692 3.789
3.701 3.814
3.681 3.839
3.690 3.812
3.695 3.829
3.703 3.825
3.721 3.827
3.727 3.842
3.717 3.863
3.699 3.892
3.660 3.923
3.607 3.936
3.609 3.891
3.617 3.864
3.634 3.872
3.650 3.892
3.601 3.903
3.567 3.885
3.540 3.894
3.488 3.892
3.467 3.877
3.473 3.886
3.520 3.854
3.598 3.795
3.608 3.792
3.588 3.811
3.593 3.800
3.590 3.789
3.596 3.771
3.616 3.776
3.611 3.765
3.611 3.731
3.608 3.739
3.608 3.752
3.626 3.735
3.637 3.719
3.665 3.698
3.676 3.704
3.667 3.730
3.670 3.742
3.678 3.747
3.689 3.735
3.684 3.728
3.654 3.753
3.625 3.777
3.655 3.737
3.663 3.727
3.665 3.715
3.669 3.696
3.658 3.745
3.678 3.772
3.691 3.799
3.691 3.825
3.636 3.837
3.593 3.846
3.579 3.859
3.640 3.826
3.609 3.847
3.613 3.825
3.570 3.820
3.499 3.851
3.446 3.890
3.408 3.902
3.347 3.941
3.336 3.951
3.367 3.903
3.432 3.794
3.505 3.734
3.560 3.692
3.593 3.653
3.597 3.650
3.597 3.675
3.618 3.653
3.629 3.642
3.646 3.657
3.633 3.686
3.613 3.750
3.610 3.796
3.583 3.822
3.599 3.805
3.612 3.797
3.603 3.800
3.614 3.832
3.601 3.859
3.555 3.892
3.526 3.908
3.535 3.899
3.551 3.890
3.570 3.890
3.584 3.869
3.587 3.859
3.629 3.810
3.647 3.780
3.647 3.761
3.656 3.740
3.649 3.746
3.639 3.762
3.673 3.726
3.688 3.707
3.708 3.678
3.710 3.651
3.700 3.670
3.690 3.691
3.706 3.653
3.717 3.600
3.713 3.608
3.720 3.610
3.719 3.614
3.723 3.619
3.713 3.625
3.700 3.645
3.718 3.650
3.706 3.652
3.694 3.652
3.702 3.653
3.704 3.650
3.694 3.668
3.697 3.674
3.688 3.672
3.680 3.669
3.680 3.662
3.684 3.649
3.683 3.670
3.683 3.674
3.690 3.666
3.698 3.660
3.691 3.658
3.685 3.656
3.678 3.653
3.678 3.658
3.681 3.665
3.675 3.673
3.681 3.666
3.686 3.670
3.684 3.672
3.674 3.684
3.665 3.696
3.643 3.714
3.644 3.721
3.645 3.734
3.634 3.727
3.633 3.687
3.633 3.646
3.620 3.622
3.620 3.629
3.616 3.637
3.621 3.628
3.649 3.595
3.672 3.573
3.670 3.572
3.670 3.566
3.660 3.565
3.659 3.558
3.660 3.550
3.652 3.555
3.652 3.552
3.652 3.563
3.642 3.575
3.642 3.571
3.641 3.566
3.641 3.566
3.668 3.540
3.694 3.515
3.701 3.509
3.698 3.515
3.695 3.520
3.686 3.530
3.680 3.536
3.672 3.544
3.663 3.551
3.658 3.559
3.652 3.568
3.642 3.585
3.630 3.603
3.618 3.621
3.618 3.620
3.621 3.617
3.623 3.615
3.619 3.615
3.620 3.608
3.621 3.602
3.636 3.594
3.650 3.592
3.665 3.589
3.678 3.590
3.693 3.591
3.708 3.591
3.722 3.592
3.737 3.592
3.753 3.594
3.767 3.600
3.783 3.604
3.789 3.608
3.789 3.608
3.789 3.610
3.790 3.611
3.790 3.612
3.791 3.613
3.791 3.615
3.791 3.618
3.792 3.620
3.792 3.622
3.793 3.624
3.793 3.627
3.794 3.629
3.793 3.633
3.793 3.635
3.794 3.638
3.798 3.639
3.802 3.641
3.807 3.641
3.807 3.641
3.804 3.640
3.798 3.639
3.794 3.639
3.794 3.637
3.796 3.634
3.796 3.631
3.792 3.632
3.783 3.637
3.778 3.641
3.777 3.644
3.775 3.649
3.770 3.653
3.767 3.655
3.763 3.655
3.758 3.655
3.760 3.654
3.771 3.653
3.780 3.652
3.787 3.649
3.790 3.646
3.791 3.645
3.792 3.644
3.792 3.643
3.794 3.643
3.800 3.643
3.804 3.643
3.799 3.643
3.795 3.643
3.796 3.643
3.797 3.642
3.798 3.641
3.798 3.640
3.798 3.640
3.799 3.641
3.801 3.636
3.805 3.620
3.814 3.602
3.810 3.596
3.805 3.598
3.804 3.601
3.802 3.594
3.808 3.574
3.811 3.559
3.801 3.531
3.802 3.516
3.816 3.501
3.815 3.515
3.809 3.515
3.792 3.518
3.764 3.541
3.765 3.558
3.772 3.571
3.778 3.564
3.781 3.558
3.771 3.563
3.796 3.526
3.848 3.489
3.901 3.441
3.912 3.418
3.910 3.389
3.915 3.364
3.911 3.374
3.907 3.385
3.913 3.382
3.921 3.375
3.936 3.348
3.940 3.322
3.937 3.317
3.941 3.309
3.952 3.297
3.958 3.283
3.954 3.277
3.956 3.276
3.967 3.276
3.990 3.261
3.988 3.276
3.986 3.295
3.960 3.340
3.950 3.382
3.957 3.320
3.962 3.261
3.949 3.260
3.946 3.265
3.943 3.271
3.953 3.257
3.961 3.239
3.970 3.227
3.973 3.214
3.996 3.200
4.002 3.203
4.004 3.197
4.025 3.190
4.034 3.189
4.033 3.176
4.035 3.183
4.051 3.189
4.072 3.181
4.080 3.178
4.055 3.189
4.069 3.186
4.070 3.201
4.045 3.231
4.024 3.258
4.010 3.290
3.988 3.308
3.988 3.333
3.985 3.355
3.980 3.355
3.992 3.355
3.993 3.361
3.995 3.355
4.006 3.348
4.015 3.341
4.028 3.321
4.057 3.302
4.045 3.313
4.036 3.311
4.042 3.313
4.018 3.320
4.039 3.322
4.049 3.335
4.036 3.332
4.033 3.321
4.014 3.330
4.006 3.333
3.995 3.335
3.991 3.340
3.996 3.323
4.004 3.314
4.007 3.320
4.011 3.321
4.015 3.328
4.010 3.331
4.016 3.330
4.018 3.335
4.016 3.331
4.029 3.327
4.024 3.335
4.025 3.340
4.037 3.345
4.028 3.363
4.023 3.371
4.028 3.380
4.039 3.386
4.053 3.375
4.057 3.378
4.043 3.379
4.050 3.373
4.045 3.390
4.026 3.395
4.021 3.397
4.030 3.419
4.031 3.433
4.039 3.446
4.046 3.455
4.054 3.443
4.059 3.431
4.046 3.438
4.033 3.443
4.024 3.447
4.034 3.447
4.041 3.448
4.050 3.448
4.059 3.446
4.063 3.443
4.066 3.441
4.071 3.442
4.075 3.444
4.072 3.453
4.068 3.462
4.063 3.472
4.062 3.478
4.066 3.477
4.070 3.475
4.070 3.476
4.071 3.476
4.073 3.475
4.075 3.476
4.075 3.477
4.077 3.478
4.078 3.479
4.079 3.480
4.081 3.481
4.084 3.481
4.087 3.481
4.090 3.480
4.093 3.477
4.097 3.476
4.104 3.472
4.108 3.466
4.110 3.463
4.109 3.465
4.109 3.465
4.104 3.465
4.101 3.469
4.097 3.475
4.096 3.475
4.096 3.477
4.095 3.477
4.092 3.475
4.089 3.472
4.087 3.467
4.083 3.465
4.080 3.461
4.083 3.458
4.085 3.456
4.088 3.455
4.092 3.453
4.096 3.451
4.097 3.448
4.097 3.445
4.097 3.442
4.096 3.441
4.094 3.441
4.090 3.440
4.087 3.442
4.083 3.446
4.080 3.451
4.076 3.455
4.073 3.459
4.070 3.463
4.069 3.465
4.068 3.466
4.066 3.467
4.063 3.470
4.060 3.472
4.056 3.474
4.052 3.474
4.049 3.474
4.050 3.470
4.051 3.466
4.051 3.463
4.053 3.459
4.057 3.454
4.058 3.450
4.060 3.446
4.063 3.443
4.066 3.442
4.071 3.443
4.075 3.445
4.075 3.448
4.075 3.453
4.075 3.457
4.075 3.456
4.075 3.455
4.072 3.458
4.069 3.460
4.063 3.463
4.053 3.467
4.044 3.473
4.039 3.475
4.037 3.472
4.036 3.470
4.037 3.469
4.039 3.467
4.041 3.466
4.041 3.469
4.041 3.469
4.042 3.470
4.042 3.470
4.045 3.468
4.046 3.469
4.046 3.469
4.046 3.470
4.046 3.470
4.046 3.470
4.046 3.470
4.049 3.467
4.051 3.466
4.055 3.463
4.056 3.460
4.058 3.458
4.059 3.456
4.060 3.454
4.062 3.452
4.064 3.450
4.067 3.448
4.069 3.446
4.070 3.445
4.073 3.442
4.073 3.439
4.073 3.436
4.073 3.434
4.068 3.436
4.061 3.439
4.054 3.443
4.049 3.447
4.042 3.451
4.039 3.453
4.039 3.452
4.039 3.450
4.035 3.450
4.032 3.454
4.030 3.457
4.024 3.463
4.020 3.468
4.017 3.473
4.017 3.476
4.017 3.477
4.018 3.476
4.020 3.475
4.022 3.475
4.024 3.474
4.027 3.473
4.029 3.472
4.037 3.467
4.044 3.464
4.051 3.458
4.055 3.454
4.059 3.450
4.061 3.447
4.057 3.450
4.054 3.453
4.051 3.455
4.047 3.457
4.042 3.459
4.039 3.460
4.035 3.462
4.033 3.462
4.034 3.464
4.034 3.467
4.035 3.469
4.038 3.470
4.042 3.470
4.043 3.470
4.044 3.469
4.045 3.467
4.046 3.466
4.048 3.464
4.050 3.462
4.052 3.462
4.054 3.464
4.058 3.465
4.062 3.464
4.066 3.463
4.068 3.464
4.070 3.461
4.071 3.460
4.072 3.459
4.072 3.458
4.073 3.457
4.074 3.455
4.075 3.453
4.078 3.450
4.077 3.450
4.077 3.449
4.075 3.448
4.073 3.451
4.070 3.453
4.069 3.455
4.069 3.455
4.068 3.456
4.068 3.455
4.067 3.454
4.068 3.453
4.070 3.448
4.072 3.445
4.075 3.441
4.077 3.439
4.080 3.437
4.080 3.438
4.078 3.440
4.076 3.441
4.077 3.443
4.078 3.446
4.078 3.448
4.080 3.450
4.081 3.453
4.081 3.454
4.082 3.458
4.083 3.460
4.085 3.462
4.087 3.463
4.089 3.464
4.085 3.463
4.083 3.460
4.080 3.457
4.078 3.453
4.077 3.448
4.078 3.443
4.081 3.441
4.083 3.441
4.084 3.443
4.083 3.446
4.082 3.450
4.083 3.451
4.081 3.452
4.080 3.452
4.081 3.450
4.083 3.448
4.079 3.448
4.073 3.450
4.068 3.455
4.063 3.460
4.061 3.460
4.058 3.462
4.058 3.465
4.061 3.461
4.064 3.457
4.066 3.453
4.070 3.449
4.073 3.443
4.075 3.440
4.078 3.438
4.080 3.438
4.078 3.441
4.075 3.446
4.072 3.450
4.069 3.453
4.066 3.455
4.065 3.455
4.063 3.455
4.063 3.455
4.061 3.454
4.057 3.457
