-8.385    0.405    -0.000
-10.411    2.618    -0.000
-12.437    4.833    -0.000
-14.464    7.046    -0.000
-16.491    9.259    -0.000
-18.518    11.472    -0.000
-20.549    13.681    -0.000
-22.583    15.888    -0.000
-24.616    18.095    -0.000
-26.640    20.311    -0.000
-28.665    22.526    -0.000
-30.689    24.742    -0.000
-32.784    27.029    -0.000
-34.744    29.168    -0.000
-36.773    31.379    -0.000
-38.804    33.588    -0.000
-40.836    35.796    -0.000
-42.861    38.012    -0.000
-44.881    40.231    -0.000
-46.968    42.524    -0.000
-48.931    44.661    -0.000
-50.962    46.869    -0.000
-52.993    49.080    -0.000
-55.022    51.291    -0.000
-57.050    53.503    -0.000
-59.078    55.715    -0.001
-61.103    57.930    -0.001
-63.130    60.144    -0.001
-65.155    62.359    -0.001
-67.180    64.573    -0.001
-69.206    66.788    -0.001
-71.233    69.000    -0.001
-73.260    71.213    -0.001
-75.289    73.425    -0.001
-77.316    75.638    -0.001
-79.343    77.851    -0.001
-81.370    80.064    -0.001
-83.396    82.279    -0.001
-85.489    84.567    -0.001
-87.513    86.782    -0.001
-89.468    88.926    -0.001
-91.557    91.217    -0.001
-93.516    93.357    -0.001
-95.547    95.568    -0.001
-97.577    97.777    -0.001
-99.673    100.063    -0.002
-101.633    102.201    -0.002
-103.729    104.487    -0.002
-105.690    106.625    -0.002
-107.785    108.912    -0.002
-109.745    111.051    -0.002
-111.770    113.265    -0.002
-113.795    115.480    -0.002
-115.822    117.693    -0.002
-117.916    119.980    -0.002
-119.876    122.119    -0.002
-121.905    124.330    -0.002
-123.935    126.541    -0.002
-125.965    128.751    -0.003
-128.057    131.040    -0.003
-130.015    133.182    -0.003
-132.040    135.397    -0.003
-134.068    137.608    -0.003
-136.097    139.820    -0.003
-138.125    142.032    -0.003
-140.151    144.246    -0.003
-142.178    146.458    -0.003
-144.271    148.747    -0.003
-146.229    150.888    -0.003
-148.253    153.103    -0.004
-150.280    155.317    -0.004
-152.375    157.603    -0.004
-154.402    159.816    -0.004
-156.359    161.958    -0.004
-158.382    164.175    -0.004
-160.475    166.464    -0.004
-162.434    168.603    -0.004
-164.528    170.890    -0.004
-166.491    173.026    -0.005
-168.524    175.234    -0.005
-170.557    177.441    -0.005
-172.650    179.729    -0.005
-174.609    181.869    -0.005
-176.635    184.084    -0.005
-178.663    186.295    -0.005
-180.692    188.507    -0.005
-182.787    190.794    -0.005
-184.749    192.931    -0.006
-186.795    195.126    -0.006
-188.844    197.318    -0.006
-190.838    199.426    -0.006
-192.923    201.584    -0.006
-194.812    203.514    -0.006
-196.922    205.648    -0.006
-199.039    207.776    -0.006
-201.109    209.808    -0.007
-203.255    211.907    -0.007
-205.328    213.936    -0.007
-207.571    216.078    -0.007
-209.748    218.142    -0.007
-211.787    220.064    -0.007
-214.065    222.169    -0.007
-216.196    224.137    -0.008
-218.410    226.163    -0.008
-220.571    228.097    -0.008
-222.832    230.070    -0.008
-225.089    232.049    -0.008
-227.288    233.940    -0.008
-229.579    235.879    -0.009
-231.877    237.809    -0.009
-234.186    239.727    -0.009
-236.344    241.512    -0.009
-238.689    243.385    -0.009
-241.035    245.257    -0.009
-243.386    247.122    -0.009
-245.682    248.894    -0.010
-248.072    250.710    -0.010
-250.457    252.532    -0.010
-252.853    254.339    -0.010
-255.178    256.074    -0.010
-257.524    257.781    -0.010
-259.965    259.526    -0.011
-262.412    261.263    -0.011
-264.779    262.941    -0.011
-267.329    264.706    -0.011
-269.715    266.356    -0.011
-272.193    268.049    -0.011
-274.610    269.653    -0.012
-277.113    271.309    -0.012
-279.541    272.898    -0.012
-282.071    274.511    -0.012
-284.605    276.118    -0.012
-287.151    277.707    -0.013
-289.701    279.291    -0.013
-292.096    280.741    -0.013
-294.673    282.280    -0.013
-297.249    283.819    -0.013
-299.759    285.275    -0.013
-302.361    286.770    -0.014
-304.965    288.261    -0.014
-307.489    289.691    -0.014
-310.120    291.137    -0.014
-312.754    292.574    -0.014
-315.312    293.943    -0.015
-317.967    295.342    -0.015
-320.704    296.799    -0.015
-323.275    298.143    -0.015
-325.949    299.504    -0.015
-328.459    300.748    -0.016
-331.159    302.060    -0.016
-333.862    303.363    -0.016
-336.572    304.652    -0.016
-339.286    305.931    -0.016
-342.001    307.211    -0.017
-344.556    308.359    -0.017
-347.297    309.582    -0.017
-350.039    310.800    -0.017
-352.797    311.984    -0.017
-355.555    313.167    -0.018
-358.225    314.302    -0.018
-360.907    315.409    -0.018
-363.687    316.538    -0.018
-366.473    317.653    -0.018
-369.174    318.711    -0.019
-371.978    319.784    -0.019
-374.783    320.848    -0.019
-377.499    321.867    -0.019
-380.325    322.879    -0.020
-383.150    323.893    -0.020
-385.793    324.820    -0.020
-388.731    325.812    -0.020
-391.575    326.772    -0.020
-394.326    327.689    -0.021
-397.177    328.627    -0.021
-399.952    329.473    -0.021
-402.823    330.347    -0.021
-405.698    331.206    -0.022
-408.580    332.046    -0.022
-411.461    332.885    -0.022
-414.342    333.725    -0.022
-417.223    334.566    -0.022
-420.104    335.405    -0.023
-422.986    336.245    -0.023
-425.867    337.086    -0.023
-428.748    337.926    -0.023
-431.629    338.765    -0.024
-434.511    339.605    -0.024
-437.391    340.446    -0.024
-440.272    341.285    -0.024
-443.153    342.125    -0.025
-446.035    342.965    -0.025
-448.916    343.806    -0.025
-451.797    344.645    -0.025
-454.678    345.485    -0.026
-457.559    346.325    -0.026
-460.441    347.165    -0.026
-463.322    348.005    -0.026
-466.203    348.845    -0.027
-468.989    349.653    -0.027
-471.871    350.489    -0.027
-474.850    351.353    -0.027
-477.636    352.161    -0.028
-480.518    352.997    -0.028
-483.400    353.833    -0.028
-486.283    354.668    -0.028
-489.166    355.504    -0.029
-492.144    356.367    -0.029
-494.931    357.172    -0.029
-497.910    358.033    -0.029
-500.794    358.867    -0.030
-503.676    359.701    -0.030
-506.463    360.506    -0.030
-509.442    361.367    -0.031
-512.230    362.171    -0.031
-515.114    362.997    -0.031
-518.000    363.825    -0.031
-520.885    364.652    -0.032
-523.770    365.478    -0.032
-526.654    366.306    -0.032
-529.537    367.139    -0.033
-532.420    367.973    -0.033
-535.399    368.835    -0.033
-538.186    369.642    -0.033
-541.164    370.506    -0.034
-544.045    371.346    -0.034
-546.927    372.184    -0.034
-549.808    373.024    -0.035
-552.686    373.874    -0.035
-555.562    374.729    -0.035
-558.430    375.614    -0.036
-561.305    376.476    -0.036
-564.174    377.357    -0.036
-567.042    378.239    -0.036
-570.003    379.161    -0.037
-572.854    380.100    -0.037
-575.792    381.090    -0.037
-578.630    382.066    -0.038
-581.559    383.085    -0.038
-584.378    384.116    -0.038
-587.465    385.284    -0.039
-590.165    386.346    -0.039
-593.040    387.507    -0.039
-595.909    388.685    -0.040
-598.664    389.876    -0.040
-601.488    391.156    -0.040
-604.387    392.513    -0.041
-607.075    393.849    -0.041
-609.750    395.208    -0.041
-612.499    396.643    -0.042
-615.322    398.152    -0.042
-617.929    399.640    -0.042
-620.688    401.261    -0.043
-623.406    402.954    -0.043
-626.014    404.629    -0.044
-628.492    406.322    -0.044
-631.104    408.174    -0.044
-633.676    410.079    -0.045
-636.044    411.922    -0.045
-638.524    413.945    -0.045
-640.871    415.973    -0.046
-643.247    418.116    -0.046
-645.566    420.324    -0.047
-647.836    422.581    -0.047
-649.904    424.755    -0.047
-652.095    427.224    -0.048
-654.096    429.593    -0.048
-656.043    432.006    -0.048
-657.971    434.561    -0.049
-659.799    437.189    -0.049
-661.562    439.860    -0.049
-663.153    442.405    -0.050
-664.754    445.177    -0.050
-666.307    448.089    -0.051
-667.739    450.952    -0.051
-669.056    453.870    -0.051
-670.220    456.636    -0.052
-671.424    459.816    -0.052
-672.413    462.755    -0.052
-673.362    465.812    -0.053
-674.217    468.896    -0.053
-674.961    471.907    -0.053
-675.646    475.135    -0.054
-676.180    478.089    -0.054
-676.668    481.252    -0.054
-677.060    484.630    -0.054
-677.297    487.521    -0.055
-677.494    490.815    -0.055
-677.555    494.116    -0.055
-677.528    497.218    -0.055
-677.410    500.417    -0.056
-677.187    503.609    -0.056
-676.848    506.793    -0.056
-676.441    509.967    -0.056
-675.899    513.122    -0.056
-675.302    516.062    -0.057
-674.563    519.280    -0.057
-673.779    522.280    -0.057
-672.871    525.349    -0.057
-671.851    528.383    -0.057
-670.705    531.478    -0.057
-669.544    534.354    -0.058
-668.260    537.287    -0.058
-666.895    540.182    -0.058
-665.463    542.932    -0.058
-663.862    545.818    -0.058
-662.263    548.477    -0.058
-660.592    551.088    -0.058
-658.665    553.891    -0.058
-656.877    556.300    -0.058
-654.842    558.899    -0.058
-652.839    561.266    -0.058
-650.719    563.665    -0.058
-648.507    565.978    -0.058
-646.243    568.241    -0.058
-643.903    570.425    -0.058
-641.568    572.465    -0.058
-639.020    574.565    -0.058
-636.728    576.343    -0.058
-634.142    578.230    -0.058
-631.505    580.044    -0.058
-628.800    581.754    -0.058
-625.950    583.420    -0.057
-623.141    584.956    -0.057
-620.376    586.358    -0.057
-617.482    587.726    -0.057
-614.446    589.021    -0.057
-611.561    590.157    -0.057
-608.644    591.211    -0.056
-605.416    592.280    -0.056
-602.429    593.113    -0.056
-599.325    593.895    -0.056
-596.401    594.569    -0.056
-593.159    595.195    -0.055
-589.901    595.720    -0.055
-586.822    596.095    -0.055
-583.737    596.397    -0.055
-580.542    596.595    -0.054
-577.244    596.705    -0.054
-574.243    596.728    -0.054
-570.844    596.611    -0.054
-567.748    596.427    -0.053
-564.559    596.145    -0.053
-561.384    595.744    -0.053
-558.418    595.287    -0.052
-555.173    594.684    -0.052
-552.141    594.034    -0.052
-549.033    593.267    -0.051
-545.853    592.381    -0.051
-542.991    591.480    -0.051
-540.052    590.489    -0.050
-537.043    589.397    -0.050
-534.150    588.280    -0.050
-531.107    587.003    -0.049
-528.283    585.722    -0.049
-525.418    584.293    -0.048
-522.757    582.904    -0.048
-520.028    581.433    -0.048
-517.258    579.830    -0.047
-514.590    578.249    -0.047
-511.945    576.629    -0.047
-509.330    574.963    -0.046
-506.667    573.186    -0.046
-504.207    571.466    -0.046
-501.629    569.569    -0.045
-499.146    567.713    -0.045
-496.769    565.881    -0.045
-494.340    563.954    -0.044
-491.943    561.986    -0.044
-489.585    559.971    -0.043
-487.333    557.987    -0.043
-485.021    555.921    -0.043
-482.783    553.921    -0.042
-480.566    551.899    -0.042
-478.305    549.775    -0.042
-476.078    547.617    -0.041
-473.814    545.355    -0.041
-471.723    543.203    -0.041
-469.702    541.122    -0.040
-467.550    538.889    -0.040
-465.488    536.708    -0.040
-463.427    534.527    -0.039
-461.365    532.345    -0.039
-459.256    530.072    -0.039
-457.229    527.859    -0.038
-455.203    525.645    -0.038
-453.167    523.440    -0.038
-451.131    521.236    -0.037
-449.095    519.031    -0.037
-447.060    516.825    -0.037
-445.025    514.619    -0.036
-442.990    512.413    -0.036
-440.890    510.131    -0.036
-438.933    507.991    -0.035
-436.906    505.777    -0.035
-434.881    503.562    -0.035
-432.787    501.274    -0.034
-430.829    499.134    -0.034
-428.803    496.920    -0.034
-426.778    494.705    -0.034
-424.751    492.492    -0.033
-422.726    490.278    -0.033
-420.633    487.988    -0.033
-418.675    485.848    -0.032
-416.650    483.633    -0.032
-414.625    481.419    -0.032
-412.600    479.204    -0.031
-410.574    476.990    -0.031
-408.549    474.775    -0.031
-406.524    472.560    -0.031
-404.498    470.345    -0.030
-402.473    468.131    -0.030
-400.447    465.916    -0.030
-398.421    463.702    -0.029
-396.330    461.413    -0.029
-394.372    459.272    -0.029
-392.346    457.058    -0.028
-390.321    454.843    -0.028
-388.296    452.628    -0.028
-386.270    450.413    -0.028
-384.245    448.199    -0.027
-382.220    445.984    -0.027
-380.195    443.770    -0.027
-378.169    441.554    -0.027
-376.144    439.340    -0.026
-374.119    437.125    -0.026
-372.093    434.911    -0.026
-370.068    432.696    -0.025
-368.043    430.481    -0.025
-366.017    428.266    -0.025
-363.991    426.053    -0.025
-361.964    423.841    -0.024
-359.869    421.553    -0.024
-357.909    419.415    -0.024
-355.882    417.202    -0.024
-353.787    414.915    -0.023
-351.827    412.776    -0.023
-349.800    410.564    -0.023
-347.773    408.351    -0.023
-345.745    406.138    -0.022
-343.717    403.925    -0.022
-341.690    401.713    -0.022
-339.663    399.501    -0.022
-337.635    397.287    -0.021
-335.608    395.075    -0.021
-333.581    392.862    -0.021
-331.553    390.649    -0.021
-329.458    388.363    -0.020
-327.497    386.226    -0.020
-325.468    384.013    -0.020
-323.439    381.802    -0.020
-321.411    379.591    -0.019
-319.383    377.378    -0.019
-317.354    375.167    -0.019
-315.325    372.955    -0.019
-313.297    370.744    -0.018
-311.268    368.531    -0.018
-309.240    366.320    -0.018
-307.211    364.108    -0.018
-305.182    361.897    -0.018
-303.154    359.685    -0.017
-301.126    357.473    -0.017
-299.097    355.262    -0.017
-297.068    353.050    -0.017
-295.040    350.838    -0.016
-293.012    348.626    -0.016
-290.982    346.415    -0.016
-288.954    344.203    -0.016
-286.926    341.992    -0.016
-284.897    339.781    -0.015
-282.868    337.568    -0.015
-280.840    335.357    -0.015
-278.812    333.145    -0.015
-276.782    330.934    -0.015
-274.754    328.721    -0.014
-272.726    326.510    -0.014
-270.698    324.298    -0.014
-268.668    322.087    -0.014
-266.640    319.875    -0.014
-264.612    317.663    -0.013
-262.583    315.452    -0.013
-260.555    313.240    -0.013
-258.526    311.028    -0.013
-256.497    308.816    -0.013
-254.469    306.605    -0.012
-252.441    304.393    -0.012
-250.412    302.181    -0.012
-248.383    299.969    -0.012
-246.355    297.758    -0.012
-244.326    295.547    -0.012
-242.230    293.261    -0.011
-240.270    291.123    -0.011
-238.243    288.909    -0.011
-236.217    286.696    -0.011
-234.189    284.482    -0.011
-232.163    282.269    -0.010
-230.136    280.055    -0.010
-228.109    277.843    -0.010
-226.082    275.630    -0.010
-224.056    273.416    -0.010
-222.028    271.203    -0.010
-220.002    268.989    -0.009
-217.975    266.777    -0.009
-215.949    264.563    -0.009
-213.921    262.350    -0.009
-211.895    260.136    -0.009
-209.869    257.923    -0.009
-207.840    255.710    -0.009
-205.814    253.497    -0.008
-203.788    251.283    -0.008
-201.759    249.071    -0.008
-199.733    246.858    -0.008
-197.707    244.644    -0.008
-195.679    242.431    -0.008
-193.585    240.144    -0.007
-191.558    237.930    -0.007
-189.601    235.789    -0.007
-187.575    233.575    -0.007
-185.551    231.359    -0.007
-183.458    229.070    -0.007
-181.500    226.929    -0.007
-179.476    224.715    -0.006
-177.451    222.499    -0.006
-175.425    220.285    -0.006
-173.401    218.070    -0.006
-171.376    215.855    -0.006
-169.351    213.640    -0.006
-167.259    211.350    -0.006
-165.301    209.211    -0.006
-163.207    206.923    -0.005
-161.247    204.784    -0.005
-159.221    202.570    -0.005
-157.127    200.282    -0.005
-155.167    198.143    -0.005
-153.141    195.930    -0.005
-151.047    193.642    -0.005
-149.021    191.428    -0.005
-147.061    189.290    -0.005
-144.967    187.001    -0.004
-143.009    184.863    -0.004
-140.979    182.650    -0.004
-138.952    180.439    -0.004
-136.923    178.226    -0.004
-134.895    176.015    -0.004
-132.866    173.802    -0.004
-130.838    171.591    -0.004
-128.810    169.378    -0.004
-126.716    167.091    -0.003
-124.756    164.953    -0.003
-122.730    162.739    -0.003
-120.702    160.526    -0.003
-118.676    158.312    -0.003
-116.649    156.100    -0.003
-114.621    153.886    -0.003
-112.595    151.673    -0.003
-110.568    149.460    -0.003
-108.540    147.247    -0.003
-106.514    145.033    -0.003
-104.487    142.821    -0.002
-102.461    140.608    -0.002
-100.433    138.394    -0.002
-98.341    136.105    -0.002
-96.383    133.964    -0.002
-94.358    131.750    -0.002
-92.333    129.534    -0.002
-90.308    127.320    -0.002
-88.216    125.031    -0.002
-86.258    122.890    -0.002
-84.234    120.675    -0.002
-82.207    118.461    -0.002
-80.179    116.248    -0.002
-78.152    114.036    -0.002
-76.124    111.823    -0.001
-74.096    109.611    -0.001
-72.069    107.399    -0.001
-69.974    105.111    -0.001
-68.013    102.974    -0.001
-65.919    100.687    -0.001
-63.959    98.548    -0.001
-61.931    96.335    -0.001
-59.903    94.123    -0.001
-57.876    91.910    -0.001
-55.850    89.696    -0.001
-53.823    87.482    -0.001
-51.797    85.269    -0.001
-49.772    83.055    -0.001
-47.678    80.766    -0.001
-45.719    78.627    -0.001
-43.689    76.416    -0.001
-41.657    74.208    -0.001
-39.626    71.998    -0.001
-37.595    69.789    -0.000
-35.564    67.580    -0.000
-33.532    65.371    -0.000
-31.503    63.161    -0.000
-29.475    60.948    -0.000
-27.445    58.737    -0.000
-25.417    56.525    -0.000
-23.321    54.239    -0.000
-21.361    52.101    -0.000
-19.265    49.815    -0.000
-17.304    47.677    -0.000
-15.208    45.391    -0.000
-13.247    43.254    -0.000
-11.219    41.042    -0.000
-9.193    38.828    -0.000
-7.171    36.610    -0.000
-5.147    34.395    -0.000
-3.120    32.181    -0.000
-1.094    29.968    -0.000
0.934    27.754    -0.000
2.960    25.542    -0.000
4.987    23.328    -0.000
7.014    21.115    -0.000
9.041    18.901    -0.000
11.067    16.688    -0.000
13.095    14.476    -0.000
15.122    12.262    -0.000
17.148    10.049    -0.000
19.174    7.835    -0.000
21.201    5.621    -0.000
23.227    3.407    -0.000
25.253    1.194    -0.000
27.347    -1.094    -0.000
29.306    -3.234    -0.000
31.332    -5.448    -0.000
33.426    -7.736    -0.000
35.384    -9.876    -0.000
37.411    -12.089    -0.000
39.436    -14.303    -0.000
41.463    -16.517    -0.000
43.489    -18.730    -0.000
45.515    -20.945    -0.000
47.542    -23.158    -0.000
49.570    -25.371    -0.000
51.666    -27.657    -0.000
53.626    -29.796    -0.000
55.653    -32.007    -0.000
57.749    -34.294    -0.000
59.708    -36.432    -0.000
61.736    -38.645    -0.000
63.831    -40.933    -0.000
65.789    -43.072    -0.000
67.816    -45.286    -0.001
69.843    -47.498    -0.001
71.869    -49.712    -0.001
73.897    -51.925    -0.001
75.923    -54.139    -0.001
77.950    -56.352    -0.001
79.977    -58.566    -0.001
82.003    -60.779    -0.001
84.030    -62.993    -0.001
86.056    -65.206    -0.001
88.084    -67.418    -0.001
90.113    -69.630    -0.001
92.141    -71.841    -0.001
94.170    -74.054    -0.001
96.198    -76.265    -0.001
98.226    -78.477    -0.001
100.255    -80.688    -0.001
102.284    -82.901    -0.001
104.312    -85.112    -0.001
106.339    -87.325    -0.001
108.367    -89.538    -0.002
110.394    -91.750    -0.002
112.421    -93.964    -0.002
114.449    -96.176    -0.002
116.476    -98.389    -0.002
118.503    -100.602    -0.002
120.530    -102.815    -0.002
122.625    -105.102    -0.002
124.585    -107.241    -0.002
126.679    -109.529    -0.002
128.637    -111.670    -0.002
130.661    -113.885    -0.002
132.685    -116.099    -0.002
134.711    -118.315    -0.003
136.802    -120.604    -0.003
138.760    -122.745    -0.003
140.785    -124.960    -0.003
142.810    -127.175    -0.003
144.839    -129.386    -0.003
146.867    -131.598    -0.003
148.897    -133.809    -0.003
150.925    -136.021    -0.003
152.951    -138.235    -0.003
154.977    -140.449    -0.003
157.003    -142.663    -0.004
159.028    -144.877    -0.004
161.055    -147.092    -0.004
163.080    -149.306    -0.004
165.105    -151.521    -0.004
167.130    -153.735    -0.004
169.156    -155.950    -0.004
171.181    -158.164    -0.004
173.206    -160.379    -0.004
175.232    -162.593    -0.004
177.325    -164.882    -0.005
179.351    -167.097    -0.005
181.310    -169.236    -0.005
183.339    -171.447    -0.005
185.368    -173.657    -0.005
187.465    -175.944    -0.005
189.426    -178.080    -0.005
191.455    -180.292    -0.005
193.483    -182.503    -0.006
195.511    -184.717    -0.006
197.537    -186.931    -0.006
199.562    -189.145    -0.006
201.589    -191.359    -0.006
203.615    -193.573    -0.006
205.641    -195.787    -0.006
207.667    -198.001    -0.006
209.694    -200.214    -0.007
211.722    -202.425    -0.007
213.751    -204.637    -0.007
215.847    -206.923    -0.007
217.808    -209.061    -0.007
219.837    -211.272    -0.007
221.866    -213.484    -0.007
223.894    -215.695    -0.008
225.922    -217.908    -0.008
227.950    -220.120    -0.008
229.978    -222.331    -0.008
232.006    -224.544    -0.008
234.034    -226.756    -0.008
236.131    -229.041    -0.008
238.092    -231.179    -0.009
240.189    -233.464    -0.009
242.149    -235.602    -0.009
244.177    -237.815    -0.009
246.203    -240.028    -0.009
248.297    -242.316    -0.009
250.323    -244.530    -0.010
252.283    -246.668    -0.010
254.309    -248.882    -0.010
256.403    -251.170    -0.010
258.362    -253.310    -0.010
260.388    -255.523    -0.010
262.415    -257.738    -0.011
264.441    -259.951    -0.011
266.466    -262.166    -0.011
268.492    -264.379    -0.011
270.518    -266.595    -0.011
272.542    -268.809    -0.011
274.567    -271.025    -0.012
276.592    -273.240    -0.012
278.617    -275.455    -0.012
280.641    -277.670    -0.012
282.734    -279.959    -0.012
284.759    -282.174    -0.013
286.717    -284.314    -0.013
288.743    -286.529    -0.013
290.768    -288.743    -0.013
292.793    -290.958    -0.013
294.886    -293.247    -0.014
296.911    -295.461    -0.014
298.874    -297.597    -0.014
300.905    -299.807    -0.014
302.936    -302.016    -0.014
305.034    -304.300    -0.015
306.997    -306.436    -0.015
309.027    -308.645    -0.015
311.126    -310.929    -0.015
313.087    -313.067    -0.015
315.112    -315.282    -0.016
317.137    -317.497    -0.016
319.162    -319.712    -0.016
321.187    -321.927    -0.016
323.213    -324.142    -0.016
325.240    -326.354    -0.017
327.269    -328.566    -0.017
329.296    -330.777    -0.017
331.325    -332.989    -0.017
333.421    -335.276    -0.018
335.381    -337.413    -0.018
337.410    -339.626    -0.018
339.438    -341.838    -0.018
341.466    -344.050    -0.018
343.494    -346.262    -0.019
345.523    -348.474    -0.019
347.550    -350.686    -0.019
349.578    -352.898    -0.019
351.607    -355.110    -0.020
353.635    -357.322    -0.020
355.663    -359.534    -0.020
357.692    -361.746    -0.020
359.719    -363.959    -0.021
361.747    -366.170    -0.021
363.776    -368.383    -0.021
365.803    -370.595    -0.021
367.831    -372.808    -0.022
369.859    -375.019    -0.022
371.887    -377.231    -0.022
373.915    -379.444    -0.022
375.942    -381.656    -0.023
377.971    -383.869    -0.023
379.998    -386.081    -0.023
382.093    -388.368    -0.023
384.052    -390.507    -0.024
386.148    -392.793    -0.024
388.109    -394.931    -0.024
390.205    -397.217    -0.024
392.165    -399.355    -0.025
394.193    -401.567    -0.025
396.220    -403.780    -0.025
398.246    -405.995    -0.025
400.270    -408.211    -0.026
402.362    -410.500    -0.026
404.319    -412.641    -0.026
406.411    -414.931    -0.026
408.436    -417.146    -0.027
410.391    -419.288    -0.027
412.483    -421.578    -0.027
414.442    -423.718    -0.028
416.469    -425.930    -0.028
418.498    -428.142    -0.028
420.524    -430.357    -0.028
422.617    -432.645    -0.029
424.576    -434.785    -0.029
426.603    -436.998    -0.029
428.631    -439.209    -0.030
430.727    -441.495    -0.030
432.753    -443.709    -0.030
434.710    -445.850    -0.030
436.735    -448.065    -0.031
438.760    -450.281    -0.031
440.853    -452.569    -0.031
442.815    -454.706    -0.032
444.844    -456.917    -0.032
446.873    -459.129    -0.032
448.902    -461.339    -0.033
450.932    -463.549    -0.033
452.963    -465.759    -0.033
454.994    -467.969    -0.033
457.024    -470.179    -0.034
459.055    -472.388    -0.034
461.084    -474.600    -0.034
463.110    -476.813    -0.035
465.137    -479.027    -0.035
467.164    -481.240    -0.035
469.190    -483.454    -0.036
471.216    -485.667    -0.036
473.311    -487.955    -0.036
475.335    -490.171    -0.037
477.281    -492.321    -0.037
479.362    -494.621    -0.037
481.372    -496.849    -0.038
483.369    -499.089    -0.038
485.363    -501.333    -0.038
487.404    -503.668    -0.039
489.428    -506.028    -0.039
491.307    -508.239    -0.039
493.292    -510.621    -0.040
495.224    -513.046    -0.040
497.152    -515.474    -0.040
498.997    -517.842    -0.041
500.895    -520.294    -0.041
502.711    -522.684    -0.041
504.515    -525.082    -0.042
506.282    -527.507    -0.042
508.131    -530.120    -0.042
509.867    -532.691    -0.043
511.609    -535.376    -0.043
513.213    -537.912    -0.043
514.818    -540.566    -0.044
516.360    -543.256    -0.044
517.881    -545.959    -0.044
519.354    -548.687    -0.045
520.778    -551.442    -0.045
522.149    -554.224    -0.046
523.456    -557.036    -0.046
524.730    -559.972    -0.046
525.936    -562.830    -0.047
527.076    -565.821    -0.047
528.104    -568.640    -0.047
529.101    -571.680    -0.048
530.041    -574.741    -0.048
530.862    -577.731    -0.048
531.669    -580.828    -0.049
532.349    -583.956    -0.049
532.952    -586.997    -0.049
533.465    -590.056    -0.050
533.907    -593.226    -0.050
534.268    -596.306    -0.050
534.527    -599.597    -0.051
534.694    -602.693    -0.051
534.743    -605.894    -0.051
534.706    -609.194    -0.052
534.575    -612.292    -0.052
534.338    -615.497    -0.052
533.979    -618.677    -0.052
533.555    -621.749    -0.053
533.010    -624.903    -0.053
532.368    -628.039    -0.053
531.583    -631.348    -0.053
530.828    -634.149    -0.054
529.917    -637.217    -0.054
528.889    -640.249    -0.054
527.785    -643.253    -0.054
526.569    -646.213    -0.055
525.240    -649.235    -0.055
523.885    -652.025    -0.055
522.378    -654.848    -0.055
520.864    -657.554    -0.055
519.155    -660.378    -0.055
517.468    -662.979    -0.056
515.651    -665.614    -0.056
513.757    -668.195    -0.056
511.708    -670.782    -0.056
509.641    -673.228    -0.056
507.628    -675.453    -0.056
505.330    -677.822    -0.056
503.112    -679.989    -0.056
500.836    -682.096    -0.056
498.349    -684.266    -0.056
495.945    -686.225    -0.056
493.407    -688.176    -0.056
490.798    -690.031    -0.056
488.306    -691.702    -0.056
485.508    -693.454    -0.056
482.741    -695.063    -0.056
479.927    -696.587    -0.056
477.152    -697.973    -0.056
474.157    -699.362    -0.056
471.212    -700.614    -0.056
468.324    -701.743    -0.056
465.401    -702.778    -0.056
462.440    -703.700    -0.056
459.372    -704.610    -0.056
456.174    -705.426    -0.055
453.140    -706.070    -0.055
449.996    -706.670    -0.055
446.833    -707.162    -0.055
443.656    -707.553    -0.055
440.468    -707.850    -0.055
437.372    -708.023    -0.054
434.273    -708.125    -0.054
430.874    -708.085    -0.054
427.776    -707.953    -0.054
424.781    -707.769    -0.054
421.493    -707.481    -0.053
418.323    -707.038    -0.053
415.161    -706.540    -0.053
412.011    -705.973    -0.052
408.889    -705.263    -0.052
405.889    -704.480    -0.052
402.997    -703.680    -0.052
399.761    -702.636    -0.051
396.843    -701.583    -0.051
393.876    -700.386    -0.051
391.032    -699.150    -0.050
388.130    -697.801    -0.050
385.351    -696.422    -0.050
382.458    -694.834    -0.049
379.706    -693.200    -0.049
377.158    -691.615    -0.049
374.505    -689.822    -0.048
371.909    -687.951    -0.048
369.358    -686.017    -0.048
366.880    -683.989    -0.047
364.489    -681.862    -0.047
362.209    -679.760    -0.047
359.864    -677.438    -0.046
357.673    -675.104    -0.046
355.613    -672.787    -0.046
353.609    -670.419    -0.045
351.545    -667.844    -0.045
349.701    -665.351    -0.044
347.868    -662.727    -0.044
346.126    -660.041    -0.044
344.550    -657.488    -0.043
342.883    -654.639    -0.043
341.413    -651.908    -0.043
339.985    -649.154    -0.042
338.614    -646.263    -0.042
337.345    -643.433    -0.041
336.100    -640.485    -0.041
334.986    -637.698    -0.041
333.885    -634.691    -0.040
332.881    -631.863    -0.040
331.865    -628.828    -0.040
330.936    -625.765    -0.039
330.111    -622.880    -0.039
329.322    -619.880    -0.039
328.557    -616.773    -0.038
327.877    -613.747    -0.038
327.231    -610.714    -0.038
326.622    -607.673    -0.037
326.105    -604.717    -0.037
325.605    -601.657    -0.037
325.158    -598.588    -0.036
324.761    -595.613    -0.036
324.420    -592.531    -0.036
324.102    -589.346    -0.036
323.819    -586.358    -0.035
323.556    -583.369    -0.035
323.316    -580.277    -0.035
323.108    -577.283    -0.034
322.910    -574.288    -0.034
322.728    -571.193    -0.034
322.582    -568.196    -0.034
322.451    -565.198    -0.033
322.358    -561.998    -0.033
322.275    -559.097    -0.033
322.198    -555.998    -0.032
322.140    -552.997    -0.032
322.082    -549.996    -0.032
322.024    -546.996    -0.032
321.968    -543.995    -0.031
321.913    -540.995    -0.031
321.859    -537.994    -0.031
321.806    -534.994    -0.031
321.751    -531.993    -0.030
321.697    -528.992    -0.030
321.643    -525.991    -0.030
321.586    -522.991    -0.030
321.530    -519.991    -0.029
321.473    -516.990    -0.029
321.417    -513.989    -0.029
321.356    -510.988    -0.029
321.291    -507.989    -0.028
321.242    -504.988    -0.028
321.196    -501.987    -0.028
321.142    -498.986    -0.028
321.095    -495.985    -0.027
321.050    -492.985    -0.027
320.994    -489.985    -0.027
320.946    -486.984    -0.027
320.906    -483.983    -0.026
320.846    -480.982    -0.026
320.779    -477.982    -0.026
320.724    -474.982    -0.026
320.673    -471.981    -0.026
320.616    -468.980    -0.025
320.565    -465.980    -0.025
320.519    -462.979    -0.025
320.468    -459.978    -0.025
320.417    -456.978    -0.024
320.363    -453.977    -0.024
320.300    -450.977    -0.024
320.226    -447.976    -0.024
320.139    -444.977    -0.024
320.040    -442.077    -0.023
319.916    -439.179    -0.023
319.729    -436.284    -0.023
319.510    -433.291    -0.023
319.253    -430.502    -0.023
318.943    -427.617    -0.022
318.604    -424.635    -0.022
318.239    -421.757    -0.022
317.828    -418.785    -0.022
317.403    -415.814    -0.021
316.947    -413.051    -0.021
316.421    -410.096    -0.021
315.895    -407.243    -0.021
315.317    -404.299    -0.021
314.730    -401.559    -0.020
314.068    -398.632    -0.020
313.382    -395.813    -0.020
312.640    -392.906    -0.020
311.939    -390.194    -0.020
311.129    -387.305    -0.019
310.324    -384.518    -0.019
309.488    -381.739    -0.019
308.605    -378.871    -0.019
307.709    -376.111    -0.019
306.745    -373.270    -0.018
305.766    -370.538    -0.018
304.793    -367.806    -0.018
303.732    -365.105    -0.018
302.599    -362.219    -0.017
301.536    -359.628    -0.017
300.404    -356.957    -0.017
299.247    -354.297    -0.017
298.040    -351.659    -0.017
296.811    -349.031    -0.016
295.500    -346.331    -0.016
294.165    -343.644    -0.016
292.861    -341.052    -0.016
291.473    -338.391    -0.016
290.106    -335.832    -0.015
288.747    -333.383    -0.015
287.263    -330.775    -0.015
285.803    -328.269    -0.015
284.259    -325.694    -0.015
282.715    -323.239    -0.014
281.135    -320.806    -0.014
279.535    -318.386    -0.014
277.906    -315.985    -0.014
276.207    -313.512    -0.014
274.482    -311.056    -0.014
272.785    -308.703    -0.013
271.079    -306.356    -0.013
269.338    -304.036    -0.013
267.514    -301.652    -0.013
265.780    -299.453    -0.013
263.876    -297.133    -0.012
262.045    -295.014    -0.012
260.052    -292.771    -0.012
258.110    -290.616    -0.012
256.101    -288.385    -0.012
254.091    -286.158    -0.011
252.057    -283.950    -0.011
250.022    -281.744    -0.011
247.996    -279.531    -0.011
245.970    -277.317    -0.011
243.944    -275.103    -0.011
241.917    -272.890    -0.010
239.891    -270.676    -0.010
237.864    -268.463    -0.010
235.837    -266.249    -0.010
233.810    -264.036    -0.010
231.783    -261.824    -0.010
229.753    -259.612    -0.009
227.724    -257.402    -0.009
225.694    -255.191    -0.009
223.663    -252.982    -0.009
221.631    -250.773    -0.009
219.603    -248.562    -0.009
217.577    -246.347    -0.008
215.550    -244.133    -0.008
213.527    -241.917    -0.008
211.505    -239.699    -0.008
209.482    -237.482    -0.008
207.451    -235.273    -0.008
205.420    -233.064    -0.008
203.391    -230.853    -0.007
201.365    -228.638    -0.007
199.340    -226.423    -0.007
197.317    -224.208    -0.007
195.293    -221.991    -0.007
193.270    -219.775    -0.007
191.245    -217.560    -0.007
189.218    -215.346    -0.006
187.193    -213.131    -0.006
185.169    -210.916    -0.006
183.145    -208.700    -0.006
181.119    -206.486    -0.006
179.092    -204.273    -0.006
177.066    -202.059    -0.006
175.036    -199.848    -0.006
173.005    -197.638    -0.005
170.975    -195.429    -0.005
168.945    -193.217    -0.005
166.917    -191.006    -0.005
164.890    -188.792    -0.005
162.870    -186.574    -0.005
160.849    -184.354    -0.005
158.826    -182.138    -0.005
156.800    -179.924    -0.004
154.773    -177.711    -0.004
152.744    -175.500    -0.004
150.715    -173.288    -0.004
148.685    -171.078    -0.004
146.656    -168.866    -0.004
144.628    -166.655    -0.004
142.600    -164.442    -0.004
140.573    -162.229    -0.004
138.547    -160.014    -0.004
136.521    -157.802    -0.003
134.491    -155.591    -0.003
132.464    -153.378    -0.003
130.439    -151.163    -0.003
128.414    -148.947    -0.003
126.390    -146.733    -0.003
124.364    -144.518    -0.003
122.338    -142.304    -0.003
120.314    -140.088    -0.003
118.292    -137.871    -0.003
116.270    -135.653    -0.003
114.241    -133.441    -0.002
112.212    -131.230    -0.002
110.182    -129.020    -0.002
108.149    -126.812    -0.002
106.117    -124.603    -0.002
104.086    -122.395    -0.002
102.059    -120.182    -0.002
100.030    -117.970    -0.002
98.004    -115.756    -0.002
95.979    -113.542    -0.002
93.952    -111.327    -0.002
91.923    -109.117    -0.002
89.892    -106.907    -0.002
87.859    -104.699    -0.001
85.831    -102.488    -0.001
83.802    -100.276    -0.001
81.774    -98.065    -0.001
79.744    -95.853    -0.001
77.715    -93.643    -0.001
75.687    -91.430    -0.001
73.660    -89.217    -0.001
71.634    -87.003    -0.001
69.606    -84.791    -0.001
67.579    -82.579    -0.001
65.549    -80.367    -0.001
63.525    -78.152    -0.001
61.500    -75.936    -0.001
59.475    -73.722    -0.001
57.450    -71.507    -0.001
55.425    -69.293    -0.001
53.398    -67.078    -0.001
51.372    -64.865    -0.001
49.346    -62.651    -0.000
47.317    -60.439    -0.000
45.288    -58.228    -0.000
43.258    -56.018    -0.000
41.229    -53.808    -0.000
39.198    -51.596    -0.000
37.171    -49.385    -0.000
35.150    -47.166    -0.000
33.128    -44.947    -0.000
31.105    -42.731    -0.000
29.077    -40.519    -0.000
27.048    -38.307    -0.000
25.020    -36.095    -0.000
22.991    -33.884    -0.000
20.962    -31.673    -0.000
18.938    -29.457    -0.000
16.918    -27.238    -0.000
14.897    -25.020    -0.000
12.869    -22.806    -0.000
10.842    -20.594    -0.000
8.814    -18.382    -0.000
6.786    -16.170    -0.000
4.759    -13.956    -0.000
2.732    -11.744    -0.000
0.705    -9.530    -0.000
-1.324    -7.318    -0.000
-3.349    -5.104    -0.000
-4.362    -3.996    -0.000
-6.360    -1.811    -0.000
-8.385    0.405    -0.000
6.702    0.405    -0.000
8.944    -2.042    -0.000
10.971    -4.256    -0.000
12.998    -6.469    -0.000
15.025    -8.681    -0.000
17.052    -10.895    -0.000
19.079    -13.108    -0.000
21.106    -15.321    -0.000
23.133    -17.534    -0.000
25.160    -19.748    -0.000
27.187    -21.960    -0.000
29.214    -24.174    -0.000
31.241    -26.387    -0.000
33.268    -28.600    -0.000
35.295    -30.813    -0.000
37.322    -33.027    -0.000
39.348    -35.239    -0.000
41.376    -37.452    -0.000
43.403    -39.666    -0.000
45.429    -41.878    -0.000
47.457    -44.092    -0.000
49.484    -46.304    -0.000
51.512    -48.517    -0.000
53.540    -50.729    -0.000
55.567    -52.942    -0.000
57.594    -55.155    -0.000
59.622    -57.368    -0.001
61.650    -59.580    -0.001
63.677    -61.792    -0.001
65.704    -64.005    -0.001
67.733    -66.217    -0.001
69.759    -68.432    -0.001
71.784    -70.646    -0.001
73.810    -72.860    -0.001
75.836    -75.074    -0.001
77.862    -77.289    -0.001
79.887    -79.503    -0.001
81.913    -81.717    -0.001
83.939    -83.931    -0.001
85.965    -86.145    -0.001
87.992    -88.359    -0.001
90.018    -90.572    -0.001
92.043    -92.786    -0.001
94.071    -95.000    -0.001
96.097    -97.214    -0.001
98.124    -99.426    -0.002
100.153    -101.638    -0.002
102.183    -103.848    -0.002
104.211    -106.060    -0.002
106.240    -108.271    -0.002
108.270    -110.483    -0.002
110.299    -112.693    -0.002
112.328    -114.904    -0.002
114.356    -117.116    -0.002
116.386    -119.327    -0.002
118.414    -121.539    -0.002
120.444    -123.749    -0.002
122.473    -125.961    -0.002
124.500    -128.174    -0.003
126.527    -130.387    -0.003
128.555    -132.600    -0.003
130.582    -134.812    -0.003
132.609    -137.025    -0.003
134.636    -139.238    -0.003
136.664    -141.451    -0.003
138.691    -143.663    -0.003
140.718    -145.877    -0.003
142.746    -148.089    -0.003
144.773    -150.302    -0.003
146.800    -152.515    -0.004
148.828    -154.728    -0.004
150.855    -156.941    -0.004
152.882    -159.153    -0.004
154.910    -161.366    -0.004
156.938    -163.578    -0.004
158.965    -165.791    -0.004
160.992    -168.004    -0.004
163.020    -170.217    -0.004
165.047    -172.429    -0.004
167.074    -174.643    -0.005
169.102    -176.855    -0.005
171.129    -179.069    -0.005
173.156    -181.281    -0.005
175.183    -183.494    -0.005
177.211    -185.707    -0.005
179.238    -187.919    -0.005
181.265    -190.133    -0.005
183.293    -192.345    -0.006
185.320    -194.558    -0.006
187.347    -196.771    -0.006
189.375    -198.984    -0.006
191.402    -201.196    -0.006
193.429    -203.410    -0.006
195.456    -205.622    -0.006
197.484    -207.835    -0.006
199.510    -210.048    -0.007
201.536    -212.261    -0.007
203.563    -214.476    -0.007
205.589    -216.689    -0.007
207.616    -218.903    -0.007
209.643    -221.116    -0.007
211.669    -223.330    -0.007
213.695    -225.544    -0.008
215.721    -227.758    -0.008
217.748    -229.971    -0.008
219.774    -232.185    -0.008
221.801    -234.398    -0.008
223.828    -236.612    -0.008
225.854    -238.825    -0.008
227.881    -241.038    -0.009
229.912    -243.248    -0.009
231.944    -245.456    -0.009
233.976    -247.665    -0.009
236.008    -249.873    -0.009
238.035    -252.087    -0.009
240.059    -254.302    -0.010
242.084    -256.518    -0.010
244.112    -258.730    -0.010
246.140    -260.941    -0.010
248.168    -263.153    -0.010
250.192    -265.368    -0.010
252.219    -267.583    -0.011
254.248    -269.793    -0.011
256.279    -272.003    -0.011
258.304    -274.219    -0.011
260.320    -276.442    -0.011
262.336    -278.664    -0.011
264.352    -280.888    -0.012
266.368    -283.111    -0.012
268.436    -285.422    -0.012
270.422    -287.672    -0.012
272.397    -289.931    -0.012
274.456    -292.382    -0.013
276.328    -294.727    -0.013
278.271    -297.271    -0.013
280.117    -299.763    -0.013
281.879    -302.192    -0.013
283.616    -304.639    -0.014
285.335    -307.100    -0.014
287.152    -309.735    -0.014
288.816    -312.233    -0.014
290.456    -314.745    -0.014
292.140    -317.349    -0.015
293.779    -319.982    -0.015
295.313    -322.445    -0.015
296.920    -325.213    -0.015
298.473    -327.897    -0.015
299.946    -330.512    -0.016
301.388    -333.143    -0.016
302.808    -335.901    -0.016
304.219    -338.662    -0.016
305.531    -341.361    -0.016
306.890    -344.149    -0.017
308.210    -346.955    -0.017
309.510    -349.770    -0.017
310.760    -352.609    -0.017
311.927    -355.374    -0.018
313.086    -358.142    -0.018
314.224    -361.026    -0.018
315.315    -363.929    -0.018
316.388    -366.839    -0.018
317.383    -369.670    -0.019
318.379    -372.607    -0.019
319.354    -375.550    -0.019
320.230    -378.316    -0.019
321.115    -381.288    -0.020
321.923    -384.074    -0.020
322.831    -387.352    -0.020
323.549    -390.163    -0.020
324.289    -393.174    -0.020
325.011    -396.190    -0.021
325.660    -399.120    -0.021
326.303    -402.154    -0.021
326.885    -405.097    -0.021
327.429    -408.049    -0.021
327.969    -411.204    -0.022
328.430    -414.169    -0.022
328.890    -417.237    -0.022
329.264    -420.214    -0.022
329.650    -423.291    -0.023
330.023    -426.269    -0.023
330.344    -429.453    -0.023
330.574    -432.446    -0.023
330.799    -435.539    -0.023
330.988    -438.534    -0.024
331.130    -441.632    -0.024
331.241    -444.731    -0.024
331.320    -447.731    -0.024
331.389    -450.631    -0.025
331.455    -453.732    -0.025
331.508    -456.733    -0.025
331.569    -459.732    -0.025
331.633    -462.733    -0.025
331.681    -465.734    -0.026
331.746    -468.734    -0.026
331.812    -471.735    -0.026
331.858    -474.735    -0.026
331.906    -477.736    -0.027
331.967    -480.736    -0.027
332.025    -483.737    -0.027
332.083    -486.738    -0.027
332.141    -489.738    -0.028
332.201    -492.738    -0.028
332.261    -495.739    -0.028
332.299    -498.740    -0.028
332.356    -501.741    -0.028
332.422    -504.740    -0.029
332.483    -507.741    -0.029
332.534    -510.742    -0.029
332.583    -513.743    -0.029
332.635    -516.743    -0.030
332.690    -519.744    -0.030
332.747    -522.744    -0.030
332.803    -525.745    -0.030
332.859    -528.745    -0.031
332.918    -531.746    -0.031
332.972    -534.747    -0.031
333.026    -537.747    -0.031
333.080    -540.748    -0.032
333.135    -543.748    -0.032
333.191    -546.749    -0.032
333.247    -549.750    -0.032
333.314    -552.749    -0.033
333.383    -555.750    -0.033
333.457    -558.650    -0.033
333.537    -561.650    -0.034
333.638    -564.650    -0.034
333.759    -567.648    -0.034
333.894    -570.647    -0.034
334.056    -573.643    -0.035
334.224    -576.439    -0.035
334.414    -579.434    -0.035
334.667    -582.424    -0.035
334.912    -585.315    -0.036
335.225    -588.300    -0.036
335.533    -591.185    -0.036
335.882    -594.064    -0.037
336.284    -597.038    -0.037
336.707    -599.909    -0.037
337.171    -602.873    -0.037
337.657    -605.632    -0.038
338.193    -608.381    -0.038
338.839    -611.414    -0.038
339.495    -614.240    -0.039
340.169    -616.959    -0.039
340.919    -619.865    -0.039
341.701    -622.658    -0.040
342.531    -625.437    -0.040
343.423    -628.197    -0.040
344.384    -630.935    -0.041
345.397    -633.653    -0.041
346.465    -636.350    -0.041
347.524    -638.834    -0.042
348.762    -641.569    -0.042
349.986    -644.087    -0.042
351.274    -646.575    -0.043
352.656    -649.125    -0.043
354.111    -651.635    -0.043
355.643    -654.098    -0.044
357.244    -656.517    -0.044
358.787    -658.734    -0.044
360.514    -661.065    -0.045
362.305    -663.347    -0.045
364.105    -665.493    -0.045
365.978    -667.575    -0.046
367.896    -669.616    -0.046
369.959    -671.654    -0.046
371.920    -673.511    -0.047
374.116    -675.407    -0.047
376.356    -677.250    -0.047
378.513    -678.876    -0.047
380.946    -680.631    -0.048
383.267    -682.200    -0.048
385.718    -683.751    -0.048
388.044    -685.124    -0.049
390.497    -686.476    -0.049
393.086    -687.785    -0.049
395.621    -688.976    -0.050
398.199    -690.071    -0.050
400.708    -691.070    -0.050
403.430    -692.072    -0.050
405.999    -692.905    -0.051
408.883    -693.735    -0.051
411.595    -694.431    -0.051
414.332    -695.025    -0.051
416.988    -695.513    -0.052
419.953    -695.982    -0.052
422.831    -696.339    -0.052
425.520    -696.592    -0.052
428.314    -696.779    -0.053
431.114    -696.886    -0.053
434.015    -696.869    -0.053
436.913    -696.784    -0.053
439.809    -696.623    -0.053
442.498    -696.360    -0.053
445.276    -696.008    -0.054
448.046    -695.598    -0.054
450.801    -695.091    -0.054
453.635    -694.467    -0.054
456.355    -693.800    -0.054
459.041    -693.007    -0.054
461.807    -692.135    -0.054
464.438    -691.172    -0.054
467.142    -690.124    -0.055
469.627    -689.065    -0.055
472.167    -687.887    -0.055
474.674    -686.637    -0.055
477.226    -685.258    -0.055
479.735    -683.803    -0.055
482.025    -682.370    -0.055
484.520    -680.703    -0.055
486.723    -679.139    -0.055
489.018    -677.366    -0.055
491.200    -675.610    -0.055
493.299    -673.756    -0.055
495.371    -671.871    -0.055
497.511    -669.769    -0.055
499.385    -667.824    -0.055
501.190    -665.814    -0.055
503.002    -663.679    -0.054
504.782    -661.388    -0.054
506.525    -659.069    -0.054
508.116    -656.765    -0.054
509.632    -654.410    -0.054
511.178    -651.837    -0.054
512.512    -649.489    -0.054
513.807    -647.005    -0.054
515.073    -644.396    -0.053
516.212    -641.838    -0.053
517.290    -639.252    -0.053
518.299    -636.533    -0.053
519.198    -633.880    -0.053
520.020    -631.203    -0.053
520.779    -628.404    -0.052
521.400    -625.775    -0.052
521.990    -622.833    -0.052
522.461    -620.072    -0.052
522.864    -617.300    -0.051
523.159    -614.515    -0.051
523.389    -611.724    -0.051
523.508    -608.826    -0.051
523.547    -606.025    -0.050
523.488    -603.025    -0.050
523.379    -600.427    -0.050
523.161    -597.433    -0.050
522.838    -594.752    -0.049
522.424    -591.781    -0.049
521.959    -589.018    -0.049
521.438    -586.369    -0.048
520.762    -583.445    -0.048
520.057    -580.528    -0.048
519.325    -577.824    -0.047
518.435    -574.959    -0.047
517.569    -572.400    -0.047
516.594    -569.775    -0.046
515.590    -567.160    -0.046
514.435    -564.390    -0.046
513.250    -561.742    -0.045
512.052    -559.210    -0.045
510.752    -556.505    -0.045
509.456    -554.022    -0.044
508.046    -551.374    -0.044
506.639    -548.837    -0.044
505.169    -546.336    -0.043
503.715    -543.942    -0.043
502.052    -541.324    -0.043
500.540    -538.966    -0.042
498.905    -536.570    -0.042
497.214    -534.091    -0.042
495.531    -531.728    -0.041
493.754    -529.310    -0.041
491.952    -526.910    -0.041
490.116    -524.535    -0.040
488.380    -522.337    -0.040
486.558    -520.080    -0.040
484.648    -517.766    -0.039
482.716    -515.469    -0.039
480.834    -513.262    -0.039
478.886    -510.979    -0.038
476.937    -508.696    -0.038
475.022    -506.517    -0.038
473.035    -504.269    -0.038
471.087    -502.118    -0.037
469.068    -499.899    -0.037
467.100    -497.767    -0.037
465.004    -495.481    -0.036
462.976    -493.268    -0.036
460.948    -491.057    -0.036
458.920    -488.844    -0.035
456.893    -486.631    -0.035
454.870    -484.414    -0.035
452.847    -482.197    -0.034
450.825    -479.980    -0.034
448.801    -477.763    -0.034
446.779    -475.546    -0.033
444.755    -473.330    -0.033
442.731    -471.115    -0.033
440.706    -468.900    -0.033
438.682    -466.685    -0.032
436.658    -464.469    -0.032
434.633    -462.254    -0.032
432.607    -460.039    -0.031
430.581    -457.826    -0.031
428.554    -455.611    -0.031
426.528    -453.398    -0.030
424.502    -451.184    -0.030
422.475    -448.971    -0.030
420.450    -446.756    -0.030
418.430    -444.537    -0.029
416.408    -442.318    -0.029
414.388    -440.099    -0.029
412.353    -437.893    -0.028
410.320    -435.687    -0.028
408.285    -433.480    -0.028
406.253    -431.272    -0.028
404.227    -429.059    -0.027
402.199    -426.845    -0.027
400.174    -424.631    -0.027
398.151    -422.414    -0.026
396.129    -420.197    -0.026
394.105    -417.980    -0.026
392.076    -415.769    -0.026
390.048    -413.557    -0.025
388.018    -411.346    -0.025
385.996    -409.128    -0.025
383.976    -406.910    -0.025
381.955    -404.690    -0.024
379.935    -402.471    -0.024
377.981    -400.327    -0.024
375.882    -398.044    -0.024
373.851    -395.835    -0.023
371.888    -393.699    -0.023
369.795    -391.411    -0.023
367.769    -389.196    -0.023
365.679    -386.905    -0.022
363.728    -384.758    -0.022
361.705    -382.542    -0.022
359.677    -380.329    -0.022
357.689    -378.217    -0.021
355.536    -375.868    -0.021
353.523    -373.642    -0.021
351.493    -371.432    -0.021
349.463    -369.221    -0.020
347.434    -367.011    -0.020
345.405    -364.800    -0.020
343.376    -362.588    -0.020
341.416    -360.448    -0.019
339.334    -358.151    -0.019
337.318    -355.927    -0.019
335.370    -353.778    -0.019
333.334    -351.573    -0.018
331.230    -349.294    -0.018
329.265    -347.161    -0.018
327.170    -344.874    -0.018
325.144    -342.661    -0.018
323.116    -340.448    -0.017
321.087    -338.237    -0.017
319.059    -336.025    -0.017
317.032    -333.811    -0.017
315.009    -331.595    -0.016
312.986    -329.377    -0.016
310.959    -327.165    -0.016
308.995    -325.030    -0.016
306.895    -322.748    -0.016
304.869    -320.534    -0.015
302.844    -318.319    -0.015
300.817    -316.105    -0.015
298.785    -313.897    -0.015
296.753    -311.689    -0.015
294.723    -309.478    -0.014
292.701    -307.261    -0.014
290.678    -305.043    -0.014
288.722    -302.902    -0.014
286.622    -300.619    -0.014
284.591    -298.411    -0.013
282.560    -296.200    -0.013
280.532    -293.988    -0.013
278.572    -291.850    -0.013
276.477    -289.562    -0.013
274.453    -287.348    -0.012
272.427    -285.133    -0.012
270.399    -282.921    -0.012
268.372    -280.708    -0.012
266.344    -278.496    -0.012
264.318    -276.282    -0.011
262.294    -274.066    -0.011
260.271    -271.849    -0.011
258.313    -269.708    -0.011
256.286    -267.496    -0.011
254.190    -265.210    -0.011
252.229    -263.072    -0.010
250.132    -260.787    -0.010
248.172    -258.649    -0.010
246.075    -256.364    -0.010
244.047    -254.152    -0.010
242.028    -251.931    -0.010
240.006    -249.714    -0.009
237.976    -247.503    -0.009
235.945    -245.294    -0.009
233.916    -243.082    -0.009
231.886    -240.873    -0.009
229.855    -238.662    -0.009
227.894    -236.526    -0.008
225.796    -234.242    -0.008
223.834    -232.105    -0.008
221.806    -229.892    -0.008
219.710    -227.606    -0.008
217.684    -225.393    -0.008
215.658    -223.178    -0.008
213.633    -220.963    -0.007
211.608    -218.748    -0.007
209.583    -216.534    -0.007
207.551    -214.324    -0.007
205.586    -212.190    -0.007
203.492    -209.904    -0.007
201.467    -207.688    -0.007
199.442    -205.474    -0.006
197.417    -203.259    -0.006
195.391    -201.045    -0.006
193.366    -198.830    -0.006
191.341    -196.615    -0.006
189.315    -194.400    -0.006
187.358    -192.259    -0.006
185.263    -189.972    -0.006
183.237    -187.759    -0.005
181.209    -185.546    -0.005
179.182    -183.333    -0.005
177.155    -181.121    -0.005
175.126    -178.908    -0.005
173.099    -176.696    -0.005
171.071    -174.483    -0.005
169.044    -172.270    -0.005
167.018    -170.056    -0.004
164.993    -167.842    -0.004
162.968    -165.627    -0.004
160.941    -163.413    -0.004
158.916    -161.198    -0.004
156.891    -158.984    -0.004
154.862    -156.772    -0.004
152.903    -154.634    -0.004
150.807    -152.348    -0.004
148.778    -150.136    -0.004
146.750    -147.924    -0.003
144.722    -145.712    -0.003
142.693    -143.501    -0.003
140.665    -141.288    -0.003
138.640    -139.073    -0.003
136.618    -136.855    -0.003
134.590    -134.643    -0.003
132.561    -132.432    -0.003
130.597    -130.297    -0.003
128.566    -128.088    -0.003
126.468    -125.803    -0.002
124.439    -123.593    -0.002
122.414    -121.378    -0.002
120.456    -119.236    -0.002
118.363    -116.948    -0.002
116.404    -114.809    -0.002
114.308    -112.523    -0.002
112.279    -110.312    -0.002
110.251    -108.100    -0.002
108.224    -105.887    -0.002
106.197    -103.674    -0.002
104.237    -101.534    -0.002
102.145    -99.247    -0.002
100.186    -97.107    -0.002
98.092    -94.819    -0.001
96.067    -92.604    -0.001
94.039    -90.391    -0.001
92.011    -88.179    -0.001
89.984    -85.967    -0.001
88.023    -83.828    -0.001
85.926    -81.543    -0.001
83.901    -79.329    -0.001
81.876    -77.114    -0.001
79.846    -74.904    -0.001
77.818    -72.691    -0.001
75.859    -70.550    -0.001
73.832    -68.339    -0.001
71.801    -66.128    -0.001
69.706    -63.842    -0.001
67.679    -61.630    -0.001
65.654    -59.414    -0.001
63.632    -57.197    -0.001
61.604    -54.986    -0.001
59.575    -52.773    -0.000
57.547    -50.561    -0.000
55.519    -48.349    -0.000
53.490    -46.138    -0.000
51.535    -43.994    -0.000
49.512    -41.777    -0.000
47.480    -39.569    -0.000
45.384    -37.283    -0.000
43.364    -35.064    -0.000
41.404    -32.926    -0.000
39.301    -30.646    -0.000
37.270    -28.437    -0.000
35.243    -26.224    -0.000
33.218    -24.008    -0.000
31.199    -21.789    -0.000
29.179    -19.569    -0.000
27.149    -17.358    -0.000
25.121    -15.146    -0.000
23.093    -12.935    -0.000
21.065    -10.722    -0.000
19.036    -8.510    -0.000
17.076    -6.371    -0.000
15.050    -4.157    -0.000
12.958    -1.869    -0.000
10.933    0.347    -0.000
8.972    2.485    -0.000
6.873    4.768    -0.000
4.845    6.979    -0.000
2.820    9.194    -0.000
0.794    11.408    -0.000
-1.232    13.623    -0.000
-3.255    15.839    -0.000
-5.275    18.058    -0.000
-7.299    20.275    -0.000
-9.322    22.491    -0.000
-11.288    24.624    -0.000
-13.395    26.900    -0.000
-15.418    29.117    -0.000
-17.373    31.261    -0.000
-19.458    33.556    -0.000
-21.489    35.765    -0.000
-23.466    37.889    -0.000
-25.556    40.178    -0.000
-27.578    42.398    -0.000
-29.539    44.533    -0.000
-31.569    46.745    -0.000
-33.664    49.032    -0.000
-35.693    51.242    -0.000
-37.593    53.301    -0.000
-39.765    55.652    -0.000
-41.788    57.870    -0.000
-43.809    60.087    -0.000
-45.842    62.295    -0.000
-47.876    64.502    -0.001
-49.840    66.637    -0.001
-51.935    68.924    -0.001
-53.961    71.137    -0.001
-55.990    73.349    -0.001
-58.020    75.559    -0.001
-60.050    77.769    -0.001
-62.081    79.979    -0.001
-64.042    82.116    -0.001
-66.140    84.401    -0.001
-68.169    86.611    -0.001
-70.199    88.823    -0.001
-72.227    91.034    -0.001
-74.253    93.248    -0.001
-76.212    95.388    -0.001
-78.307    97.675    -0.001
-80.334    99.888    -0.001
-82.362    102.099    -0.001
-84.392    104.310    -0.001
-86.420    106.522    -0.001
-88.445    108.737    -0.002
-90.467    110.954    -0.002
-92.489    113.173    -0.002
-94.510    115.390    -0.002
-96.536    117.605    -0.002
-98.565    119.816    -0.002
-100.594    122.028    -0.002
-102.555    124.166    -0.002
-104.652    126.451    -0.002
-106.680    128.662    -0.002
-108.708    130.874    -0.002
-110.735    133.088    -0.002
-112.761    135.302    -0.002
-114.786    137.517    -0.003
-116.812    139.731    -0.003
-118.837    141.946    -0.003
-120.861    144.161    -0.003
-122.887    146.376    -0.003
-124.911    148.591    -0.003
-126.935    150.807    -0.003
-128.959    153.024    -0.003
-130.978    155.244    -0.003
-133.001    157.460    -0.003
-135.027    159.675    -0.003
-137.054    161.887    -0.004
-139.082    164.100    -0.004
-141.109    166.312    -0.004
-143.137    168.526    -0.004
-145.164    170.738    -0.004
-147.191    172.950    -0.004
-149.219    175.164    -0.004
-151.246    177.376    -0.004
-153.272    179.591    -0.004
-155.297    181.805    -0.004
-157.254    183.947    -0.005
-159.346    186.236    -0.005
-161.370    188.452    -0.005
-163.395    190.667    -0.005
-165.419    192.883    -0.005
-167.443    195.098    -0.005
-169.472    197.310    -0.005
-171.501    199.521    -0.005
-173.463    201.658    -0.006
-175.562    203.941    -0.006
-177.589    206.154    -0.006
-179.611    208.371    -0.006
-181.634    210.588    -0.006
-183.593    212.728    -0.006
-185.629    214.933    -0.006
-187.664    217.138    -0.006
-189.759    219.425    -0.007
-191.779    221.645    -0.007
-193.803    223.861    -0.007
-195.826    226.078    -0.007
-197.849    228.294    -0.007
-199.878    230.505    -0.007
-201.842    232.640    -0.007
-203.942    234.922    -0.008
-205.973    237.132    -0.008
-208.004    239.341    -0.008
-209.967    241.478    -0.008
-211.993    243.691    -0.008
-214.018    245.907    -0.008
-216.043    248.120    -0.008
-218.139    250.406    -0.009
-220.166    252.619    -0.009
-222.194    254.832    -0.009
-224.221    257.045    -0.009
-226.245    259.261    -0.009
-228.269    261.477    -0.009
-230.294    263.692    -0.010
-232.325    265.901    -0.010
-234.358    268.108    -0.010
-236.391    270.315    -0.010
-238.425    272.523    -0.010
-240.456    274.732    -0.010
-242.481    276.947    -0.011
-244.507    279.161    -0.011
-246.464    281.303    -0.011
-248.560    283.588    -0.011
-250.589    285.800    -0.011
-252.617    288.012    -0.012
-254.643    290.226    -0.012
-256.668    292.440    -0.012
-258.694    294.654    -0.012
-260.720    296.869    -0.012
-262.744    299.084    -0.012
-264.773    301.296    -0.013
-266.733    303.434    -0.013
-268.830    305.720    -0.013
-270.857    307.932    -0.013
-272.884    310.146    -0.013
-274.912    312.358    -0.014
-276.936    314.574    -0.014
-278.964    316.786    -0.014
-280.992    318.997    -0.014
-283.019    321.211    -0.014
-285.045    323.425    -0.015
-287.070    325.641    -0.015
-289.095    327.854    -0.015
-291.124    330.067    -0.015
-293.151    332.279    -0.015
-295.177    334.493    -0.016
-297.202    336.708    -0.016
-299.162    338.847    -0.016
-301.256    341.134    -0.016
-303.282    343.348    -0.016
-305.309    345.562    -0.017
-307.334    347.776    -0.017
-309.358    349.992    -0.017
-311.381    352.209    -0.017
-313.342    354.346    -0.018
-315.372    356.558    -0.018
-317.469    358.842    -0.018
-319.498    361.053    -0.018
-321.526    363.265    -0.018
-323.554    365.477    -0.019
-325.585    367.687    -0.019
-327.550    369.820    -0.019
-329.646    372.106    -0.019
-331.671    374.322    -0.020
-333.638    376.454    -0.020
-335.674    378.660    -0.020
-337.703    380.870    -0.020
-339.799    383.156    -0.021
-341.828    385.367    -0.021
-343.856    387.578    -0.021
-345.817    389.716    -0.021
-347.914    392.002    -0.022
-349.942    394.214    -0.022
-351.971    396.425    -0.022
-354.000    398.637    -0.022
-355.961    400.774    -0.023
-357.990    402.986    -0.023
-360.086    405.271    -0.023
-362.047    407.409    -0.023
-364.143    409.694    -0.024
-366.172    411.905    -0.024
-368.201    414.118    -0.024
-370.162    416.256    -0.024
-372.258    418.541    -0.025
-374.287    420.752    -0.025
-376.248    422.890    -0.025
-378.344    425.175    -0.025
-380.305    427.313    -0.026
-382.334    429.524    -0.026
-384.430    431.809    -0.026
-386.459    434.021    -0.027
-388.488    436.232    -0.027
-390.517    438.445    -0.027
-392.545    440.656    -0.027
-394.506    442.794    -0.028
-396.535    445.005    -0.028
-398.631    447.290    -0.028
-400.593    449.428    -0.028
-402.621    451.640    -0.029
-404.718    453.925    -0.029
-406.746    456.136    -0.029
-408.775    458.348    -0.030
-410.804    460.559    -0.030
-412.832    462.770    -0.030
-414.861    464.983    -0.030
-416.822    467.121    -0.031
-418.851    469.332    -0.031
-420.947    471.617    -0.031
-422.976    473.829    -0.032
-424.937    475.967    -0.032
-427.033    478.252    -0.032
-428.995    480.389    -0.033
-431.091    482.674    -0.033
-433.052    484.812    -0.033
-435.148    487.097    -0.033
-437.177    489.310    -0.034
-439.206    491.521    -0.034
-441.167    493.659    -0.034
-443.195    495.871    -0.035
-445.292    498.156    -0.035
-447.253    500.293    -0.035
-449.282    502.505    -0.036
-451.310    504.716    -0.036
-453.340    506.928    -0.036
-455.368    509.139    -0.037
-457.396    511.351    -0.037
-459.493    513.637    -0.037
-461.521    515.848    -0.038
-463.483    517.986    -0.038
-465.511    520.197    -0.038
-467.472    522.335    -0.039
-469.501    524.547    -0.039
-471.530    526.758    -0.039
-473.559    528.970    -0.040
-475.649    531.123    -0.040
-477.748    533.269    -0.040
-479.775    535.343    -0.041
-481.804    537.417    -0.041
-483.942    539.521    -0.041
-486.082    541.627    -0.042
-488.189    543.620    -0.042
-490.325    545.583    -0.042
-492.547    547.600    -0.043
-494.702    549.542    -0.043
-496.975    551.502    -0.043
-499.109    553.317    -0.044
-501.447    555.198    -0.044
-503.784    557.080    -0.044
-506.072    558.863    -0.045
-508.374    560.629    -0.045
-510.742    562.305    -0.045
-513.110    563.980    -0.046
-515.432    565.547    -0.046
-517.948    567.182    -0.046
-520.332    568.652    -0.047
-522.831    570.124    -0.047
-525.460    571.572    -0.047
-528.001    572.973    -0.048
-530.489    574.259    -0.048
-533.104    575.513    -0.048
-535.649    576.680    -0.049
-538.331    577.787    -0.049
-540.924    578.849    -0.049
-543.751    579.853    -0.050
-546.395    580.776    -0.050
-549.071    581.605    -0.050
-551.880    582.329    -0.051
-554.694    583.033    -0.051
-557.431    583.623    -0.051
-560.182    584.147    -0.051
-563.149    584.599    -0.052
-565.728    584.937    -0.052
-568.617    585.201    -0.052
-571.509    585.409    -0.053
-574.311    585.456    -0.053
-577.011    585.456    -0.053
-580.009    585.346    -0.053
-582.904    585.165    -0.054
-585.593    584.901    -0.054
-588.472    584.542    -0.054
-591.335    584.084    -0.054
-593.989    583.580    -0.054
-596.817    582.936    -0.055
-599.533    582.253    -0.055
-602.416    581.417    -0.055
-604.900    580.648    -0.055
-607.524    579.669    -0.055
-610.229    578.619    -0.055
-612.706    577.545    -0.056
-615.409    576.241    -0.056
-617.907    574.976    -0.056
-620.367    573.635    -0.056
-622.868    572.165    -0.056
-625.234    570.667    -0.056
-627.555    569.099    -0.056
-629.888    567.377    -0.056
-632.116    565.678    -0.056
-634.283    563.903    -0.057
-636.403    562.074    -0.057
-638.507    560.077    -0.057
-640.503    558.112    -0.057
-642.487    555.995    -0.057
-644.339    553.894    -0.057
-646.140    551.749    -0.057
-647.911    549.452    -0.057
-649.581    547.203    -0.057
-651.161    544.891    -0.057
-652.686    542.542    -0.057
-654.126    540.140    -0.056
-655.539    537.607    -0.056
-656.819    535.115    -0.056
-658.028    532.588    -0.056
-659.184    530.037    -0.056
-660.262    527.344    -0.056
-661.233    524.717    -0.056
-662.143    521.962    -0.056
-662.944    519.279    -0.056
-663.669    516.574    -0.055
-664.309    513.745    -0.055
-664.854    510.997    -0.055
-665.312    508.235    -0.055
-665.699    505.562    -0.055
-665.981    502.674    -0.055
-666.192    499.782    -0.054
-666.294    496.883    -0.054
-666.299    494.083    -0.054
-666.240    491.283    -0.054
-666.097    488.486    -0.054
-665.836    485.597    -0.053
-665.528    482.914    -0.053
-665.106    479.942    -0.053
-664.601    477.086    -0.052
-664.052    474.441    -0.052
-663.399    471.820    -0.052
-662.608    468.926    -0.052
-661.803    466.348    -0.051
-660.803    463.518    -0.051
-659.819    461.004    -0.051
-658.716    458.321    -0.050
-657.546    455.776    -0.050
-656.300    453.268    -0.050
-654.942    450.704    -0.050
-653.542    448.278    -0.049
-652.034    445.801    -0.049
-650.553    443.541    -0.049
-648.868    441.181    -0.048
-647.165    438.957    -0.048
-645.374    436.674    -0.048
-643.553    434.547    -0.047
-641.689    432.456    -0.047
-639.695    430.350    -0.047
-637.653    428.288    -0.046
-635.634    426.348    -0.046
-633.487    424.397    -0.046
-631.375    422.556    -0.045
-629.400    421.024    -0.045
-627.084    419.448    -0.045
-624.677    418.017    -0.044
-622.154    416.589    -0.044
-619.589    415.235    -0.044
-616.913    413.876    -0.043
-614.466    412.734    -0.043
-611.738    411.485    -0.043
-609.345    410.466    -0.042
-607.029    409.523    -0.042
-604.318    408.488    -0.042
-601.864    407.630    -0.041
-599.108    406.725    -0.041
-596.417    405.948    -0.041
-593.714    405.212    -0.041
-591.282    404.633    -0.040
-588.447    404.020    -0.040
-585.989    403.556    -0.040
-583.128    403.074    -0.039
-579.560    402.592    -0.039
-576.578    402.264    -0.039
-573.690    401.980    -0.038
-570.697    401.766    -0.038
-567.703    401.564    -0.038
-564.806    401.415    -0.038
-561.806    401.317    -0.037
-558.806    401.253    -0.037
-555.805    401.260    -0.037
-552.905    401.285    -0.037
-549.905    401.397    -0.036
-546.908    401.534    -0.036
-544.012    401.710    -0.036
-541.021    401.956    -0.036
-538.032    402.226    -0.035
-535.046    402.517    -0.035
-532.059    402.819    -0.035
-529.078    403.163    -0.035
-526.097    403.509    -0.034
-523.116    403.853    -0.034
-520.242    404.255    -0.034
-517.275    404.698    -0.034
-514.307    405.141    -0.034
-511.338    405.586    -0.033
-508.378    406.074    -0.033
-505.418    406.573    -0.033
-502.459    407.072    -0.033
-499.500    407.572    -0.033
-496.541    408.072    -0.032
-493.583    408.579    -0.032
-490.626    409.088    -0.032
-487.668    409.597    -0.032
-484.710    410.106    -0.032
-481.753    410.614    -0.031
-478.795    411.124    -0.031
-475.837    411.632    -0.031
-472.879    412.137    -0.031
-469.921    412.640    -0.031
-466.961    413.144    -0.030
-464.003    413.647    -0.030
-461.042    414.136    -0.030
-458.081    414.625    -0.030
-455.120    415.114    -0.030
-452.152    415.553    -0.030
-449.081    415.991    -0.029
-446.099    416.330    -0.029
-443.113    416.619    -0.029
-440.121    416.862    -0.029
-437.026    417.037    -0.029
-433.926    417.130    -0.028
-430.926    417.123    -0.028
-427.926    417.062    -0.028
-424.828    416.924    -0.028
-421.832    416.736    -0.028
-418.742    416.471    -0.027
-415.663    416.104    -0.027
-412.690    415.692    -0.027
-409.733    415.185    -0.027
-406.690    414.591    -0.026
-403.766    413.917    -0.026
-400.753    413.179    -0.026
-397.859    412.385    -0.026
-394.983    411.531    -0.026
-392.118    410.639    -0.025
-389.257    409.730    -0.025
-386.316    408.749    -0.025
-383.497    407.724    -0.025
-380.605    406.604    -0.024
-377.839    405.437    -0.024
-375.089    404.237    -0.024
-372.185    402.895    -0.024
-369.611    401.556    -0.023
-366.892    400.064    -0.023
-364.224    398.486    -0.023
-361.607    396.823    -0.023
-359.046    395.073    -0.022
-356.608    393.324    -0.022
-354.141    391.446    -0.022
-351.755    389.465    -0.022
-349.485    387.501    -0.021
-347.231    385.520    -0.021
-345.026    383.485    -0.021
-342.799    381.327    -0.021
-340.668    379.214    -0.020
-338.596    377.043    -0.020
-336.548    374.849    -0.020
-334.432    372.582    -0.020
-332.404    370.370    -0.019
-330.374    368.158    -0.019
-328.335    365.957    -0.019
-326.295    363.757    -0.019
-324.254    361.556    -0.019
-322.212    359.356    -0.018
-320.176    357.152    -0.018
-318.144    354.943    -0.018
-316.112    352.736    -0.018
-314.078    350.527    -0.017
-312.107    348.400    -0.017
-310.040    346.224    -0.017
-307.928    343.953    -0.017
-305.901    341.741    -0.017
-303.873    339.527    -0.016
-301.847    337.314    -0.016
-299.821    335.101    -0.016
-297.793    332.887    -0.016
-295.766    330.675    -0.015
-293.740    328.461    -0.015
-291.712    326.248    -0.015
-289.686    324.034    -0.015
-287.659    321.822    -0.015
-285.632    319.608    -0.014
-283.605    317.395    -0.014
-281.579    315.181    -0.014
-279.552    312.968    -0.014
-277.524    310.755    -0.014
-275.498    308.542    -0.013
-273.471    306.329    -0.013
-271.444    304.115    -0.013
-269.417    301.903    -0.013
-267.391    299.689    -0.013
-265.364    297.476    -0.012
-263.337    295.262    -0.012
-261.310    293.049    -0.012
-259.283    290.836    -0.012
-257.256    288.623    -0.012
-255.230    286.409    -0.012
-253.203    284.196    -0.011
-251.175    281.983    -0.011
-249.149    279.770    -0.011
-247.122    277.557    -0.011
-245.096    275.343    -0.011
-243.068    273.130    -0.010
-241.041    270.917    -0.010
-239.015    268.704    -0.010
-236.988    266.490    -0.010
-234.961    264.277    -0.010
-232.935    262.063    -0.010
-230.907    259.851    -0.009
-228.880    257.638    -0.009
-226.854    255.424    -0.009
-224.828    253.211    -0.009
-222.801    250.996    -0.009
-220.775    248.783    -0.009
-218.884    246.716    -0.009
-216.856    244.504    -0.008
-214.830    242.290    -0.008
-212.804    240.076    -0.008
-210.777    237.863    -0.008
-208.751    235.649    -0.008
-206.725    233.436    -0.008
-204.766    231.296    -0.007
-202.740    229.081    -0.007
-200.712    226.869    -0.007
-198.686    224.655    -0.007
-196.660    222.442    -0.007
-194.633    220.228    -0.007
-192.607    218.014    -0.007
-190.581    215.801    -0.007
-188.554    213.586    -0.006
-186.527    211.374    -0.006
-184.637    209.306    -0.006
-182.611    207.092    -0.006
-180.583    204.880    -0.006
-178.555    202.668    -0.006
-176.527    200.457    -0.006
-174.497    198.245    -0.005
-172.469    196.033    -0.005
-170.441    193.821    -0.005
-168.411    191.610    -0.005
-166.384    189.397    -0.005
-164.357    187.184    -0.005
-162.331    184.971    -0.005
-160.303    182.758    -0.005
-158.277    180.545    -0.005
-156.250    178.331    -0.004
-154.222    176.119    -0.004
-152.196    173.905    -0.004
-150.169    171.692    -0.004
-148.142    169.478    -0.004
-146.115    167.266    -0.004
-144.088    165.052    -0.004
-142.062    162.839    -0.004
-140.034    160.626    -0.004
-138.008    158.412    -0.003
-135.981    156.200    -0.003
-133.953    153.986    -0.003
-131.927    151.773    -0.003
-129.900    149.560    -0.003
-127.872    147.347    -0.003
-125.846    145.133    -0.003
-123.819    142.921    -0.003
-121.793    140.707    -0.003
-119.765    138.494    -0.003
-117.738    136.281    -0.003
-115.712    134.068    -0.002
-113.684    131.855    -0.002
-111.658    129.641    -0.002
-109.631    127.429    -0.002
-107.603    125.215    -0.002
-105.577    123.002    -0.002
-103.550    120.789    -0.002
-101.523    118.576    -0.002
-99.496    116.362    -0.002
-97.469    114.149    -0.002
-95.443    111.935    -0.002
-93.415    109.723    -0.002
-91.388    107.510    -0.002
-89.362    105.296    -0.001
-87.334    103.084    -0.001
-85.308    100.870    -0.001
-83.281    98.657    -0.001
-81.254    96.444    -0.001
-79.227    94.231    -0.001
-77.200    92.017    -0.001
-75.173    89.805    -0.001
-73.146    87.591    -0.001
-71.119    85.378    -0.001
-69.093    83.165    -0.001
-67.065    80.952    -0.001
-65.038    78.739    -0.001
-63.012    76.525    -0.001
-60.984    74.312    -0.001
-58.958    72.098    -0.001
-56.931    69.886    -0.001
-54.904    67.672    -0.001
-52.877    65.459    -0.001
-50.850    63.246    -0.001
-48.823    61.033    -0.000
-46.796    58.819    -0.000
-44.769    56.607    -0.000
-42.743    54.394    -0.000
-40.715    52.180    -0.000
-38.689    49.967    -0.000
-36.662    47.753    -0.000
-34.636    45.540    -0.000
-32.608    43.327    -0.000
-30.582    41.114    -0.000
-28.555    38.900    -0.000
-26.527    36.688    -0.000
-24.501    34.474    -0.000
-22.474    32.261    -0.000
-20.447    30.048    -0.000
-18.420    27.835    -0.000
-16.393    25.622    -0.000
-14.367    23.408    -0.000
-12.339    21.196    -0.000
-10.312    18.982    -0.000
-8.286    16.769    -0.000
-6.258    14.556    -0.000
-4.231    12.343    -0.000
-2.205    10.129    -0.000
-0.177    7.917    -0.000
1.850    5.703    -0.000
3.876    3.490    -0.000
6.702    0.405    -0.000
