-1.440    -1.290    -0.000
-2.453    -0.185    -0.000
-3.467    0.921    -0.000
-4.481    2.027    -0.000
-5.495    3.133    -0.000
-6.509    4.239    -0.000
-7.524    5.345    -0.000
-8.537    6.452    -0.000
-9.549    7.560    -0.000
-10.561    8.668    -0.000
-11.573    9.776    -0.000
-12.584    10.884    -0.000
-13.596    11.991    -0.000
-14.612    13.097    -0.000
-15.627    14.202    -0.000
-16.643    15.306    -0.000
-17.658    16.411    -0.000
-18.672    17.517    -0.000
-19.685    18.624    -0.000
-20.698    19.732    -0.000
-21.710    20.839    -0.000
-22.722    21.948    -0.000
-23.733    23.056    -0.000
-24.744    24.165    -0.000
-25.760    25.269    -0.000
-26.776    26.372    -0.000
-27.793    27.478    -0.000
-28.808    28.582    -0.000
-29.824    29.687    -0.000
-30.839    30.791    -0.000
-31.853    31.898    -0.000
-32.867    33.004    -0.000
-33.881    34.109    -0.000
-34.896    35.215    -0.000
-35.909    36.322    -0.000
-36.921    37.430    -0.000
-37.933    38.538    -0.000
-38.945    39.646    -0.000
-39.956    40.753    -0.000
-40.969    41.863    -0.000
-41.980    42.971    -0.000
-42.992    44.078    -0.000
-44.003    45.186    -0.000
-45.015    46.295    -0.000
-46.027    47.403    -0.000
-47.038    48.511    -0.000
-48.052    49.618    -0.000
-49.065    50.726    -0.000
-50.078    51.832    -0.000
-51.090    52.939    -0.000
-52.103    54.046    -0.000
-53.116    55.153    -0.000
-54.133    56.258    -0.000
-55.149    57.362    -0.000
-56.165    58.466    -0.001
-57.181    59.570    -0.001
-58.196    60.675    -0.001
-59.212    61.779    -0.001
-60.228    62.883    -0.001
-61.244    63.987    -0.001
-62.261    65.091    -0.001
-63.277    66.196    -0.001
-64.292    67.301    -0.001
-65.306    68.407    -0.001
-66.320    69.513    -0.001
-67.333    70.619    -0.001
-68.346    71.726    -0.001
-69.360    72.833    -0.001
-70.373    73.940    -0.001
-71.385    75.048    -0.001
-72.396    76.157    -0.001
-73.408    77.265    -0.001
-74.419    78.373    -0.001
-75.432    79.481    -0.001
-76.446    80.587    -0.001
-77.461    81.692    -0.001
-78.476    82.797    -0.001
-79.490    83.902    -0.001
-80.505    85.008    -0.001
-81.519    86.114    -0.001
-82.533    87.221    -0.001
-83.545    88.328    -0.001
-84.557    89.436    -0.001
-85.569    90.544    -0.001
-86.581    91.652    -0.001
-87.593    92.759    -0.001
-88.606    93.867    -0.001
-89.618    94.975    -0.001
-90.630    96.083    -0.001
-91.642    97.191    -0.001
-92.654    98.298    -0.001
-93.668    99.405    -0.001
-94.682    100.511    -0.001
-95.697    101.617    -0.002
-96.711    102.722    -0.002
-97.724    103.828    -0.002
-98.738    104.936    -0.002
-99.751    106.042    -0.002
-100.764    107.148    -0.002
-101.779    108.255    -0.002
-102.792    109.363    -0.002
-103.804    110.469    -0.002
-104.818    111.576    -0.002
-105.831    112.682    -0.002
-106.845    113.788    -0.002
-107.858    114.895    -0.002
-108.873    116.001    -0.002
-109.886    117.108    -0.002
-110.897    118.216    -0.002
-111.909    119.325    -0.002
-112.920    120.433    -0.002
-113.932    121.541    -0.002
-114.944    122.650    -0.002
-115.959    123.755    -0.002
-116.976    124.858    -0.002
-117.992    125.961    -0.002
-119.009    127.065    -0.002
-120.025    128.168    -0.002
-121.042    129.273    -0.002
-122.056    130.378    -0.003
-123.072    131.483    -0.003
-124.087    132.589    -0.003
-125.101    133.694    -0.003
-126.115    134.800    -0.003
-127.127    135.908    -0.003
-128.138    137.016    -0.003
-129.150    138.125    -0.003
-130.160    139.235    -0.003
-131.171    140.344    -0.003
-132.182    141.453    -0.003
-133.193    142.561    -0.003
-134.204    143.670    -0.003
-135.216    144.778    -0.003
-136.227    145.887    -0.003
-137.238    146.996    -0.003
-138.251    148.103    -0.003
-139.264    149.209    -0.003
-140.278    150.316    -0.003
-141.291    151.422    -0.003
-142.305    152.530    -0.003
-143.319    153.636    -0.003
-144.334    154.740    -0.004
-145.349    155.845    -0.004
-146.364    156.950    -0.004
-147.379    158.056    -0.004
-148.394    159.160    -0.004
-149.409    160.267    -0.004
-150.421    161.374    -0.004
-151.434    162.482    -0.004
-152.446    163.589    -0.004
-153.458    164.696    -0.004
-154.470    165.804    -0.004
-155.482    166.912    -0.004
-156.493    168.022    -0.004
-157.504    169.130    -0.004
-158.515    170.239    -0.004
-159.526    171.347    -0.004
-160.540    172.454    -0.004
-161.557    173.558    -0.004
-162.574    174.661    -0.004
-163.591    175.764    -0.005
-164.607    176.869    -0.005
-165.624    177.972    -0.005
-166.639    179.077    -0.005
-167.653    180.182    -0.005
-168.668    181.288    -0.005
-169.683    182.394    -0.005
-170.698    183.499    -0.005
-171.712    184.605    -0.005
-172.726    185.711    -0.005
-173.739    186.818    -0.005
-174.753    187.924    -0.005
-175.767    189.030    -0.005
-176.781    190.136    -0.005
-177.797    191.240    -0.005
-178.814    192.344    -0.005
-179.830    193.448    -0.005
-180.846    194.552    -0.006
-181.862    195.656    -0.006
-182.881    196.757    -0.006
-183.908    197.853    -0.006
-184.934    198.947    -0.006
-185.960    200.042    -0.006
-186.986    201.137    -0.006
-188.012    202.232    -0.006
-188.983    203.241    -0.006
-190.027    204.319    -0.006
-190.932    205.252    -0.006
-191.981    206.325    -0.006
-193.030    207.398    -0.006
-194.079    208.471    -0.006
-195.129    209.543    -0.006
-196.179    210.614    -0.007
-197.239    211.677    -0.007
-198.309    212.730    -0.007
-199.379    213.782    -0.007
-200.460    214.823    -0.007
-201.542    215.862    -0.007
-202.624    216.901    -0.007
-203.712    217.935    -0.007
-204.801    218.968    -0.007
-205.815    219.933    -0.007
-206.912    220.958    -0.007
-208.008    221.982    -0.007
-209.104    223.007    -0.007
-210.207    224.025    -0.007
-211.310    225.041    -0.007
-212.415    226.057    -0.008
-213.528    227.064    -0.008
-214.641    228.070    -0.008
-215.754    229.077    -0.008
-216.866    230.083    -0.008
-217.979    231.090    -0.008
-219.102    232.085    -0.008
-220.232    233.072    -0.008
-221.361    234.060    -0.008
-222.421    234.976    -0.008
-223.638    236.016    -0.008
-224.777    236.993    -0.008
-225.918    237.967    -0.008
-226.983    238.877    -0.009
-228.126    239.848    -0.009
-229.281    240.807    -0.009
-230.436    241.765    -0.009
-231.601    242.711    -0.009
-232.766    243.656    -0.009
-233.932    244.601    -0.009
-235.098    245.546    -0.009
-236.263    246.491    -0.009
-237.434    247.429    -0.009
-238.614    248.356    -0.009
-239.793    249.284    -0.009
-240.972    250.212    -0.009
-242.152    251.139    -0.010
-243.332    252.066    -0.010
-244.517    252.988    -0.010
-245.702    253.907    -0.010
-246.888    254.827    -0.010
-248.005    255.671    -0.010
-249.207    256.570    -0.010
-250.409    257.468    -0.010
-251.616    258.359    -0.010
-252.824    259.250    -0.010
-254.034    260.137    -0.010
-255.252    261.015    -0.010
-256.469    261.892    -0.011
-257.688    262.765    -0.011
-258.912    263.634    -0.011
-260.136    264.503    -0.011
-261.363    265.367    -0.011
-262.597    266.220    -0.011
-263.832    267.073    -0.011
-265.067    267.925    -0.011
-266.302    268.776    -0.011
-267.538    269.627    -0.011
-268.699    270.410    -0.011
-269.948    271.242    -0.011
-271.197    272.074    -0.012
-272.444    272.908    -0.012
-273.693    273.741    -0.012
-274.943    274.570    -0.012
-276.202    275.387    -0.012
-277.461    276.204    -0.012
-278.720    277.020    -0.012
-279.979    277.837    -0.012
-281.238    278.654    -0.012
-282.501    279.462    -0.012
-283.766    280.270    -0.012
-285.032    281.076    -0.013
-286.314    281.855    -0.013
-287.596    282.634    -0.013
-288.879    283.414    -0.013
-290.162    284.192    -0.013
-291.444    284.971    -0.013
-292.643    285.695    -0.013
-293.934    286.459    -0.013
-295.225    287.224    -0.013
-296.519    287.983    -0.013
-297.817    288.739    -0.014
-299.112    289.495    -0.014
-300.413    290.243    -0.014
-301.715    290.990    -0.014
-303.017    291.734    -0.014
-304.325    292.470    -0.014
-305.633    293.206    -0.014
-306.942    293.939    -0.014
-308.254    294.669    -0.014
-309.565    295.398    -0.014
-310.885    296.112    -0.014
-312.120    296.772    -0.015
-313.531    297.526    -0.015
-314.769    298.183    -0.015
-316.095    298.885    -0.015
-317.420    299.588    -0.015
-318.751    300.282    -0.015
-320.083    300.974    -0.015
-321.415    301.665    -0.015
-322.753    302.343    -0.015
-324.092    303.019    -0.015
-325.431    303.695    -0.016
-326.776    304.361    -0.016
-328.122    305.027    -0.016
-329.467    305.690    -0.016
-330.818    306.345    -0.016
-332.167    307.000    -0.016
-333.521    307.648    -0.016
-334.880    308.284    -0.016
-336.148    308.877    -0.016
-337.508    309.512    -0.016
-338.868    310.146    -0.017
-340.319    310.823    -0.017
-341.593    311.404    -0.017
-342.961    312.021    -0.017
-344.328    312.638    -0.017
-345.699    313.251    -0.017
-347.069    313.863    -0.017
-348.438    314.475    -0.017
-349.815    315.070    -0.017
-351.193    315.665    -0.017
-352.572    316.258    -0.018
-353.954    316.844    -0.018
-355.335    317.428    -0.018
-356.720    318.006    -0.018
-358.016    318.537    -0.018
-359.497    319.145    -0.018
-360.793    319.677    -0.018
-362.273    320.285    -0.018
-363.661    320.856    -0.018
-364.965    321.367    -0.019
-366.363    321.911    -0.019
-367.761    322.454    -0.019
-369.162    322.992    -0.019
-370.564    323.530    -0.019
-371.965    324.065    -0.019
-373.371    324.591    -0.019
-374.776    325.117    -0.019
-376.181    325.643    -0.019
-377.590    326.160    -0.020
-378.998    326.677    -0.020
-380.407    327.194    -0.020
-381.819    327.702    -0.020
-383.230    328.212    -0.020
-384.550    328.680    -0.020
-385.969    329.169    -0.020
-387.388    329.657    -0.020
-388.811    330.131    -0.020
-390.239    330.595    -0.021
-391.665    331.061    -0.021
-393.092    331.524    -0.021
-394.523    331.976    -0.021
-395.954    332.429    -0.021
-397.384    332.881    -0.021
-398.816    333.332    -0.021
-400.247    333.782    -0.021
-401.678    334.233    -0.021
-403.110    334.683    -0.022
-404.547    335.115    -0.022
-405.984    335.547    -0.022
-407.421    335.977    -0.022
-408.861    336.400    -0.022
-410.301    336.822    -0.022
-411.741    337.244    -0.022
-413.181    337.667    -0.022
-414.621    338.089    -0.022
-416.062    338.508    -0.023
-417.407    338.896    -0.023
-418.849    339.313    -0.023
-420.387    339.756    -0.023
-421.828    340.173    -0.023
-423.174    340.562    -0.023
-424.615    340.978    -0.023
-426.057    341.394    -0.023
-427.498    341.811    -0.023
-428.941    342.228    -0.024
-430.382    342.644    -0.024
-431.823    343.062    -0.024
-433.265    343.478    -0.024
-434.706    343.895    -0.024
-436.147    344.312    -0.024
-437.685    344.757    -0.024
-439.030    345.145    -0.024
-440.569    345.590    -0.025
-442.010    346.007    -0.025
-443.355    346.396    -0.025
-444.797    346.812    -0.025
-446.334    347.257    -0.025
-447.776    347.673    -0.025
-449.122    348.061    -0.025
-450.659    348.505    -0.025
-452.101    348.921    -0.026
-453.542    349.337    -0.026
-454.888    349.725    -0.026
-456.330    350.142    -0.026
-457.771    350.557    -0.026
-459.214    350.973    -0.026
-460.656    351.389    -0.026
-462.097    351.805    -0.026
-463.635    352.249    -0.027
-465.076    352.667    -0.027
-466.517    353.085    -0.027
-467.958    353.504    -0.027
-469.399    353.922    -0.027
-470.840    354.342    -0.027
-472.185    354.730    -0.027
-473.723    355.175    -0.027
-475.069    355.564    -0.028
-476.606    356.009    -0.028
-477.951    356.398    -0.028
-479.489    356.843    -0.028
-480.834    357.232    -0.028
-482.275    357.649    -0.028
-483.813    358.094    -0.028
-485.255    358.511    -0.029
-486.696    358.928    -0.029
-488.042    359.317    -0.029
-489.483    359.734    -0.029
-490.925    360.150    -0.029
-492.366    360.567    -0.029
-493.903    361.012    -0.029
-495.344    361.430    -0.029
-496.784    361.852    -0.030
-498.224    362.273    -0.030
-499.569    362.663    -0.030
-501.011    363.078    -0.030
-502.550    363.522    -0.030
-503.896    363.910    -0.030
-505.433    364.354    -0.030
-506.779    364.742    -0.031
-508.221    365.156    -0.031
-509.759    365.598    -0.031
-511.105    365.985    -0.031
-512.548    366.399    -0.031
-513.990    366.814    -0.031
-515.431    367.229    -0.031
-516.873    367.645    -0.032
-518.411    368.090    -0.032
-519.853    368.506    -0.032
-521.294    368.923    -0.032
-522.640    369.312    -0.032
-524.176    369.758    -0.032
-525.521    370.149    -0.032
-526.962    370.569    -0.033
-528.403    370.988    -0.033
-529.843    371.407    -0.033
-531.381    371.855    -0.033
-532.725    372.247    -0.033
-534.166    372.666    -0.033
-535.607    373.086    -0.033
-537.143    373.534    -0.034
-538.583    373.954    -0.034
-539.929    374.343    -0.034
-541.370    374.760    -0.034
-542.811    375.179    -0.034
-544.252    375.596    -0.034
-545.790    376.042    -0.034
-547.231    376.462    -0.035
-548.670    376.883    -0.035
-550.110    377.306    -0.035
-551.550    377.728    -0.035
-552.990    378.151    -0.035
-554.429    378.578    -0.035
-555.866    379.008    -0.035
-557.303    379.440    -0.036
-558.741    379.870    -0.036
-560.178    380.301    -0.036
-561.615    380.732    -0.036
-563.045    381.188    -0.036
-564.473    381.648    -0.036
-565.902    382.106    -0.037
-567.331    382.566    -0.037
-568.759    383.024    -0.037
-570.188    383.485    -0.037
-571.614    383.950    -0.037
-573.041    384.414    -0.037
-574.466    384.886    -0.037
-575.886    385.368    -0.038
-577.307    385.852    -0.038
-578.817    386.384    -0.038
-580.229    386.889    -0.038
-581.642    387.395    -0.038
-583.048    387.920    -0.038
-584.452    388.447    -0.039
-585.855    388.980    -0.039
-587.343    389.569    -0.039
-588.646    390.084    -0.039
-590.040    390.639    -0.039
-591.430    391.204    -0.039
-592.913    391.806    -0.040
-594.296    392.387    -0.040
-595.676    392.977    -0.040
-597.055    393.569    -0.040
-598.425    394.183    -0.040
-599.792    394.801    -0.040
-601.247    395.468    -0.041
-602.601    396.113    -0.041
-603.957    396.758    -0.041
-605.306    397.413    -0.041
-606.644    398.093    -0.041
-607.981    398.773    -0.041
-609.312    399.466    -0.042
-610.726    400.216    -0.042
-612.052    400.919    -0.042
-613.363    401.648    -0.042
-614.669    402.387    -0.042
-616.059    403.180    -0.043
-617.261    403.898    -0.043
-618.635    404.720    -0.043
-619.919    405.497    -0.043
-621.186    406.301    -0.043
-622.453    407.105    -0.043
-623.788    407.988    -0.044
-624.947    408.774    -0.044
-626.271    409.673    -0.044
-627.500    410.534    -0.044
-628.719    411.409    -0.044
-630.010    412.356    -0.044
-631.198    413.272    -0.045
-632.387    414.188    -0.045
-633.568    415.113    -0.045
-634.729    416.063    -0.045
-635.891    417.014    -0.045
-637.112    418.048    -0.046
-638.241    419.036    -0.046
-639.369    420.025    -0.046
-640.473    421.041    -0.046
-641.566    422.070    -0.046
-642.658    423.099    -0.046
-643.785    424.235    -0.047
-644.836    425.306    -0.047
-645.887    426.378    -0.047
-646.968    427.557    -0.047
-647.979    428.665    -0.047
-648.977    429.787    -0.048
-649.944    430.934    -0.048
-650.910    432.082    -0.048
-651.917    433.325    -0.048
-652.838    434.511    -0.048
-653.758    435.696    -0.048
-654.706    436.985    -0.049
-655.576    438.208    -0.049
-656.444    439.432    -0.049
-657.270    440.684    -0.049
-658.136    442.030    -0.049
-658.941    443.296    -0.049
-659.700    444.591    -0.050
-660.458    445.885    -0.050
-661.254    447.274    -0.050
-661.967    448.594    -0.050
-662.679    449.915    -0.050
-663.396    451.346    -0.050
-664.035    452.703    -0.051
-664.674    454.061    -0.051
-665.282    455.433    -0.051
-665.871    456.813    -0.051
-666.498    458.285    -0.051
-667.034    459.687    -0.051
-667.570    461.088    -0.052
-668.133    462.586    -0.052
-668.601    464.013    -0.052
-669.068    465.438    -0.052
-669.542    466.967    -0.052
-669.941    468.413    -0.052
-670.340    469.860    -0.053
-670.723    471.413    -0.053
-671.054    472.877    -0.053
-671.386    474.341    -0.053
-671.669    475.813    -0.053
-671.943    477.289    -0.053
-672.231    478.863    -0.053
-672.443    480.349    -0.054
-672.655    481.835    -0.054
-672.856    483.422    -0.054
-673.007    484.915    -0.054
-673.157    486.408    -0.054
-673.279    488.003    -0.054
-673.361    489.502    -0.054
-673.442    491.000    -0.054
-673.472    492.500    -0.055
-673.489    494.000    -0.055
-673.507    495.501    -0.055
-673.468    497.101    -0.055
-673.430    498.601    -0.055
-673.364    500.200    -0.055
-673.271    501.697    -0.055
-673.178    503.196    -0.055
-673.027    504.788    -0.056
-672.859    506.280    -0.056
-672.691    507.770    -0.056
-672.463    509.253    -0.056
-672.234    510.737    -0.056
-671.970    512.315    -0.056
-671.660    513.783    -0.056
-671.350    515.251    -0.056
-670.987    516.810    -0.056
-670.621    518.265    -0.056
-670.253    519.720    -0.056
-669.877    521.173    -0.057
-669.430    522.709    -0.057
-668.993    524.144    -0.057
-668.524    525.570    -0.057
-668.053    526.995    -0.057
-667.541    528.512    -0.057
-667.014    529.915    -0.057
-666.458    531.309    -0.057
-665.835    532.784    -0.057
-665.232    534.158    -0.057
-664.629    535.532    -0.057
-663.943    536.978    -0.057
-663.286    538.326    -0.057
-662.604    539.663    -0.057
-661.837    541.068    -0.057
-661.114    542.383    -0.057
-660.389    543.697    -0.057
-659.636    544.994    -0.057
-658.858    546.278    -0.057
-657.999    547.628    -0.057
-657.162    548.873    -0.058
-656.325    550.118    -0.058
-655.422    551.440    -0.058
-654.543    552.656    -0.058
-653.638    553.853    -0.058
-652.647    555.110    -0.058
-651.699    556.272    -0.058
-650.750    557.434    -0.058
-649.788    558.587    -0.058
-648.797    559.713    -0.058
-647.720    560.897    -0.058
-646.688    561.986    -0.058
-645.652    563.072    -0.058
-644.615    564.157    -0.058
-643.481    565.286    -0.058
-642.389    566.315    -0.058
-641.214    567.402    -0.058
-640.167    568.332    -0.057
-639.045    569.328    -0.057
-637.832    570.371    -0.057
-636.668    571.320    -0.057
-635.415    572.315    -0.057
-634.211    573.210    -0.057
-633.001    574.097    -0.057
-631.707    575.039    -0.057
-630.464    575.880    -0.057
-629.214    576.711    -0.057
-627.860    577.563    -0.057
-626.575    578.338    -0.057
-625.289    579.112    -0.057
-623.999    579.877    -0.057
-622.604    580.662    -0.057
-621.278    581.364    -0.057
-619.846    582.081    -0.057
-618.592    582.703    -0.057
-617.247    583.369    -0.057
-615.794    584.039    -0.057
-614.413    584.628    -0.056
-613.035    585.219    -0.056
-611.544    585.803    -0.056
-610.146    586.346    -0.056
-608.741    586.875    -0.056
-607.232    587.408    -0.056
-605.808    587.881    -0.056
-604.374    588.321    -0.056
-602.935    588.747    -0.056
-601.497    589.174    -0.056
-599.948    589.579    -0.056
-598.492    589.943    -0.055
-596.935    590.311    -0.055
-595.468    590.628    -0.055
-594.002    590.945    -0.055
-592.428    591.238    -0.055
-590.949    591.488    -0.055
-589.464    591.704    -0.055
-587.975    591.891    -0.055
-586.486    592.074    -0.055
-584.896    592.265    -0.054
-583.402    592.387    -0.054
-581.806    592.508    -0.054
-580.307    592.579    -0.054
-578.807    592.635    -0.054
-577.307    592.690    -0.054
-575.708    592.710    -0.054
-574.207    592.692    -0.053
-572.707    592.650    -0.053
-571.108    592.576    -0.053
-569.610    592.491    -0.053
-568.112    592.406    -0.053
-566.616    592.286    -0.053
-565.024    592.127    -0.053
-563.533    591.954    -0.052
-562.048    591.740    -0.052
-560.563    591.526    -0.052
-558.980    591.286    -0.052
-557.501    591.036    -0.052
-555.932    590.722    -0.052
-554.465    590.402    -0.051
-553.002    590.073    -0.051
-551.538    589.743    -0.051
-549.984    589.358    -0.051
-548.535    588.970    -0.051
-547.091    588.563    -0.051
-545.563    588.086    -0.051
-544.232    587.653    -0.050
-542.804    587.190    -0.050
-541.289    586.677    -0.050
-539.875    586.172    -0.050
-538.468    585.649    -0.050
-536.984    585.051    -0.050
-535.594    584.487    -0.049
-534.204    583.921    -0.049
-532.831    583.315    -0.049
-531.373    582.655    -0.049
-530.013    582.021    -0.049
-528.663    581.366    -0.048
-527.314    580.710    -0.048
-525.965    580.052    -0.048
-524.541    579.320    -0.048
-523.216    578.615    -0.048
-521.898    577.901    -0.048
-520.589    577.166    -0.047
-519.280    576.433    -0.047
-517.894    575.633    -0.047
-516.610    574.856    -0.047
-515.333    574.068    -0.047
-514.067    573.262    -0.047
-512.808    572.446    -0.046
-511.548    571.632    -0.046
-510.217    570.742    -0.046
-508.976    569.900    -0.046
-507.736    569.054    -0.046
-506.519    568.176    -0.045
-505.302    567.298    -0.045
-504.090    566.415    -0.045
-502.885    565.520    -0.045
-501.680    564.625    -0.045
-500.414    563.646    -0.045
-499.235    562.717    -0.044
-498.055    561.790    -0.044
-496.895    560.840    -0.044
-495.734    559.888    -0.044
-494.578    558.932    -0.044
-493.436    557.959    -0.044
-492.292    556.987    -0.043
-491.080    555.943    -0.043
-489.955    554.949    -0.043
-488.831    553.956    -0.043
-487.718    552.948    -0.043
-486.610    551.937    -0.043
-485.503    550.924    -0.042
-484.408    549.897    -0.042
-483.315    548.870    -0.042
-482.224    547.840    -0.042
-481.137    546.805    -0.042
-480.050    545.770    -0.041
-478.903    544.655    -0.041
-477.836    543.599    -0.041
-476.769    542.544    -0.041
-475.710    541.480    -0.041
-474.653    540.415    -0.041
-473.596    539.350    -0.040
-472.550    538.275    -0.040
-471.505    537.197    -0.040
-470.462    536.119    -0.040
-469.425    535.034    -0.040
-468.388    533.950    -0.040
-467.351    532.866    -0.039
-466.314    531.781    -0.039
-465.283    530.691    -0.039
-464.255    529.598    -0.039
-463.227    528.505    -0.039
-462.199    527.412    -0.039
-461.169    526.320    -0.038
-460.079    525.148    -0.038
-459.063    524.043    -0.038
-458.116    523.013    -0.038
-457.036    521.831    -0.038
-456.026    520.722    -0.038
-455.012    519.615    -0.037
-453.998    518.510    -0.037
-452.982    517.405    -0.037
-451.968    516.299    -0.037
-450.955    515.192    -0.037
-449.940    514.087    -0.037
-448.992    513.056    -0.036
-447.909    511.878    -0.036
-446.894    510.773    -0.036
-445.880    509.665    -0.036
-444.867    508.559    -0.036
-443.854    507.452    -0.036
-442.841    506.345    -0.036
-441.828    505.238    -0.035
-440.882    504.206    -0.035
-439.868    503.100    -0.035
-438.785    501.920    -0.035
-437.771    500.815    -0.035
-436.825    499.783    -0.035
-435.742    498.603    -0.034
-434.727    497.498    -0.034
-433.717    496.389    -0.034
-432.706    495.279    -0.034
-431.696    494.170    -0.034
-430.686    493.060    -0.034
-429.675    491.951    -0.033
-428.663    490.843    -0.033
-427.650    489.736    -0.033
-426.636    488.630    -0.033
-425.622    487.524    -0.033
-424.608    486.418    -0.033
-423.595    485.311    -0.033
-422.581    484.205    -0.032
-421.568    483.098    -0.032
-420.555    481.992    -0.032
-419.540    480.885    -0.032
-418.526    479.779    -0.032
-417.514    478.672    -0.032
-416.501    477.565    -0.032
-415.488    476.457    -0.031
-414.475    475.351    -0.031
-413.462    474.244    -0.031
-412.448    473.138    -0.031
-411.434    472.031    -0.031
-410.421    470.924    -0.031
-409.407    469.819    -0.030
-408.393    468.713    -0.030
-407.379    467.607    -0.030
-406.433    466.574    -0.030
-405.351    465.393    -0.030
-404.338    464.287    -0.030
-403.325    463.180    -0.030
-402.312    462.074    -0.029
-401.298    460.967    -0.029
-400.284    459.861    -0.029
-399.338    458.828    -0.029
-398.255    457.649    -0.029
-397.241    456.543    -0.029
-396.227    455.437    -0.029
-395.214    454.331    -0.028
-394.200    453.225    -0.028
-393.186    452.119    -0.028
-392.171    451.012    -0.028
-391.157    449.906    -0.028
-390.143    448.801    -0.028
-389.128    447.696    -0.028
-388.113    446.590    -0.027
-387.101    445.483    -0.027
-386.090    444.374    -0.027
-385.079    443.265    -0.027
-384.069    442.154    -0.027
-383.059    441.045    -0.027
-382.050    439.935    -0.027
-381.040    438.826    -0.027
-380.029    437.715    -0.026
-379.017    436.608    -0.026
-378.002    435.502    -0.026
-376.988    434.397    -0.026
-375.974    433.292    -0.026
-374.959    432.186    -0.026
-373.944    431.081    -0.026
-372.928    429.976    -0.025
-371.914    428.870    -0.025
-370.900    427.764    -0.025
-369.885    426.658    -0.025
-368.871    425.553    -0.025
-367.924    424.521    -0.025
-366.843    423.342    -0.025
-365.829    422.234    -0.025
-364.815    421.128    -0.024
-363.802    420.022    -0.024
-362.788    418.916    -0.024
-361.774    417.809    -0.024
-360.828    416.777    -0.024
-359.747    415.597    -0.024
-358.732    414.491    -0.024
-357.718    413.385    -0.023
-356.704    412.279    -0.023
-355.690    411.173    -0.023
-354.678    410.066    -0.023
-353.665    408.958    -0.023
-352.653    407.850    -0.023
-351.639    406.743    -0.023
-350.626    405.637    -0.023
-349.613    404.530    -0.022
-348.666    403.498    -0.022
-347.584    402.318    -0.022
-346.570    401.213    -0.022
-345.554    400.108    -0.022
-344.540    399.003    -0.022
-343.527    397.895    -0.022
-342.515    396.787    -0.022
-341.502    395.680    -0.021
-340.489    394.573    -0.021
-339.477    393.465    -0.021
-338.463    392.359    -0.021
-337.448    391.253    -0.021
-336.434    390.148    -0.021
-335.419    389.043    -0.021
-334.405    387.937    -0.021
-333.457    386.906    -0.020
-332.375    385.727    -0.020
-331.360    384.621    -0.020
-330.346    383.514    -0.020
-329.400    382.483    -0.020
-328.317    381.304    -0.020
-327.370    380.271    -0.020
-326.354    379.168    -0.020
-325.270    377.990    -0.020
-324.253    376.887    -0.019
-323.236    375.783    -0.019
-322.288    374.753    -0.019
-321.205    373.573    -0.019
-320.192    372.467    -0.019
-319.179    371.360    -0.019
-318.167    370.253    -0.019
-317.152    369.147    -0.019
-316.139    368.039    -0.018
-315.125    366.933    -0.018
-314.112    365.827    -0.018
-313.098    364.721    -0.018
-312.084    363.614    -0.018
-311.138    362.582    -0.018
-310.056    361.402    -0.018
-309.042    360.296    -0.018
-308.028    359.190    -0.018
-307.014    358.084    -0.017
-306.000    356.978    -0.017
-304.988    355.871    -0.017
-303.975    354.763    -0.017
-302.962    353.655    -0.017
-301.950    352.548    -0.017
-300.937    351.441    -0.017
-299.925    350.333    -0.017
-298.914    349.225    -0.017
-297.901    348.117    -0.016
-296.889    347.009    -0.016
-295.877    345.902    -0.016
-294.864    344.795    -0.016
-293.851    343.687    -0.016
-292.838    342.581    -0.016
-291.892    341.548    -0.016
-290.810    340.368    -0.016
-289.796    339.261    -0.016
-288.782    338.156    -0.016
-287.769    337.049    -0.015
-286.755    335.943    -0.015
-285.742    334.836    -0.015
-284.728    333.730    -0.015
-283.713    332.624    -0.015
-282.699    331.518    -0.015
-281.686    330.412    -0.015
-280.673    329.304    -0.015
-279.660    328.198    -0.015
-278.646    327.092    -0.014
-277.632    325.985    -0.014
-276.620    324.877    -0.014
-275.608    323.769    -0.014
-274.596    322.662    -0.014
-273.584    321.554    -0.014
-272.571    320.447    -0.014
-271.557    319.341    -0.014
-270.542    318.235    -0.014
-269.528    317.130    -0.014
-268.514    316.024    -0.014
-267.499    314.918    -0.013
-266.484    313.813    -0.013
-265.469    312.708    -0.013
-264.453    311.604    -0.013
-263.437    310.499    -0.013
-262.421    309.394    -0.013
-261.409    308.287    -0.013
-260.399    307.177    -0.013
-259.389    306.068    -0.013
-258.378    304.958    -0.013
-257.367    303.850    -0.012
-256.355    302.742    -0.012
-255.340    301.637    -0.012
-254.325    300.532    -0.012
-253.377    299.501    -0.012
-252.362    298.396    -0.012
-251.347    297.290    -0.012
-250.263    296.113    -0.012
-249.250    295.005    -0.012
-248.238    293.898    -0.012
-247.225    292.791    -0.012
-246.212    291.685    -0.011
-245.199    290.577    -0.011
-244.186    289.470    -0.011
-243.172    288.363    -0.011
-242.160    287.256    -0.011
-241.147    286.148    -0.011
-240.134    285.042    -0.011
-239.120    283.936    -0.011
-238.105    282.831    -0.011
-237.089    281.726    -0.011
-236.074    280.620    -0.011
-235.128    279.589    -0.010
-234.045    278.410    -0.010
-233.030    277.305    -0.010
-232.015    276.199    -0.010
-231.001    275.094    -0.010
-229.985    273.989    -0.010
-228.972    272.882    -0.010
-227.959    271.775    -0.010
-226.947    270.667    -0.010
-225.935    269.560    -0.010
-224.922    268.452    -0.010
-223.910    267.345    -0.010
-222.896    266.238    -0.009
-221.882    265.132    -0.009
-220.936    264.101    -0.009
-219.853    262.921    -0.009
-218.838    261.816    -0.009
-217.824    260.710    -0.009
-216.811    259.603    -0.009
-215.797    258.496    -0.009
-214.784    257.390    -0.009
-213.771    256.282    -0.009
-212.758    255.176    -0.009
-211.744    254.070    -0.009
-210.795    253.039    -0.009
-209.710    251.862    -0.008
-208.693    250.759    -0.008
-207.676    249.656    -0.008
-206.662    248.550    -0.008
-205.651    247.442    -0.008
-204.640    246.332    -0.008
-203.629    245.224    -0.008
-202.617    244.115    -0.008
-201.606    243.007    -0.008
-200.594    241.899    -0.008
-199.580    240.793    -0.008
-198.566    239.686    -0.008
-197.553    238.580    -0.008
-196.539    237.474    -0.007
-195.524    236.368    -0.007
-194.511    235.261    -0.007
-193.498    234.154    -0.007
-192.485    233.047    -0.007
-191.472    231.940    -0.007
-190.459    230.833    -0.007
-189.445    229.727    -0.007
-188.432    228.620    -0.007
-187.419    227.513    -0.007
-186.405    226.407    -0.007
-185.392    225.301    -0.007
-184.378    224.195    -0.007
-183.364    223.089    -0.007
-182.349    221.982    -0.006
-181.335    220.876    -0.006
-180.321    219.771    -0.006
-179.307    218.665    -0.006
-178.296    217.556    -0.006
-177.285    216.447    -0.006
-176.273    215.339    -0.006
-175.262    214.230    -0.006
-174.250    213.121    -0.006
-173.302    212.091    -0.006
-172.216    210.916    -0.006
-171.265    209.887    -0.006
-170.179    208.712    -0.006
-169.228    207.683    -0.006
-168.141    206.508    -0.006
-167.128    205.401    -0.006
-166.117    204.293    -0.005
-165.105    203.186    -0.005
-164.093    202.077    -0.005
-163.081    200.970    -0.005
-162.067    199.863    -0.005
-161.054    198.756    -0.005
-160.040    197.649    -0.005
-159.027    196.543    -0.005
-158.014    195.436    -0.005
-157.001    194.329    -0.005
-155.991    193.219    -0.005
-154.979    192.111    -0.005
-153.968    191.002    -0.005
-152.957    189.894    -0.005
-151.946    188.784    -0.005
-150.934    187.676    -0.005
-149.922    186.569    -0.004
-148.909    185.461    -0.004
-147.897    184.354    -0.004
-146.884    183.246    -0.004
-145.871    182.140    -0.004
-144.860    181.032    -0.004
-143.849    179.923    -0.004
-142.836    178.814    -0.004
-141.825    177.706    -0.004
-140.813    176.598    -0.004
-139.802    175.490    -0.004
-138.787    174.384    -0.004
-137.772    173.279    -0.004
-136.757    172.174    -0.004
-135.741    171.070    -0.004
-134.794    170.038    -0.004
-133.711    168.859    -0.004
-132.699    167.751    -0.004
-131.688    166.643    -0.004
-130.677    165.535    -0.003
-129.665    164.426    -0.003
-128.652    163.318    -0.003
-127.637    162.214    -0.003
-126.621    161.110    -0.003
-125.673    160.078    -0.003
-124.590    158.900    -0.003
-123.642    157.870    -0.003
-122.626    156.764    -0.003
-121.548    155.582    -0.003
-120.539    154.471    -0.003
-119.529    153.361    -0.003
-118.520    152.251    -0.003
-117.510    151.141    -0.003
-116.499    150.031    -0.003
-115.485    148.925    -0.003
-114.471    147.820    -0.003
-113.457    146.714    -0.003
-112.443    145.607    -0.003
-111.429    144.502    -0.003
-110.415    143.396    -0.003
-109.401    142.290    -0.003
-108.388    141.182    -0.002
-107.374    140.076    -0.002
-106.428    139.044    -0.002
-105.347    137.864    -0.002
-104.333    136.757    -0.002
-103.321    135.649    -0.002
-102.308    134.542    -0.002
-101.296    133.434    -0.002
-100.283    132.327    -0.002
-99.270    131.220    -0.002
-98.255    130.115    -0.002
-97.239    129.011    -0.002
-96.223    127.908    -0.002
-95.206    126.804    -0.002
-94.193    125.696    -0.002
-93.182    124.587    -0.002
-92.172    123.478    -0.002
-91.161    122.370    -0.002
-90.150    121.260    -0.002
-89.138    120.151    -0.002
-88.127    119.043    -0.002
-87.115    117.935    -0.002
-86.104    116.826    -0.002
-85.092    115.718    -0.002
-84.081    114.610    -0.002
-83.066    113.504    -0.002
-82.050    112.400    -0.002
-81.034    111.296    -0.001
-80.018    110.192    -0.001
-79.002    109.088    -0.001
-77.987    107.983    -0.001
-76.976    106.874    -0.001
-75.964    105.765    -0.001
-74.953    104.657    -0.001
-73.941    103.549    -0.001
-72.930    102.440    -0.001
-71.985    101.407    -0.001
-70.903    100.228    -0.001
-69.888    99.123    -0.001
-68.872    98.018    -0.001
-67.857    96.912    -0.001
-66.842    95.807    -0.001
-65.895    94.775    -0.001
-64.880    93.670    -0.001
-63.798    92.491    -0.001
-62.783    91.386    -0.001
-61.767    90.281    -0.001
-60.752    89.176    -0.001
-59.737    88.071    -0.001
-58.723    86.964    -0.001
-57.714    85.854    -0.001
-56.705    84.744    -0.001
-55.695    83.634    -0.001
-54.686    82.522    -0.001
-53.673    81.416    -0.001
-52.724    80.386    -0.001
-51.640    79.209    -0.001
-50.691    78.178    -0.001
-49.607    77.001    -0.001
-48.590    75.898    -0.001
-47.573    74.794    -0.001
-46.559    73.689    -0.001
-45.545    72.582    -0.001
-44.530    71.477    -0.001
-43.516    70.371    -0.001
-42.501    69.266    -0.001
-41.485    68.161    -0.001
-40.537    67.131    -0.000
-39.452    65.954    -0.000
-38.504    64.923    -0.000
-37.419    63.747    -0.000
-36.470    62.716    -0.000
-35.390    61.536    -0.000
-34.376    60.429    -0.000
-33.363    59.321    -0.000
-32.351    58.214    -0.000
-31.338    57.107    -0.000
-30.324    56.001    -0.000
-29.375    54.971    -0.000
-28.291    53.794    -0.000
-27.274    52.689    -0.000
-26.257    51.586    -0.000
-25.241    50.482    -0.000
-24.229    49.374    -0.000
-23.218    48.266    -0.000
-22.206    47.158    -0.000
-21.194    46.050    -0.000
-20.181    44.943    -0.000
-19.168    43.836    -0.000
-18.155    42.729    -0.000
-17.141    41.622    -0.000
-16.127    40.516    -0.000
-15.113    39.411    -0.000
-14.164    38.381    -0.000
-13.079    37.203    -0.000
-12.062    36.100    -0.000
-11.045    34.997    -0.000
-10.028    33.894    -0.000
-9.014    32.788    -0.000
-8.001    31.681    -0.000
-6.988    30.575    -0.000
-5.973    29.468    -0.000
-4.960    28.362    -0.000
-3.947    27.255    -0.000
-2.933    26.149    -0.000
-1.919    25.043    -0.000
-0.905    23.937    -0.000
0.110    22.830    -0.000
1.124    21.724    -0.000
2.138    20.619    -0.000
3.151    19.512    -0.000
4.164    18.404    -0.000
5.176    17.297    -0.000
6.189    16.190    -0.000
7.202    15.083    -0.000
8.215    13.976    -0.000
9.228    12.868    -0.000
10.240    11.761    -0.000
11.253    10.655    -0.000
12.266    9.548    -0.000
13.279    8.440    -0.000
14.293    7.333    -0.000
15.306    6.226    -0.000
16.319    5.120    -0.000
17.332    4.012    -0.000
18.345    2.906    -0.000
19.358    1.799    -0.000
20.371    0.692    -0.000
21.384    -0.415    -0.000
22.397    -1.522    -0.000
23.410    -2.629    -0.000
24.423    -3.736    -0.000
25.436    -4.843    -0.000
26.449    -5.951    -0.000
27.394    -6.983    -0.000
28.475    -8.164    -0.000
29.488    -9.271    -0.000
30.500    -10.379    -0.000
31.513    -11.486    -0.000
32.525    -12.593    -0.000
33.539    -13.700    -0.000
34.552    -14.807    -0.000
35.565    -15.915    -0.000
36.577    -17.022    -0.000
37.590    -18.129    -0.000
38.603    -19.236    -0.000
39.616    -20.343    -0.000
40.630    -21.450    -0.000
41.643    -22.557    -0.000
42.656    -23.663    -0.000
43.601    -24.697    -0.000
44.682    -25.878    -0.000
45.695    -26.984    -0.000
46.709    -28.091    -0.000
47.722    -29.197    -0.000
48.735    -30.305    -0.000
49.748    -31.411    -0.000
50.762    -32.517    -0.000
51.775    -33.624    -0.000
52.788    -34.731    -0.000
53.803    -35.838    -0.000
54.816    -36.944    -0.000
55.830    -38.050    -0.000
56.844    -39.157    -0.000
57.857    -40.263    -0.000
58.870    -41.370    -0.000
59.883    -42.477    -0.000
60.828    -43.510    -0.000
61.910    -44.691    -0.000
62.923    -45.798    -0.000
63.935    -46.905    -0.000
64.880    -47.939    -0.001
65.960    -49.120    -0.001
66.973    -50.227    -0.001
67.986    -51.334    -0.001
68.998    -52.442    -0.001
70.010    -53.550    -0.001
71.023    -54.657    -0.001
72.035    -55.764    -0.001
73.049    -56.871    -0.001
74.062    -57.978    -0.001
75.078    -59.083    -0.001
76.093    -60.187    -0.001
77.109    -61.292    -0.001
78.124    -62.396    -0.001
79.140    -63.501    -0.001
80.153    -64.607    -0.001
81.168    -65.713    -0.001
82.182    -66.819    -0.001
83.196    -67.925    -0.001
84.210    -69.032    -0.001
85.224    -70.137    -0.001
86.239    -71.242    -0.001
87.256    -72.346    -0.001
88.203    -73.377    -0.001
89.287    -74.555    -0.001
90.303    -75.660    -0.001
91.313    -76.770    -0.001
92.322    -77.880    -0.001
93.332    -78.990    -0.001
94.342    -80.100    -0.001
95.352    -81.209    -0.001
96.367    -82.315    -0.001
97.383    -83.419    -0.001
98.331    -84.449    -0.001
99.414    -85.627    -0.001
100.363    -86.658    -0.001
101.444    -87.839    -0.001
102.455    -88.947    -0.001
103.467    -90.056    -0.001
104.478    -91.164    -0.002
105.490    -92.273    -0.002
106.435    -93.305    -0.002
107.519    -94.484    -0.002
108.535    -95.588    -0.002
109.482    -96.619    -0.002
110.566    -97.797    -0.002
111.515    -98.827    -0.002
112.596    -100.007    -0.002
113.609    -101.113    -0.002
114.623    -102.221    -0.002
115.636    -103.328    -0.002
116.649    -104.434    -0.002
117.662    -105.541    -0.002
118.675    -106.647    -0.002
119.689    -107.755    -0.002
120.702    -108.861    -0.002
121.717    -109.967    -0.002
122.731    -111.073    -0.002
123.675    -112.107    -0.002
124.756    -113.288    -0.002
125.769    -114.395    -0.002
126.782    -115.501    -0.002
127.796    -116.609    -0.002
128.809    -117.715    -0.002
129.822    -118.822    -0.002
130.836    -119.928    -0.002
131.849    -121.034    -0.003
132.863    -122.141    -0.003
133.876    -123.247    -0.003
134.891    -124.354    -0.003
135.905    -125.460    -0.003
136.918    -126.567    -0.003
137.932    -127.673    -0.003
138.945    -128.779    -0.003
139.960    -129.884    -0.003
140.976    -130.988    -0.003
141.993    -132.093    -0.003
143.009    -133.197    -0.003
143.957    -134.226    -0.003
145.040    -135.406    -0.003
146.052    -136.514    -0.003
147.064    -137.621    -0.003
148.077    -138.729    -0.003
149.090    -139.836    -0.003
150.103    -140.943    -0.003
151.116    -142.050    -0.003
152.128    -143.158    -0.003
153.141    -144.265    -0.003
154.153    -145.372    -0.004
155.167    -146.480    -0.004
156.181    -147.585    -0.004
157.197    -148.690    -0.004
158.212    -149.794    -0.004
159.160    -150.825    -0.004
160.243    -152.004    -0.004
161.191    -153.034    -0.004
162.272    -154.216    -0.004
163.284    -155.323    -0.004
164.296    -156.431    -0.004
165.309    -157.538    -0.004
166.321    -158.645    -0.004
167.333    -159.753    -0.004
168.345    -160.861    -0.004
169.358    -161.969    -0.004
170.370    -163.076    -0.004
171.382    -164.184    -0.004
172.394    -165.292    -0.004
173.407    -166.399    -0.005
174.420    -167.506    -0.005
175.435    -168.612    -0.005
176.449    -169.718    -0.005
177.462    -170.825    -0.005
178.476    -171.931    -0.005
179.490    -173.036    -0.005
180.504    -174.142    -0.005
181.518    -175.249    -0.005
182.533    -176.354    -0.005
183.548    -177.460    -0.005
184.560    -178.567    -0.005
185.573    -179.675    -0.005
186.586    -180.781    -0.005
187.599    -181.888    -0.005
188.613    -182.995    -0.005
189.625    -184.102    -0.005
190.637    -185.211    -0.006
191.648    -186.319    -0.006
192.660    -187.427    -0.006
193.671    -188.535    -0.006
194.683    -189.644    -0.006
195.697    -190.750    -0.006
196.643    -191.783    -0.006
197.726    -192.961    -0.006
198.741    -194.067    -0.006
199.755    -195.172    -0.006
200.770    -196.277    -0.006
201.782    -197.385    -0.006
202.793    -198.495    -0.006
203.803    -199.604    -0.006
204.814    -200.713    -0.006
205.824    -201.822    -0.007
206.769    -202.856    -0.007
207.786    -203.959    -0.007
208.872    -205.136    -0.007
209.821    -206.165    -0.007
210.907    -207.341    -0.007
211.924    -208.445    -0.007
212.938    -209.551    -0.007
213.951    -210.657    -0.007
214.964    -211.764    -0.007
215.978    -212.870    -0.007
216.991    -213.978    -0.007
218.004    -215.085    -0.007
219.018    -216.191    -0.007
220.031    -217.297    -0.008
221.044    -218.405    -0.008
222.057    -219.511    -0.008
223.072    -220.618    -0.008
224.085    -221.724    -0.008
225.098    -222.831    -0.008
226.111    -223.939    -0.008
227.124    -225.045    -0.008
228.137    -226.152    -0.008
229.151    -227.258    -0.008
230.166    -228.364    -0.008
231.112    -229.395    -0.008
232.195    -230.575    -0.008
233.210    -231.680    -0.008
234.225    -232.785    -0.009
235.238    -233.892    -0.009
236.252    -234.998    -0.009
237.197    -236.032    -0.009
238.279    -237.211    -0.009
239.225    -238.244    -0.009
240.240    -239.349    -0.009
241.323    -240.527    -0.009
242.338    -241.632    -0.009
243.355    -242.737    -0.009
244.302    -243.767    -0.009
245.385    -244.947    -0.009
246.397    -246.054    -0.010
247.410    -247.161    -0.010
248.422    -248.269    -0.010
249.435    -249.376    -0.010
250.448    -250.484    -0.010
251.460    -251.591    -0.010
252.472    -252.699    -0.010
253.485    -253.806    -0.010
254.497    -254.914    -0.010
255.510    -256.021    -0.010
256.526    -257.126    -0.010
257.543    -258.229    -0.010
258.559    -259.333    -0.011
259.576    -260.436    -0.011
260.525    -261.467    -0.011
261.542    -262.570    -0.011
262.621    -263.752    -0.011
263.633    -264.861    -0.011
264.644    -265.969    -0.011
265.655    -267.078    -0.011
266.666    -268.186    -0.011
267.679    -269.293    -0.011
268.691    -270.400    -0.011
269.704    -271.508    -0.011
270.718    -272.615    -0.012
271.731    -273.721    -0.012
272.744    -274.828    -0.012
273.756    -275.935    -0.012
274.769    -277.043    -0.012
275.782    -278.150    -0.012
276.797    -279.256    -0.012
277.808    -280.364    -0.012
278.819    -281.473    -0.012
279.831    -282.581    -0.012
280.842    -283.690    -0.013
281.854    -284.798    -0.013
282.867    -285.905    -0.013
283.814    -286.936    -0.013
284.897    -288.115    -0.013
285.912    -289.220    -0.013
286.927    -290.325    -0.013
287.942    -291.431    -0.013
288.957    -292.536    -0.013
289.972    -293.641    -0.013
290.988    -294.745    -0.013
292.003    -295.851    -0.014
293.018    -296.956    -0.014
294.030    -298.064    -0.014
295.042    -299.172    -0.014
296.053    -300.279    -0.014
297.066    -301.388    -0.014
298.078    -302.496    -0.014
299.091    -303.603    -0.014
300.104    -304.709    -0.014
301.117    -305.817    -0.014
302.131    -306.923    -0.015
303.144    -308.029    -0.015
304.159    -309.135    -0.015
305.105    -310.167    -0.015
306.188    -311.346    -0.015
307.135    -312.377    -0.015
308.217    -313.557    -0.015
309.232    -314.661    -0.015
310.245    -315.770    -0.015
311.258    -316.877    -0.015
312.270    -317.984    -0.016
313.283    -319.091    -0.016
314.295    -320.199    -0.016
315.309    -321.305    -0.016
316.323    -322.411    -0.016
317.338    -323.517    -0.016
318.284    -324.549    -0.016
319.367    -325.728    -0.016
320.382    -326.833    -0.016
321.396    -327.939    -0.017
322.410    -329.045    -0.017
323.424    -330.151    -0.017
324.440    -331.256    -0.017
325.454    -332.362    -0.017
326.468    -333.467    -0.017
327.483    -334.574    -0.017
328.497    -335.679    -0.017
329.512    -336.784    -0.017
330.527    -337.889    -0.018
331.542    -338.995    -0.018
332.487    -340.028    -0.018
333.569    -341.208    -0.018
334.583    -342.314    -0.018
335.597    -343.419    -0.018
336.611    -344.526    -0.018
337.557    -345.558    -0.018
338.639    -346.738    -0.018
339.653    -347.844    -0.019
340.667    -348.950    -0.019
341.681    -350.057    -0.019
342.693    -351.164    -0.019
343.704    -352.273    -0.019
344.716    -353.381    -0.019
345.726    -354.491    -0.019
346.738    -355.599    -0.019
347.749    -356.708    -0.019
348.760    -357.816    -0.020
349.771    -358.925    -0.020
350.784    -360.033    -0.020
351.795    -361.141    -0.020
352.807    -362.249    -0.020
353.821    -363.356    -0.020
354.835    -364.461    -0.020
355.849    -365.567    -0.020
356.864    -366.672    -0.021
357.879    -367.777    -0.021
358.894    -368.883    -0.021
359.840    -369.915    -0.021
360.923    -371.094    -0.021
361.937    -372.199    -0.021
362.952    -373.306    -0.021
363.898    -374.338    -0.021
364.980    -375.518    -0.022
365.994    -376.624    -0.022
367.008    -377.730    -0.022
368.021    -378.837    -0.022
369.035    -379.943    -0.022
370.047    -381.051    -0.022
371.058    -382.158    -0.022
372.071    -383.267    -0.022
373.083    -384.375    -0.023
374.096    -385.481    -0.023
375.110    -386.587    -0.023
376.123    -387.694    -0.023
377.070    -388.726    -0.023
378.153    -389.906    -0.023
379.167    -391.012    -0.023
380.178    -392.121    -0.023
381.190    -393.229    -0.024
382.201    -394.337    -0.024
383.213    -395.444    -0.024
384.225    -396.552    -0.024
385.240    -397.658    -0.024
386.254    -398.764    -0.024
387.269    -399.869    -0.024
388.284    -400.974    -0.024
389.296    -402.082    -0.025
390.308    -403.190    -0.025
391.320    -404.298    -0.025
392.332    -405.406    -0.025
393.343    -406.515    -0.025
394.355    -407.623    -0.025
395.367    -408.731    -0.025
396.378    -409.839    -0.026
397.390    -410.948    -0.026
398.402    -412.056    -0.026
399.414    -413.163    -0.026
400.426    -414.271    -0.026
401.440    -415.376    -0.026
402.454    -416.483    -0.026
403.468    -417.589    -0.026
404.483    -418.694    -0.027
405.498    -419.800    -0.027
406.444    -420.832    -0.027
407.460    -421.937    -0.027
408.543    -423.115    -0.027
409.558    -424.220    -0.027
410.573    -425.324    -0.027
411.587    -426.432    -0.028
412.597    -427.542    -0.028
413.607    -428.651    -0.028
414.617    -429.760    -0.028
415.627    -430.871    -0.028
416.637    -431.980    -0.028
417.652    -433.085    -0.028
418.598    -434.118    -0.029
419.681    -435.297    -0.029
420.695    -436.403    -0.029
421.710    -437.508    -0.029
422.723    -438.614    -0.029
423.736    -439.722    -0.029
424.751    -440.828    -0.029
425.764    -441.935    -0.030
426.709    -442.968    -0.030
427.791    -444.147    -0.030
428.805    -445.254    -0.030
429.818    -446.360    -0.030
430.832    -447.466    -0.030
431.847    -448.572    -0.030
432.860    -449.680    -0.031
433.872    -450.787    -0.031
434.884    -451.894    -0.031
435.897    -453.002    -0.031
436.909    -454.109    -0.031
437.923    -455.216    -0.031
438.935    -456.324    -0.031
439.947    -457.431    -0.032
440.959    -458.539    -0.032
441.904    -459.573    -0.032
442.984    -460.754    -0.032
443.995    -461.862    -0.032
445.008    -462.970    -0.032
446.020    -464.079    -0.033
447.032    -465.186    -0.033
448.044    -466.294    -0.033
449.056    -467.401    -0.033
450.068    -468.510    -0.033
451.082    -469.617    -0.033
452.094    -470.724    -0.033
453.107    -471.831    -0.034
454.053    -472.864    -0.034
455.134    -474.044    -0.034
456.148    -475.150    -0.034
457.162    -476.256    -0.034
458.108    -477.289    -0.034
459.190    -478.469    -0.035
460.202    -479.576    -0.035
461.214    -480.684    -0.035
462.227    -481.791    -0.035
463.239    -482.899    -0.035
464.253    -484.006    -0.035
465.265    -485.114    -0.035
466.276    -486.222    -0.036
467.287    -487.331    -0.036
468.299    -488.439    -0.036
469.310    -489.547    -0.036
470.323    -490.655    -0.036
471.337    -491.761    -0.036
472.352    -492.866    -0.037
473.367    -493.971    -0.037
474.315    -495.002    -0.037
475.330    -496.107    -0.037
476.410    -497.289    -0.037
477.413    -498.405    -0.037
478.415    -499.522    -0.038
479.417    -500.639    -0.038
480.420    -501.755    -0.038
481.422    -502.871    -0.038
482.411    -504.001    -0.038
483.397    -505.131    -0.038
484.384    -506.261    -0.039
485.357    -507.405    -0.039
486.328    -508.547    -0.039
487.296    -509.694    -0.039
488.259    -510.844    -0.039
489.222    -511.996    -0.039
490.238    -513.232    -0.040
491.179    -514.402    -0.040
492.119    -515.571    -0.040
493.063    -516.737    -0.040
494.008    -517.903    -0.040
494.955    -519.068    -0.040
495.886    -520.243    -0.041
496.809    -521.426    -0.041
497.722    -522.617    -0.041
498.626    -523.815    -0.041
499.530    -525.013    -0.041
500.482    -526.300    -0.041
501.358    -527.518    -0.042
502.233    -528.737    -0.042
503.095    -529.965    -0.042
503.951    -531.197    -0.042
504.808    -532.429    -0.042
505.696    -533.761    -0.042
506.467    -534.929    -0.043
507.342    -536.270    -0.043
508.144    -537.538    -0.043
508.948    -538.806    -0.043
509.745    -540.077    -0.043
510.529    -541.356    -0.043
511.295    -542.646    -0.044
512.050    -543.943    -0.044
512.802    -545.242    -0.044
513.556    -546.540    -0.044
514.335    -547.937    -0.044
515.053    -549.254    -0.045
515.765    -550.576    -0.045
516.449    -551.912    -0.045
517.132    -553.247    -0.045
517.853    -554.676    -0.045
518.506    -556.027    -0.045
519.135    -557.390    -0.046
519.756    -558.756    -0.046
520.369    -560.125    -0.046
520.984    -561.494    -0.046
521.607    -562.968    -0.046
522.170    -564.359    -0.046
522.715    -565.757    -0.047
523.269    -567.258    -0.047
523.786    -568.667    -0.047
524.301    -570.077    -0.047
524.787    -571.496    -0.047
525.260    -572.920    -0.047
525.748    -574.445    -0.048
526.169    -575.885    -0.048
526.590    -577.325    -0.048
526.999    -578.769    -0.048
527.363    -580.224    -0.048
527.743    -581.779    -0.048
528.074    -583.243    -0.049
528.399    -584.707    -0.049
528.725    -586.172    -0.049
529.017    -587.746    -0.049
529.283    -589.223    -0.049
529.537    -590.803    -0.049
529.734    -592.290    -0.050
529.933    -593.778    -0.050
530.110    -595.267    -0.050
530.270    -596.860    -0.050
530.396    -598.355    -0.050
530.481    -599.854    -0.050
530.561    -601.352    -0.050
530.643    -602.950    -0.051
530.673    -604.450    -0.051
530.686    -605.951    -0.051
530.675    -607.551    -0.051
530.635    -609.051    -0.051
530.595    -610.551    -0.051
530.518    -612.050    -0.052
530.415    -613.647    -0.052
530.291    -615.143    -0.052
530.125    -616.633    -0.052
529.959    -618.125    -0.052
529.775    -619.714    -0.052
529.559    -621.199    -0.052
529.305    -622.678    -0.052
529.011    -624.252    -0.053
528.717    -625.723    -0.053
528.423    -627.195    -0.053
528.057    -628.752    -0.053
527.702    -630.210    -0.053
527.333    -631.665    -0.053
526.922    -633.108    -0.053
526.511    -634.551    -0.053
526.053    -636.084    -0.053
525.576    -637.507    -0.054
525.046    -639.018    -0.054
524.525    -640.424    -0.054
523.992    -641.827    -0.054
523.459    -643.230    -0.054
522.848    -644.708    -0.054
522.249    -646.085    -0.054
521.620    -647.447    -0.054
520.913    -648.883    -0.054
520.249    -650.228    -0.054
519.581    -651.572    -0.055
518.869    -652.893    -0.055
518.144    -654.207    -0.055
517.345    -655.594    -0.055
516.566    -656.876    -0.055
515.788    -658.159    -0.055
514.932    -659.511    -0.055
514.101    -660.760    -0.055
513.251    -661.997    -0.055
512.314    -663.295    -0.055
511.430    -664.507    -0.055
510.546    -665.720    -0.055
509.618    -666.899    -0.055
508.616    -668.147    -0.055
507.648    -669.294    -0.055
506.664    -670.426    -0.055
505.680    -671.559    -0.055
504.599    -672.739    -0.056
503.564    -673.824    -0.056
502.528    -674.911    -0.056
501.382    -676.029    -0.056
500.300    -677.068    -0.056
499.215    -678.105    -0.056
498.108    -679.117    -0.056
496.987    -680.114    -0.056
495.766    -681.149    -0.056
494.602    -682.095    -0.056
493.436    -683.041    -0.056
492.179    -684.030    -0.056
491.057    -684.869    -0.056
489.760    -685.806    -0.056
488.524    -686.658    -0.056
487.282    -687.499    -0.056
486.039    -688.340    -0.056
484.697    -689.213    -0.056
483.420    -689.999    -0.056
482.041    -690.813    -0.056
480.728    -691.539    -0.056
479.415    -692.265    -0.056
478.099    -692.985    -0.056
476.759    -693.660    -0.056
475.321    -694.366    -0.056
473.964    -695.002    -0.056
472.590    -695.607    -0.056
471.217    -696.213    -0.056
469.743    -696.836    -0.055
468.349    -697.392    -0.055
466.950    -697.934    -0.055
465.537    -698.438    -0.055
464.118    -698.925    -0.055
462.698    -699.412    -0.055
461.173    -699.894    -0.055
459.734    -700.322    -0.055
458.193    -700.754    -0.055
456.737    -701.119    -0.055
455.282    -701.483    -0.055
453.823    -701.833    -0.055
452.256    -702.158    -0.055
450.781    -702.437    -0.055
449.302    -702.690    -0.055
447.821    -702.927    -0.055
446.339    -703.163    -0.054
444.751    -703.358    -0.054
443.260    -703.528    -0.054
441.768    -703.689    -0.054
440.272    -703.799    -0.054
438.675    -703.914    -0.054
437.178    -704.011    -0.054
435.678    -704.073    -0.054
434.178    -704.107    -0.054
432.577    -704.106    -0.054
431.078    -704.087    -0.054
429.577    -704.067    -0.053
427.978    -703.998    -0.053
426.480    -703.911    -0.053
424.984    -703.805    -0.053
423.492    -703.643    -0.053
422.000    -703.481    -0.053
420.409    -703.308    -0.053
418.920    -703.119    -0.053
417.340    -702.868    -0.052
415.865    -702.595    -0.052
414.389    -702.322    -0.052
412.913    -702.049    -0.052
411.345    -701.734    -0.052
409.887    -701.377    -0.052
408.429    -701.021    -0.052
406.979    -700.635    -0.052
405.540    -700.211    -0.051
404.101    -699.787    -0.051
402.572    -699.314    -0.051
401.149    -698.838    -0.051
399.726    -698.362    -0.051
398.225    -697.809    -0.051
396.828    -697.261    -0.051
395.431    -696.712    -0.050
394.045    -696.139    -0.050
392.671    -695.535    -0.050
391.297    -694.932    -0.050
389.859    -694.231    -0.050
388.518    -693.556    -0.050
387.178    -692.880    -0.049
385.773    -692.115    -0.049
384.464    -691.382    -0.049
383.155    -690.648    -0.049
381.791    -689.812    -0.049
380.513    -689.024    -0.049
379.236    -688.236    -0.049
377.999    -687.387    -0.048
376.765    -686.533    -0.048
375.456    -685.614    -0.048
374.259    -684.709    -0.048
373.062    -683.804    -0.048
371.788    -682.834    -0.047
370.627    -681.884    -0.047
369.472    -680.926    -0.047
368.265    -679.875    -0.047
367.155    -678.866    -0.047
366.045    -677.855    -0.047
364.952    -676.829    -0.046
363.884    -675.774    -0.046
362.758    -674.636    -0.046
361.724    -673.549    -0.046
360.703    -672.449    -0.046
359.684    -671.348    -0.046
358.624    -670.150    -0.045
357.645    -669.011    -0.045
356.701    -667.846    -0.045
355.711    -666.588    -0.045
354.786    -665.406    -0.045
353.862    -664.223    -0.045
352.975    -663.013    -0.044
352.047    -661.710    -0.044
351.202    -660.470    -0.044
350.383    -659.213    -0.044
349.564    -657.955    -0.044
348.707    -656.604    -0.043
347.933    -655.318    -0.043
347.161    -654.032    -0.043
346.415    -652.730    -0.043
345.684    -651.420    -0.043
344.953    -650.109    -0.043
344.214    -648.689    -0.042
343.539    -647.350    -0.042
342.863    -646.010    -0.042
342.192    -644.556    -0.042
341.567    -643.193    -0.042
340.944    -641.828    -0.042
340.328    -640.350    -0.041
339.755    -638.963    -0.041
339.187    -637.574    -0.041
338.650    -636.173    -0.041
338.113    -634.772    -0.041
337.588    -633.366    -0.040
337.069    -631.852    -0.040
336.585    -630.432    -0.040
336.115    -629.007    -0.040
335.654    -627.580    -0.040
335.194    -626.151    -0.040
334.767    -624.713    -0.039
334.358    -623.269    -0.039
333.922    -621.729    -0.039
333.543    -620.277    -0.039
333.166    -618.825    -0.039
332.789    -617.372    -0.039
332.450    -615.911    -0.038
332.113    -614.448    -0.038
331.762    -612.887    -0.038
331.455    -611.418    -0.038
331.148    -609.948    -0.038
330.846    -608.479    -0.038
330.567    -607.005    -0.038
330.288    -605.530    -0.037
330.029    -604.052    -0.037
329.773    -602.472    -0.037
329.534    -600.991    -0.037
329.312    -599.507    -0.037
329.107    -598.020    -0.037
328.901    -596.534    -0.036
328.718    -595.045    -0.036
328.539    -593.555    -0.036
328.361    -592.066    -0.036
328.186    -590.474    -0.036
328.027    -588.983    -0.036
327.871    -587.490    -0.036
327.738    -585.995    -0.035
327.604    -584.500    -0.035
327.472    -583.006    -0.035
327.356    -581.510    -0.035
327.240    -580.014    -0.035
327.128    -578.517    -0.035
327.035    -577.020    -0.035
326.944    -575.522    -0.034
326.849    -573.924    -0.034
326.771    -572.426    -0.034
326.693    -570.927    -0.034
326.620    -569.429    -0.034
326.562    -567.929    -0.034
326.503    -566.429    -0.034
326.445    -564.930    -0.033
326.393    -563.431    -0.033
326.341    -561.931    -0.033
326.294    -560.431    -0.033
326.253    -558.931    -0.033
326.210    -557.432    -0.033
326.174    -555.931    -0.033
326.144    -554.431    -0.033
326.114    -552.930    -0.032
326.083    -551.430    -0.032
326.052    -549.931    -0.032
326.020    -548.430    -0.032
325.989    -546.930    -0.032
325.958    -545.430    -0.032
325.927    -543.929    -0.032
325.901    -542.429    -0.031
325.875    -540.928    -0.031
325.850    -539.428    -0.031
325.825    -537.928    -0.031
325.800    -536.428    -0.031
325.774    -534.928    -0.031
325.743    -533.427    -0.031
325.711    -531.927    -0.031
325.680    -530.426    -0.030
325.649    -528.926    -0.030
325.619    -527.426    -0.030
325.591    -525.926    -0.030
325.565    -524.426    -0.030
325.541    -522.925    -0.030
325.516    -521.425    -0.030
325.492    -519.925    -0.030
325.467    -518.424    -0.029
325.440    -516.924    -0.029
325.410    -515.423    -0.029
325.382    -513.923    -0.029
325.353    -512.423    -0.029
325.325    -510.923    -0.029
325.297    -509.423    -0.029
325.271    -507.922    -0.029
325.244    -506.422    -0.028
325.218    -504.922    -0.028
325.190    -503.421    -0.028
325.161    -501.921    -0.028
325.135    -500.420    -0.028
325.109    -498.920    -0.028
325.085    -497.420    -0.028
325.059    -495.920    -0.028
325.028    -494.420    -0.027
324.998    -492.919    -0.027
324.967    -491.419    -0.027
324.936    -489.919    -0.027
324.906    -488.418    -0.027
324.878    -486.919    -0.027
324.854    -485.418    -0.027
324.829    -483.918    -0.027
324.804    -482.417    -0.027
324.779    -480.917    -0.026
324.755    -479.417    -0.026
324.730    -477.916    -0.026
324.706    -476.416    -0.026
324.681    -474.915    -0.026
324.655    -473.415    -0.026
324.629    -471.915    -0.026
324.604    -470.414    -0.026
324.579    -468.915    -0.026
324.554    -467.414    -0.025
324.529    -465.914    -0.025
324.503    -464.413    -0.025
324.478    -462.913    -0.025
324.453    -461.413    -0.025
324.428    -459.912    -0.025
324.404    -458.412    -0.025
324.377    -456.911    -0.025
324.351    -455.411    -0.025
324.325    -453.910    -0.024
324.299    -452.410    -0.024
324.274    -450.911    -0.024
324.246    -449.410    -0.024
324.200    -447.910    -0.024
324.156    -446.411    -0.024
324.112    -444.910    -0.024
324.068    -443.410    -0.024
324.012    -441.911    -0.024
323.948    -440.512    -0.023
323.866    -438.914    -0.023
323.795    -437.514    -0.023
323.706    -436.016    -0.023
323.590    -434.521    -0.023
323.467    -433.026    -0.023
323.311    -431.533    -0.023
323.158    -430.040    -0.023
323.004    -428.548    -0.023
322.852    -427.155    -0.023
322.682    -425.665    -0.022
322.510    -424.174    -0.022
322.314    -422.686    -0.022
322.115    -421.198    -0.022
321.916    -419.711    -0.022
321.713    -418.225    -0.022
321.501    -416.740    -0.022
321.306    -415.353    -0.022
321.058    -413.873    -0.022
320.810    -412.393    -0.021
320.559    -410.913    -0.021
320.293    -409.437    -0.021
320.013    -407.861    -0.021
319.770    -406.482    -0.021
319.478    -405.010    -0.021
319.186    -403.538    -0.021
318.886    -402.068    -0.021
318.595    -400.698    -0.021
318.271    -399.233    -0.020
317.930    -397.772    -0.020
317.587    -396.311    -0.020
317.244    -394.850    -0.020
316.880    -393.394    -0.020
316.505    -391.942    -0.020
316.139    -390.590    -0.020
315.738    -389.144    -0.020
315.339    -387.697    -0.020
314.941    -386.250    -0.020
314.519    -384.810    -0.019
314.091    -383.372    -0.019
313.660    -381.935    -0.019
313.227    -380.498    -0.019
312.795    -379.061    -0.019
312.361    -377.624    -0.019
311.906    -376.195    -0.019
311.480    -374.861    -0.019
311.015    -373.434    -0.019
310.527    -372.015    -0.018
310.039    -370.596    -0.018
309.546    -369.179    -0.018
309.043    -367.766    -0.018
308.529    -366.356    -0.018
308.033    -365.046    -0.018
307.498    -363.644    -0.018
306.963    -362.242    -0.018
306.407    -360.848    -0.018
305.841    -359.458    -0.017
305.278    -358.067    -0.017
304.714    -356.786    -0.017
304.104    -355.414    -0.017
303.496    -354.043    -0.017
302.874    -352.677    -0.017
302.246    -351.315    -0.017
301.611    -349.956    -0.017
300.971    -348.598    -0.017
300.331    -347.240    -0.017
299.732    -345.974    -0.016
299.073    -344.627    -0.016
298.370    -343.189    -0.016
297.754    -341.931    -0.016
297.089    -340.586    -0.016
296.425    -339.240    -0.016
295.744    -337.903    -0.016
295.040    -336.579    -0.016
294.335    -335.253    -0.016
293.621    -333.934    -0.016
292.897    -332.620    -0.015
292.173    -331.305    -0.015
291.479    -330.089    -0.015
290.726    -328.791    -0.015
289.972    -327.493    -0.015
289.192    -326.211    -0.015
288.412    -324.930    -0.015
287.683    -323.734    -0.015
286.886    -322.462    -0.015
286.091    -321.190    -0.015
285.284    -319.925    -0.014
284.464    -318.668    -0.014
283.644    -317.411    -0.014
282.812    -316.162    -0.014
281.970    -314.920    -0.014
281.130    -313.678    -0.014
280.281    -312.441    -0.014
279.428    -311.205    -0.014
278.632    -310.053    -0.014
277.764    -308.830    -0.014
276.893    -307.607    -0.013
276.022    -306.385    -0.013
275.133    -305.176    -0.013
274.245    -303.967    -0.013
273.353    -302.760    -0.013
272.454    -301.559    -0.013
271.555    -300.357    -0.013
270.701    -299.247    -0.013
269.770    -298.071    -0.013
268.837    -296.896    -0.013
267.948    -295.814    -0.013
266.976    -294.670    -0.012
265.940    -293.450    -0.012
265.016    -292.398    -0.012
264.023    -291.274    -0.012
263.030    -290.148    -0.012
262.031    -289.029    -0.012
261.030    -287.910    -0.012
260.030    -286.792    -0.012
259.016    -285.685    -0.012
258.003    -284.579    -0.012
256.991    -283.472    -0.011
255.980    -282.363    -0.011
254.968    -281.254    -0.011
253.958    -280.145    -0.011
252.947    -279.036    -0.011
251.937    -277.927    -0.011
250.927    -276.817    -0.011
249.916    -275.708    -0.011
248.905    -274.598    -0.011
247.890    -273.494    -0.011
246.874    -272.389    -0.011
245.858    -271.285    -0.011
244.844    -270.179    -0.010
243.833    -269.070    -0.010
242.823    -267.960    -0.010
241.810    -266.853    -0.010
240.798    -265.745    -0.010
239.785    -264.638    -0.010
238.773    -263.530    -0.010
237.760    -262.423    -0.010
236.748    -261.316    -0.010
235.734    -260.209    -0.010
234.721    -259.102    -0.010
233.709    -257.994    -0.010
232.696    -256.887    -0.009
231.683    -255.780    -0.009
230.671    -254.673    -0.009
229.658    -253.564    -0.009
228.646    -252.457    -0.009
227.635    -251.349    -0.009
226.623    -250.241    -0.009
225.609    -249.134    -0.009
224.593    -248.031    -0.009
223.577    -246.927    -0.009
222.560    -245.823    -0.009
221.544    -244.718    -0.009
220.529    -243.613    -0.008
219.516    -242.506    -0.008
218.503    -241.400    -0.008
217.490    -240.293    -0.008
216.477    -239.185    -0.008
215.463    -238.078    -0.008
214.450    -236.972    -0.008
213.436    -235.866    -0.008
212.423    -234.760    -0.008
211.409    -233.652    -0.008
210.396    -232.546    -0.008
209.382    -231.440    -0.008
208.369    -230.333    -0.008
207.356    -229.225    -0.007
206.343    -228.118    -0.007
205.331    -227.011    -0.007
204.319    -225.904    -0.007
203.305    -224.797    -0.007
202.290    -223.691    -0.007
201.275    -222.586    -0.007
200.261    -221.480    -0.007
199.247    -220.374    -0.007
198.233    -219.268    -0.007
197.219    -218.162    -0.007
196.205    -217.057    -0.007
195.190    -215.951    -0.007
194.176    -214.844    -0.007
193.162    -213.738    -0.007
192.148    -212.633    -0.006
191.133    -211.528    -0.006
190.118    -210.423    -0.006
189.103    -209.317    -0.006
188.088    -208.212    -0.006
187.074    -207.106    -0.006
186.062    -205.999    -0.006
185.050    -204.890    -0.006
184.038    -203.782    -0.006
183.027    -202.674    -0.006
182.014    -201.566    -0.006
181.002    -200.457    -0.006
179.990    -199.350    -0.006
178.978    -198.242    -0.006
177.966    -197.135    -0.006
176.954    -196.026    -0.005
175.941    -194.920    -0.005
174.925    -193.815    -0.005
173.911    -192.710    -0.005
172.896    -191.604    -0.005
171.882    -190.498    -0.005
170.868    -189.392    -0.005
169.851    -188.289    -0.005
168.834    -187.186    -0.005
167.816    -186.083    -0.005
166.800    -184.978    -0.005
165.783    -183.875    -0.005
164.769    -182.769    -0.005
163.758    -181.661    -0.005
162.746    -180.552    -0.005
161.735    -179.444    -0.005
160.722    -178.336    -0.005
159.711    -177.228    -0.004
158.697    -176.121    -0.004
157.684    -175.015    -0.004
156.670    -173.908    -0.004
155.657    -172.802    -0.004
154.643    -171.695    -0.004
153.629    -170.589    -0.004
152.615    -169.483    -0.004
151.600    -168.378    -0.004
150.586    -167.273    -0.004
149.571    -166.166    -0.004
148.557    -165.061    -0.004
147.544    -163.953    -0.004
146.532    -162.845    -0.004
145.521    -161.737    -0.004
144.509    -160.629    -0.004
143.497    -159.521    -0.004
142.485    -158.413    -0.004
141.472    -157.306    -0.004
140.460    -156.198    -0.003
139.448    -155.090    -0.003
138.436    -153.983    -0.003
137.424    -152.875    -0.003
136.411    -151.767    -0.003
135.399    -150.660    -0.003
134.386    -149.553    -0.003
133.373    -148.445    -0.003
132.361    -147.337    -0.003
131.345    -146.233    -0.003
130.328    -145.131    -0.003
129.310    -144.028    -0.003
128.293    -142.925    -0.003
127.276    -141.820    -0.003
126.261    -140.715    -0.003
125.248    -139.609    -0.003
124.234    -138.503    -0.003
123.221    -137.395    -0.003
122.208    -136.288    -0.003
121.195    -135.182    -0.003
120.179    -134.077    -0.003
119.164    -132.972    -0.003
118.150    -131.866    -0.002
117.135    -130.761    -0.002
116.121    -129.656    -0.002
115.106    -128.550    -0.002
114.092    -127.443    -0.002
113.078    -126.337    -0.002
112.064    -125.231    -0.002
111.050    -124.125    -0.002
110.037    -123.019    -0.002
109.026    -121.910    -0.002
108.015    -120.801    -0.002
107.003    -119.692    -0.002
105.993    -118.583    -0.002
104.982    -117.473    -0.002
103.970    -116.366    -0.002
102.954    -115.262    -0.002
101.938    -114.158    -0.002
100.922    -113.053    -0.002
99.905    -111.949    -0.002
98.890    -110.845    -0.002
97.874    -109.740    -0.002
96.859    -108.636    -0.002
95.843    -107.531    -0.002
94.828    -106.426    -0.002
93.813    -105.321    -0.002
92.798    -104.216    -0.002
91.784    -103.109    -0.001
90.770    -102.003    -0.001
89.757    -100.896    -0.001
88.744    -99.790    -0.001
87.731    -98.684    -0.001
86.718    -97.576    -0.001
85.703    -96.469    -0.001
84.691    -95.363    -0.001
83.678    -94.256    -0.001
82.665    -93.148    -0.001
81.653    -92.040    -0.001
80.641    -90.933    -0.001
79.629    -89.825    -0.001
78.617    -88.716    -0.001
77.605    -87.608    -0.001
76.594    -86.500    -0.001
75.581    -85.393    -0.001
74.568    -84.286    -0.001
73.554    -83.179    -0.001
72.541    -82.072    -0.001
71.529    -80.965    -0.001
70.516    -79.858    -0.001
69.502    -78.752    -0.001
68.488    -77.646    -0.001
67.474    -76.540    -0.001
66.459    -75.434    -0.001
65.445    -74.327    -0.001
64.432    -73.221    -0.001
63.419    -72.114    -0.001
62.407    -71.007    -0.001
61.394    -69.899    -0.001
60.381    -68.792    -0.001
59.368    -67.685    -0.001
58.357    -66.577    -0.001
57.346    -65.468    -0.001
56.335    -64.359    -0.001
55.323    -63.251    -0.001
54.312    -62.142    -0.001
53.298    -61.036    -0.001
52.283    -59.930    -0.000
51.269    -58.824    -0.000
50.255    -57.719    -0.000
49.241    -56.613    -0.000
48.227    -55.507    -0.000
47.213    -54.401    -0.000
46.197    -53.295    -0.000
45.184    -52.189    -0.000
44.170    -51.083    -0.000
43.156    -49.977    -0.000
42.143    -48.870    -0.000
41.130    -47.763    -0.000
40.116    -46.656    -0.000
39.104    -45.548    -0.000
38.091    -44.441    -0.000
37.079    -43.334    -0.000
36.067    -42.226    -0.000
35.055    -41.118    -0.000
34.043    -40.010    -0.000
33.031    -38.902    -0.000
32.019    -37.794    -0.000
31.006    -36.688    -0.000
29.991    -35.582    -0.000
28.976    -34.477    -0.000
27.961    -33.372    -0.000
26.947    -32.267    -0.000
25.931    -31.161    -0.000
24.917    -30.055    -0.000
23.902    -28.950    -0.000
22.888    -27.844    -0.000
21.874    -26.739    -0.000
20.860    -25.632    -0.000
19.845    -24.526    -0.000
18.833    -23.419    -0.000
17.820    -22.312    -0.000
16.808    -21.203    -0.000
15.796    -20.096    -0.000
14.784    -18.988    -0.000
13.772    -17.881    -0.000
12.760    -16.772    -0.000
11.748    -15.664    -0.000
10.736    -14.556    -0.000
9.725    -13.448    -0.000
8.714    -12.339    -0.000
7.698    -11.235    -0.000
6.681    -10.131    -0.000
5.665    -9.026    -0.000
4.650    -7.922    -0.000
3.634    -6.817    -0.000
2.619    -5.712    -0.000
1.605    -4.607    -0.000
0.590    -3.501    -0.000
-0.426    -2.396    -0.000
-1.440    -1.290    -0.000
