-256.633    271.398    -0.011
-258.650    273.620    -0.011
-260.669    275.841    -0.011
-262.702    278.049    -0.011
-264.734    280.257    -0.012
-266.761    282.469    -0.012
-268.787    284.684    -0.012
-270.812    286.898    -0.012
-272.837    289.114    -0.012
-274.865    291.326    -0.013
-276.892    293.540    -0.013
-278.918    295.753    -0.013
-280.944    297.967    -0.013
-282.970    300.181    -0.013
-284.996    302.395    -0.014
-287.022    304.609    -0.014
-289.051    306.821    -0.014
-291.100    309.014    -0.014
-293.126    311.226    -0.014
-295.141    313.452    -0.015
-297.175    315.658    -0.015
-299.209    317.865    -0.015
-301.235    320.078    -0.015
-303.260    322.293    -0.015
-305.285    324.507    -0.016
-307.309    326.723    -0.016
-309.338    328.935    -0.016
-311.372    331.142    -0.016
-313.404    333.350    -0.016
-315.432    335.561    -0.017
-317.461    337.774    -0.017
-319.482    339.992    -0.017
-321.504    342.210    -0.017
-323.527    344.427    -0.018
-325.548    346.645    -0.018
-327.575    348.858    -0.018
-329.607    351.068    -0.018
-331.636    353.278    -0.018
-333.666    355.487    -0.019
-335.694    357.702    -0.019
-337.711    359.922    -0.019
-339.728    362.145    -0.019
-341.772    364.342    -0.020
-343.811    366.545    -0.020
-345.883    368.716    -0.020
-348.006    370.837    -0.020
-350.155    372.931    -0.021
-352.356    374.971    -0.021
-354.607    376.956    -0.021
-356.867    378.931    -0.021
-359.175    380.849    -0.022
-361.561    382.668    -0.022
-363.993    384.426    -0.022
-366.464    386.130    -0.022
-368.990    387.750    -0.022
-371.564    389.292    -0.023
-374.184    390.754    -0.023
-376.841    392.152    -0.023
-379.506    393.486    -0.023
-382.229    394.748    -0.024
-384.966    395.976    -0.024
-387.731    397.143    -0.024
-390.525    398.239    -0.024
-393.334    399.296    -0.025
-396.181    400.247    -0.025
-399.041    401.152    -0.025
-401.928    401.967    -0.025
-404.841    402.690    -0.026
-407.767    403.358    -0.026
-410.712    403.933    -0.026
-413.672    404.427    -0.026
-416.643    404.847    -0.026
-419.626    405.180    -0.027
-422.613    405.474    -0.027
-425.605    405.695    -0.027
-428.601    405.859    -0.027
-431.600    405.961    -0.028
-434.601    405.982    -0.028
-437.601    405.927    -0.028
-440.598    405.759    -0.028
-443.587    405.492    -0.028
-446.564    405.111    -0.029
-449.533    404.678    -0.029
-452.500    404.230    -0.029
-455.463    403.750    -0.029
-458.422    403.249    -0.029
-461.381    402.747    -0.029
-464.339    402.244    -0.030
-467.298    401.740    -0.030
-470.256    401.237    -0.030
-473.214    400.729    -0.030
-476.171    400.213    -0.030
-479.127    399.699    -0.031
-482.085    399.191    -0.031
-485.043    398.687    -0.031
-488.002    398.183    -0.031
-490.961    397.683    -0.031
-493.920    397.181    -0.032
-496.878    396.675    -0.032
-499.835    396.163    -0.032
-502.795    395.669    -0.032
-505.758    395.186    -0.032
-508.720    394.704    -0.033
-511.682    394.225    -0.033
-514.643    393.740    -0.033
-517.613    393.305    -0.033
-520.584    392.886    -0.033
-523.564    392.526    -0.034
-526.546    392.192    -0.034
-529.531    391.885    -0.034
-532.518    391.584    -0.034
-535.504    391.282    -0.034
-538.494    391.020    -0.035
-541.483    390.761    -0.035
-544.475    390.526    -0.035
-547.469    390.322    -0.035
-550.466    390.162    -0.036
-553.466    390.080    -0.036
-556.466    390.045    -0.036
-559.467    390.080    -0.036
-562.466    390.152    -0.037
-565.465    390.272    -0.037
-568.163    390.410    -0.037
-565.579    389.559    -0.037
-562.716    388.658    -0.037
-559.854    387.756    -0.036
-556.991    386.854    -0.036
-554.115    385.998    -0.036
-551.237    385.148    -0.035
-548.358    384.299    -0.035
-545.480    383.449    -0.035
-542.601    382.602    -0.035
-539.720    381.759    -0.034
-536.841    380.915    -0.034
-533.961    380.073    -0.034
-531.079    379.233    -0.033
-528.196    378.399    -0.033
-525.313    377.565    -0.033
-522.430    376.731    -0.033
-519.548    375.897    -0.032
-516.665    375.063    -0.032
-513.781    374.230    -0.032
-510.899    373.395    -0.031
-508.016    372.561    -0.031
-505.134    371.727    -0.031
-502.251    370.892    -0.031
-499.367    370.058    -0.030
-496.484    369.225    -0.030
-493.601    368.394    -0.030
-490.717    367.562    -0.029
-487.836    366.723    -0.029
-484.955    365.882    -0.029
-482.074    365.041    -0.029
-479.193    364.202    -0.028
-476.309    363.372    -0.028
-473.425    362.543    -0.028
-470.540    361.713    -0.028
-467.656    360.884    -0.027
-464.772    360.055    -0.027
-461.890    359.217    -0.027
-459.012    358.368    -0.027
-456.132    357.522    -0.026
-453.249    356.690    -0.026
-450.365    355.859    -0.026
-447.482    355.027    -0.026
-444.599    354.194    -0.025
-441.715    353.361    -0.025
-438.831    352.531    -0.025
-435.947    351.701    -0.025
-433.063    350.871    -0.024
-430.180    350.040    -0.024
-427.296    349.209    -0.024
-424.412    348.377    -0.024
-421.529    347.545    -0.023
-418.649    346.700    -0.023
-415.766    345.867    -0.023
-412.881    345.042    -0.023
-409.996    344.212    -0.022
-407.115    343.373    -0.022
-404.238    342.520    -0.022
-401.364    341.654    -0.022
-398.494    340.777    -0.022
-395.630    339.880    -0.021
-392.773    338.963    -0.021
-389.920    338.033    -0.021
-387.073    337.084    -0.021
-384.228    336.127    -0.020
-381.393    335.142    -0.020
-378.564    334.143    -0.020
-375.744    333.115    -0.020
-372.924    332.089    -0.020
-370.115    331.031    -0.019
-367.308    329.969    -0.019
-364.508    328.888    -0.019
-361.717    327.786    -0.019
-358.925    326.686    -0.018
-356.148    325.550    -0.018
-353.371    324.411    -0.018
-350.605    323.247    -0.018
-347.843    322.072    -0.018
-345.092    320.872    -0.017
-342.350    319.653    -0.017
-339.614    318.420    -0.017
-336.882    317.177    -0.017
-334.162    315.908    -0.017
-331.459    314.605    -0.016
-328.751    313.313    -0.016
-326.053    311.998    -0.016
-323.367    310.659    -0.016
-320.680    309.324    -0.016
-318.000    307.973    -0.015
-315.323    306.615    -0.015
-312.662    305.230    -0.015
-310.014    303.816    -0.015
-307.378    302.383    -0.015
-304.740    300.951    -0.014
-302.128    299.473    -0.014
-299.518    297.993    -0.014
-296.907    296.514    -0.014
-294.312    295.004    -0.014
-291.735    293.467    -0.013
-289.157    291.930    -0.013
-286.579    290.393    -0.013
-284.002    288.856    -0.013
-281.449    287.278    -0.013
-278.897    285.701    -0.013
-276.349    284.114    -0.012
-273.807    282.518    -0.012
-271.295    280.876    -0.012
-268.793    279.219    -0.012
-266.296    277.555    -0.012
-263.808    275.876    -0.011
-261.341    274.168    -0.011
-258.884    272.445    -0.011
-256.434    270.712    -0.011
-256.296    271.028    -0.011
-255.288    269.917    -0.011