1.219    1.145    -0.000
0.229    2.227    -0.000
-0.784    3.334    -0.000
-1.797    4.442    -0.000
-2.810    5.548    -0.000
-3.823    6.655    -0.000
-4.836    7.761    -0.000
-5.849    8.869    -0.000
-6.863    9.976    -0.000
-7.876    11.083    -0.000
-8.889    12.189    -0.000
-9.903    13.296    -0.000
-10.917    14.402    -0.000
-11.931    15.507    -0.000
-12.944    16.613    -0.000
-13.959    17.720    -0.000
-14.972    18.827    -0.000
-15.985    19.934    -0.000
-16.998    21.040    -0.000
-18.011    22.147    -0.000
-19.025    23.254    -0.000
-20.039    24.361    -0.000
-21.051    25.468    -0.000
-22.064    26.574    -0.000
-23.077    27.682    -0.000
-24.090    28.789    -0.000
-25.104    29.895    -0.000
-26.120    30.999    -0.000
-27.137    32.103    -0.000
-28.153    33.207    -0.000
-29.169    34.311    -0.000
-30.186    35.415    -0.000
-31.199    36.521    -0.000
-32.210    37.630    -0.000
-33.222    38.738    -0.000
-34.234    39.846    -0.000
-35.245    40.954    -0.000
-36.257    42.063    -0.000
-37.271    43.169    -0.000
-38.286    44.274    -0.000
-39.301    45.379    -0.000
-40.317    46.484    -0.000
-41.332    47.590    -0.000
-42.346    48.695    -0.000
-43.361    49.800    -0.000
-44.376    50.905    -0.000
-45.390    52.010    -0.000
-46.405    53.116    -0.000
-47.421    54.222    -0.000
-48.433    55.329    -0.000
-49.445    56.436    -0.000
-50.457    57.545    -0.000
-51.470    58.652    -0.000
-52.482    59.759    -0.000
-53.494    60.867    -0.001
-54.508    61.974    -0.001
-55.521    63.081    -0.001
-56.533    64.188    -0.001
-57.546    65.295    -0.001
-58.559    66.401    -0.001
-59.572    67.509    -0.001
-60.586    68.616    -0.001
-61.598    69.723    -0.001
-62.611    70.830    -0.001
-63.624    71.938    -0.001
-64.637    73.045    -0.001
-65.651    74.150    -0.001
-66.666    75.255    -0.001
-67.682    76.361    -0.001
-68.697    77.466    -0.001
-69.712    78.571    -0.001
-70.725    79.677    -0.001
-71.736    80.785    -0.001
-72.747    81.895    -0.001
-73.758    83.003    -0.001
-74.770    84.112    -0.001
-75.782    85.220    -0.001
-76.795    86.327    -0.001
-77.809    87.433    -0.001
-78.822    88.539    -0.001
-79.836    89.645    -0.001
-80.851    90.752    -0.001
-81.865    91.858    -0.001
-82.880    92.963    -0.001
-83.894    94.068    -0.001
-84.909    95.173    -0.001
-85.924    96.279    -0.001
-86.939    97.384    -0.001
-87.953    98.490    -0.001
-88.966    99.597    -0.001
-89.979    100.705    -0.001
-90.992    101.811    -0.001
-92.005    102.918    -0.001
-93.018    104.025    -0.002
-94.031    105.131    -0.002
-95.046    106.238    -0.002
-96.059    107.344    -0.002
-97.073    108.450    -0.002
-98.087    109.556    -0.002
-99.100    110.663    -0.002
-100.113    111.770    -0.002
-101.127    112.877    -0.002
-102.140    113.983    -0.002
-103.153    115.091    -0.002
-104.167    116.197    -0.002
-105.180    117.304    -0.002
-106.193    118.410    -0.002
-107.206    119.517    -0.002
-108.220    120.624    -0.002
-109.233    121.731    -0.002
-110.247    122.837    -0.002
-111.261    123.943    -0.002
-112.275    125.049    -0.002
-113.289    126.155    -0.002
-114.303    127.261    -0.002
-115.318    128.366    -0.002
-116.333    129.472    -0.002
-117.347    130.578    -0.002
-118.361    131.683    -0.002
-119.376    132.789    -0.003
-120.390    133.894    -0.003
-121.404    135.001    -0.003
-122.416    136.109    -0.003
-123.428    137.217    -0.003
-124.439    138.325    -0.003
-125.451    139.434    -0.003
-126.463    140.542    -0.003
-127.476    141.649    -0.003
-128.489    142.755    -0.003
-129.502    143.862    -0.003
-130.515    144.970    -0.003
-131.528    146.076    -0.003
-132.542    147.183    -0.003
-133.555    148.289    -0.003
-134.570    149.396    -0.003
-135.583    150.502    -0.003
-136.597    151.608    -0.003
-137.611    152.714    -0.003
-138.624    153.821    -0.003
-139.637    154.928    -0.003
-140.651    156.034    -0.003
-141.665    157.140    -0.004
-142.678    158.247    -0.004
-143.691    159.355    -0.004
-144.702    160.463    -0.004
-145.713    161.571    -0.004
-146.725    162.679    -0.004
-147.737    163.788    -0.004
-148.749    164.896    -0.004
-149.765    166.000    -0.004
-150.781    167.104    -0.004
-151.797    168.209    -0.004
-152.813    169.313    -0.004
-153.830    170.416    -0.004
-154.845    171.520    -0.004
-155.861    172.625    -0.004
-156.876    173.731    -0.004
-157.891    174.836    -0.004
-158.906    175.941    -0.004
-159.921    177.046    -0.004
-160.933    178.154    -0.005
-161.945    179.262    -0.005
-162.957    180.370    -0.005
-163.969    181.478    -0.005
-164.981    182.585    -0.005
-165.994    183.693    -0.005
-167.008    184.799    -0.005
-168.022    185.904    -0.005
-169.037    187.010    -0.005
-170.052    188.116    -0.005
-171.066    189.222    -0.005
-172.080    190.328    -0.005
-173.094    191.433    -0.005
-174.108    192.539    -0.005
-175.123    193.645    -0.005
-176.138    194.750    -0.005
-177.154    195.854    -0.005
-178.177    196.952    -0.006
-179.199    198.051    -0.006
-180.221    199.150    -0.006
-181.243    200.249    -0.006
-182.265    201.347    -0.006
-183.284    202.448    -0.006
-184.302    203.551    -0.006
-185.318    204.656    -0.006
-186.334    205.760    -0.006
-187.350    206.864    -0.006
-188.230    207.821    -0.006
-189.371    208.942    -0.006
-190.444    209.992    -0.006
-191.517    211.041    -0.006
-192.590    212.091    -0.006
-193.663    213.140    -0.007
-194.735    214.190    -0.007
-195.806    215.239    -0.007
-196.878    216.289    -0.007
-197.950    217.340    -0.007
-199.030    218.382    -0.007
-200.112    219.422    -0.007
-201.193    220.462    -0.007
-202.276    221.501    -0.007
-203.439    222.600    -0.007
-204.533    223.628    -0.007
-205.553    224.587    -0.007
-206.718    225.684    -0.007
-207.743    226.640    -0.007
-208.915    227.730    -0.007
-210.013    228.751    -0.008
-211.113    229.772    -0.008
-212.230    230.775    -0.008
-213.355    231.768    -0.008
-214.481    232.760    -0.008
-215.606    233.753    -0.008
-216.735    234.741    -0.008
-217.869    235.723    -0.008
-219.003    236.705    -0.008
-220.132    237.694    -0.008
-221.248    238.697    -0.008
-222.441    239.764    -0.008
-223.517    240.661    -0.008
-224.747    241.686    -0.009
-225.900    242.645    -0.009
-227.053    243.605    -0.009
-228.206    244.566    -0.009
-229.367    245.516    -0.009
-230.529    246.465    -0.009
-231.692    247.414    -0.009
-232.854    248.364    -0.009
-234.016    249.313    -0.009
-235.182    250.257    -0.009
-236.361    251.186    -0.009
-237.540    252.114    -0.009
-238.718    253.044    -0.009
-239.896    253.973    -0.010
-241.075    254.901    -0.010
-242.261    255.820    -0.010
-243.539    256.784    -0.010
-244.657    257.627    -0.010
-245.855    258.531    -0.010
-247.053    259.434    -0.010
-248.251    260.338    -0.010
-249.542    261.284    -0.010
-250.755    262.168    -0.010
-251.968    263.050    -0.010
-253.181    263.934    -0.010
-254.394    264.818    -0.011
-255.606    265.702    -0.011
-256.830    266.570    -0.011
-258.055    267.436    -0.011
-259.280    268.303    -0.011
-260.505    269.170    -0.011
-261.729    270.037    -0.011
-262.956    270.901    -0.011
-264.199    271.743    -0.011
-265.441    272.585    -0.011
-266.683    273.427    -0.011
-267.926    274.268    -0.012
-269.168    275.110    -0.012
-270.502    275.994    -0.012
-271.756    276.819    -0.012
-273.009    277.643    -0.012
-274.263    278.468    -0.012
-275.516    279.293    -0.012
-276.772    280.114    -0.012
-278.039    280.917    -0.012
-279.308    281.720    -0.012
-280.576    282.522    -0.012
-281.843    283.325    -0.013
-283.112    284.126    -0.013
-284.391    284.911    -0.013
-285.674    285.688    -0.013
-286.957    286.466    -0.013
-288.241    287.243    -0.013
-289.525    288.020    -0.013
-290.808    288.797    -0.013
-292.102    289.556    -0.013
-293.396    290.317    -0.013
-294.691    291.076    -0.013
-295.985    291.835    -0.014
-297.279    292.596    -0.014
-298.665    293.395    -0.014
-299.970    294.135    -0.014
-301.275    294.875    -0.014
-302.581    295.616    -0.014
-303.886    296.356    -0.014
-305.195    297.089    -0.014
-306.514    297.805    -0.014
-307.833    298.521    -0.014
-309.152    299.237    -0.015
-310.471    299.952    -0.015
-311.790    300.668    -0.015
-313.115    301.373    -0.015
-314.445    302.067    -0.015
-315.776    302.760    -0.015
-317.107    303.453    -0.015
-318.438    304.146    -0.015
-319.768    304.839    -0.015
-321.108    305.515    -0.015
-322.451    306.185    -0.016
-323.793    306.855    -0.016
-325.136    307.525    -0.016
-326.478    308.195    -0.016
-327.910    308.910    -0.016
-329.262    309.563    -0.016
-330.612    310.216    -0.016
-331.964    310.869    -0.016
-333.315    311.521    -0.016
-334.667    312.174    -0.016
-336.018    312.825    -0.017
-337.385    313.446    -0.017
-338.751    314.066    -0.017
-340.117    314.685    -0.017
-341.484    315.306    -0.017
-342.850    315.926    -0.017
-344.221    316.536    -0.017
-345.596    317.136    -0.017
-346.972    317.737    -0.017
-348.347    318.337    -0.017
-349.722    318.937    -0.018
-351.097    319.537    -0.018
-352.574    320.152    -0.018
-353.961    320.725    -0.018
-355.349    321.299    -0.018
-356.736    321.872    -0.018
-358.122    322.445    -0.018
-359.511    323.013    -0.018
-360.904    323.568    -0.018
-362.298    324.123    -0.019
-363.692    324.679    -0.019
-365.086    325.235    -0.019
-366.480    325.791    -0.019
-367.881    326.327    -0.019
-369.286    326.857    -0.019
-370.690    327.386    -0.019
-372.093    327.916    -0.019
-373.497    328.446    -0.019
-374.902    328.975    -0.020
-376.407    329.519    -0.020
-377.819    330.026    -0.020
-379.231    330.533    -0.020
-380.644    331.041    -0.020
-382.055    331.549    -0.020
-383.469    332.051    -0.020
-384.892    332.527    -0.020
-386.316    333.002    -0.020
-387.739    333.478    -0.021
-389.162    333.953    -0.021
-390.585    334.429    -0.021
-392.009    334.904    -0.021
-393.438    335.360    -0.021
-394.867    335.816    -0.021
-396.298    336.272    -0.021
-397.727    336.728    -0.021
-399.156    337.184    -0.021
-400.586    337.640    -0.022
-402.016    338.095    -0.022
-403.452    338.529    -0.022
-404.889    338.961    -0.022
-406.327    339.391    -0.022
-407.764    339.823    -0.022
-409.201    340.254    -0.022
-410.736    340.708    -0.022
-412.178    341.123    -0.022
-413.524    341.511    -0.023
-415.062    341.954    -0.023
-416.504    342.369    -0.023
-417.946    342.784    -0.023
-419.388    343.199    -0.023
-420.831    343.612    -0.023
-422.177    343.998    -0.023
-423.715    344.440    -0.023
-425.062    344.826    -0.023
-426.504    345.239    -0.024
-427.946    345.655    -0.024
-429.483    346.099    -0.024
-430.925    346.515    -0.024
-432.271    346.903    -0.024
-433.809    347.347    -0.024
-435.154    347.737    -0.024
-436.595    348.158    -0.024
-438.035    348.577    -0.025
-439.475    348.997    -0.025
-440.916    349.418    -0.025
-442.356    349.838    -0.025
-443.798    350.254    -0.025
-445.336    350.698    -0.025
-446.778    351.114    -0.025
-448.219    351.531    -0.025
-449.661    351.947    -0.026
-451.007    352.335    -0.026
-452.448    352.750    -0.026
-453.890    353.166    -0.026
-455.332    353.581    -0.026
-456.774    353.996    -0.026
-458.312    354.440    -0.026
-459.657    354.829    -0.026
-461.195    355.274    -0.027
-462.637    355.691    -0.027
-464.078    356.109    -0.027
-465.519    356.526    -0.027
-466.960    356.943    -0.027
-468.305    357.333    -0.027
-469.842    357.779    -0.027
-471.188    358.169    -0.027
-472.725    358.615    -0.028
-474.070    359.005    -0.028
-475.608    359.450    -0.028
-476.952    359.840    -0.028
-478.490    360.286    -0.028
-479.835    360.676    -0.028
-481.372    361.122    -0.028
-482.718    361.511    -0.029
-484.159    361.927    -0.029
-485.697    362.371    -0.029
-487.042    362.759    -0.029
-488.484    363.175    -0.029
-490.022    363.620    -0.029
-491.367    364.010    -0.029
-492.905    364.455    -0.029
-494.346    364.872    -0.030
-495.787    365.289    -0.030
-497.133    365.679    -0.030
-498.670    366.124    -0.030
-500.015    366.514    -0.030
-501.456    366.932    -0.030
-502.897    367.351    -0.030
-504.435    367.796    -0.031
-505.876    368.215    -0.031
-507.221    368.604    -0.031
-508.663    369.021    -0.031
-510.104    369.437    -0.031
-511.641    369.882    -0.031
-513.083    370.299    -0.031
-514.428    370.688    -0.032
-515.870    371.105    -0.032
-517.311    371.521    -0.032
-518.753    371.937    -0.032
-520.291    372.381    -0.032
-521.733    372.798    -0.032
-523.174    373.215    -0.032
-524.615    373.632    -0.033
-525.960    374.022    -0.033
-527.497    374.468    -0.033
-528.842    374.858    -0.033
-530.380    375.303    -0.033
-531.822    375.717    -0.033
-533.265    376.132    -0.033
-534.707    376.548    -0.034
-536.148    376.963    -0.034
-537.590    377.378    -0.034
-538.936    377.767    -0.034
-540.473    378.212    -0.034
-541.914    378.629    -0.034
-543.260    379.019    -0.034
-544.797    379.464    -0.035
-546.141    379.856    -0.035
-547.678    380.306    -0.035
-549.118    380.728    -0.035
-550.462    381.122    -0.035
-551.902    381.544    -0.035
-553.341    381.969    -0.035
-554.777    382.404    -0.036
-556.213    382.839    -0.036
-557.650    383.274    -0.036
-559.085    383.708    -0.036
-560.521    384.144    -0.036
-561.952    384.595    -0.036
-563.382    385.052    -0.037
-564.811    385.508    -0.037
-566.240    385.964    -0.037
-567.671    386.421    -0.037
-569.099    386.880    -0.037
-570.520    387.359    -0.037
-571.943    387.837    -0.037
-573.365    388.315    -0.038
-574.788    388.793    -0.038
-576.209    389.272    -0.038
-577.531    389.736    -0.038
-578.940    390.251    -0.038
-580.351    390.764    -0.038
-581.761    391.279    -0.039
-583.170    391.792    -0.039
-584.579    392.308    -0.039
-585.972    392.868    -0.039
-587.364    393.426    -0.039
-588.757    393.984    -0.039
-590.150    394.543    -0.040
-591.543    395.101    -0.040
-592.833    395.647    -0.040
-594.205    396.252    -0.040
-595.577    396.859    -0.040
-596.950    397.466    -0.040
-598.322    398.073    -0.040
-599.691    398.688    -0.041
-601.044    399.336    -0.041
-602.398    399.985    -0.041
-603.750    400.633    -0.041
-605.003    401.261    -0.041
-606.335    401.950    -0.041
-607.667    402.642    -0.042
-608.996    403.338    -0.042
-610.325    404.034    -0.042
-611.635    404.765    -0.042
-612.939    405.508    -0.042
-614.245    406.249    -0.043
-615.442    406.974    -0.043
-616.725    407.752    -0.043
-618.007    408.533    -0.043
-619.280    409.326    -0.043
-620.546    410.133    -0.043
-621.717    410.901    -0.044
-622.953    411.750    -0.044
-624.191    412.598    -0.044
-625.422    413.457    -0.044
-626.644    414.329    -0.044
-627.859    415.208    -0.044
-628.966    416.066    -0.045
-630.151    416.987    -0.045
-631.331    417.914    -0.045
-632.499    418.856    -0.045
-633.654    419.813    -0.045
-634.720    420.722    -0.045
-635.844    421.716    -0.046
-636.969    422.708    -0.046
-638.075    423.722    -0.046
-639.097    424.681    -0.046
-640.185    425.713    -0.046
-641.243    426.778    -0.047
-642.288    427.854    -0.047
-643.334    428.930    -0.047
-644.295    429.949    -0.047
-645.299    431.063    -0.047
-646.228    432.112    -0.047
-647.198    433.257    -0.048
-648.170    434.400    -0.048
-649.123    435.559    -0.048
-650.052    436.738    -0.048
-650.905    437.848    -0.048
-651.736    438.975    -0.048
-652.593    440.207    -0.049
-653.507    441.520    -0.049
-654.291    442.681    -0.049
-655.124    443.928    -0.049
-655.925    445.197    -0.049
-656.641    446.401    -0.049
-657.401    447.695    -0.050
-658.152    448.995    -0.050
-658.822    450.224    -0.050
-659.516    451.554    -0.050
-660.152    452.802    -0.050
-660.790    454.161    -0.050
-661.428    455.518    -0.051
-662.051    456.883    -0.051
-662.634    458.266    -0.051
-663.210    459.652    -0.051
-663.710    460.959    -0.051
-664.239    462.364    -0.051
-664.762    463.770    -0.052
-665.253    465.189    -0.052
-665.678    466.522    -0.052
-666.087    467.862    -0.052
-666.489    469.308    -0.052
-666.892    470.753    -0.052
-667.260    472.207    -0.052
-667.603    473.668    -0.053
-667.908    475.035    -0.053
-668.193    476.508    -0.053
-668.464    477.984    -0.053
-668.735    479.460    -0.053
-668.942    480.845    -0.053
-669.160    482.329    -0.053
-669.352    483.818    -0.053
-669.499    485.311    -0.054
-669.646    486.804    -0.054
-669.767    488.200    -0.054
-669.852    489.598    -0.054
-669.924    491.096    -0.054
-669.962    492.596    -0.054
-669.967    494.097    -0.054
-669.972    495.597    -0.054
-669.943    496.997    -0.055
-669.901    498.497    -0.055
-669.838    499.896    -0.055
-669.715    501.391    -0.055
-669.591    502.887    -0.055
-669.452    504.381    -0.055
-669.297    505.873    -0.055
-669.125    507.364    -0.055
-668.906    508.747    -0.055
-668.653    510.226    -0.055
-668.401    511.705    -0.056
-668.158    513.084    -0.056
-667.839    514.551    -0.056
-667.534    515.917    -0.056
-667.170    517.374    -0.056
-666.808    518.829    -0.056
-666.423    520.279    -0.056
-666.055    521.631    -0.056
-665.629    523.069    -0.056
-665.156    524.494    -0.056
-664.663    525.911    -0.056
-664.203    527.234    -0.056
-663.661    528.632    -0.056
-663.111    530.028    -0.057
-662.591    531.329    -0.057
-661.980    532.699    -0.057
-661.369    534.070    -0.057
-660.732    535.429    -0.057
-660.115    536.686    -0.057
-659.436    538.024    -0.057
-658.727    539.346    -0.057
-658.042    540.567    -0.057
-657.259    541.964    -0.057
-656.553    543.172    -0.057
-655.773    544.455    -0.057
-654.980    545.728    -0.057
-654.204    546.894    -0.057
-653.367    548.140    -0.057
-652.584    549.301    -0.057
-651.698    550.511    -0.057
-650.806    551.719    -0.057
-649.896    552.912    -0.057
-648.997    553.986    -0.057
-648.034    555.136    -0.057
-647.064    556.281    -0.057
-646.083    557.417    -0.057
-645.151    558.461    -0.057
-644.122    559.554    -0.057
-643.072    560.625    -0.057
-642.022    561.697    -0.057
-641.021    562.677    -0.057
-639.940    563.718    -0.057
-638.836    564.734    -0.057
-637.779    565.653    -0.057
-636.642    566.632    -0.057
-635.498    567.602    -0.057
-634.338    568.555    -0.057
-633.244    569.429    -0.057
-632.050    570.338    -0.057
-630.833    571.215    -0.057
-629.697    572.033    -0.057
-628.458    572.880    -0.057
-627.205    573.706    -0.057
-626.025    574.460    -0.057
-624.741    575.237    -0.057
-623.458    576.014    -0.057
-622.170    576.783    -0.056
-620.860    577.517    -0.056
-619.625    578.178    -0.056
-618.297    578.875    -0.056
-616.951    579.536    -0.056
-615.603    580.199    -0.056
-614.333    580.787    -0.056
-612.963    581.398    -0.056
-611.582    581.984    -0.056
-610.282    582.508    -0.056
-608.884    583.052    -0.056
-607.578    583.556    -0.056
-606.065    584.080    -0.056
-604.731    584.508    -0.056
-603.300    584.955    -0.055
-601.860    585.379    -0.055
-600.421    585.803    -0.055
-599.066    586.158    -0.055
-597.606    586.505    -0.055
-596.144    586.843    -0.055
-594.772    587.124    -0.055
-593.301    587.418    -0.055
-591.825    587.687    -0.055
-590.344    587.927    -0.054
-588.961    588.152    -0.054
-587.474    588.355    -0.054
-585.985    588.531    -0.054
-584.494    588.708    -0.054
-583.098    588.810    -0.054
-581.601    588.916    -0.054
-580.105    589.023    -0.054
-578.704    589.064    -0.054
-577.204    589.102    -0.053
-575.805    589.117    -0.053
-574.304    589.100    -0.053
-572.803    589.084    -0.053
-571.303    589.047    -0.053
-569.806    588.950    -0.053
-568.408    588.860    -0.053
-566.914    588.730    -0.052
-565.420    588.583    -0.052
-564.028    588.439    -0.052
-562.544    588.213    -0.052
-561.061    587.987    -0.052
-559.578    587.759    -0.052
-558.098    587.509    -0.052
-556.723    587.244    -0.051
-555.256    586.927    -0.051
-553.796    586.586    -0.051
-552.334    586.245    -0.051
-550.977    585.903    -0.051
-549.529    585.507    -0.051
-548.082    585.109    -0.050
-546.739    584.716    -0.050
-545.313    584.245    -0.050
-543.889    583.775    -0.050
-542.474    583.275    -0.050
-541.065    582.759    -0.050
-539.656    582.243    -0.049
-538.351    581.734    -0.049
-536.957    581.177    -0.049
-535.564    580.620    -0.049
-534.188    580.023    -0.049
-532.909    579.452    -0.049
-531.544    578.830    -0.048
-530.195    578.172    -0.048
-528.847    577.513    -0.048
-527.591    576.895    -0.048
-526.262    576.196    -0.048
-524.934    575.498    -0.048
-523.622    574.769    -0.047
-522.315    574.033    -0.047
-521.007    573.297    -0.047
-519.798    572.590    -0.047
-518.518    571.808    -0.047
-517.237    571.027    -0.047
-515.963    570.233    -0.046
-514.701    569.422    -0.046
-513.439    568.610    -0.046
-512.275    567.831    -0.046
-511.037    566.984    -0.046
-509.798    566.136    -0.046
-508.580    565.260    -0.045
-507.367    564.377    -0.045
-506.238    563.549    -0.045
-505.036    562.651    -0.045
-503.754    561.693    -0.045
-502.645    560.837    -0.045
-501.470    559.905    -0.044
-500.294    558.973    -0.044
-499.126    558.029    -0.044
-497.961    557.084    -0.044
-496.878    556.195    -0.044
-495.739    555.219    -0.043
-494.599    554.243    -0.043
-493.464    553.262    -0.043
-492.337    552.272    -0.043
-491.209    551.282    -0.043
-490.091    550.282    -0.043
-488.980    549.272    -0.042
-487.870    548.262    -0.042
-486.845    547.308    -0.042
-485.751    546.282    -0.042
-484.658    545.254    -0.042
-483.578    544.212    -0.042
-482.498    543.169    -0.041
-481.424    542.122    -0.041
-480.365    541.059    -0.041
-479.306    539.996    -0.041
-478.247    538.933    -0.041
-477.188    537.870    -0.041
-476.129    536.807    -0.040
-475.156    535.799    -0.040
-474.119    534.714    -0.040
-473.082    533.630    -0.040
-472.045    532.546    -0.040
-471.008    531.461    -0.040
-469.971    530.377    -0.039
-468.930    529.296    -0.039
-467.891    528.213    -0.039
-466.867    527.116    -0.039
-465.843    526.020    -0.039
-464.819    524.922    -0.039
-463.795    523.826    -0.038
-462.772    522.729    -0.038
-461.754    521.626    -0.038
-460.735    520.524    -0.038
-459.717    519.422    -0.038
-458.700    518.318    -0.038
-457.682    517.216    -0.037
-456.665    516.113    -0.037
-455.655    515.004    -0.037
-454.645    513.893    -0.037
-453.634    512.784    -0.037
-452.624    511.675    -0.037
-451.613    510.566    -0.036
-450.599    509.460    -0.036
-449.584    508.355    -0.036
-448.569    507.250    -0.036
-447.554    506.145    -0.036
-446.538    505.040    -0.036
-445.525    503.932    -0.036
-444.513    502.825    -0.035
-443.500    501.718    -0.035
-442.488    500.611    -0.035
-441.475    499.503    -0.035
-440.464    498.394    -0.035
-439.454    497.284    -0.035
-438.445    496.175    -0.034
-437.435    495.064    -0.034
-436.425    493.954    -0.034
-435.416    492.845    -0.034
-434.400    491.739    -0.034
-433.386    490.633    -0.034
-432.371    489.528    -0.033
-431.357    488.422    -0.033
-430.343    487.317    -0.033
-429.328    486.211    -0.033
-428.314    485.105    -0.033
-427.298    484.000    -0.033
-426.283    482.895    -0.033
-425.269    481.790    -0.032
-424.254    480.684    -0.032
-423.242    479.576    -0.032
-422.230    478.469    -0.032
-421.217    477.362    -0.032
-420.203    476.255    -0.032
-419.191    475.147    -0.032
-418.178    474.040    -0.031
-417.163    472.935    -0.031
-416.149    471.830    -0.031
-415.134    470.723    -0.031
-414.120    469.618    -0.031
-413.104    468.513    -0.031
-412.091    467.406    -0.030
-411.078    466.300    -0.030
-410.065    465.192    -0.030
-409.052    464.085    -0.030
-408.039    462.979    -0.030
-407.025    461.872    -0.030
-406.011    460.766    -0.030
-404.997    459.660    -0.029
-403.982    458.555    -0.029
-402.968    457.449    -0.029
-401.954    456.344    -0.029
-400.941    455.236    -0.029
-399.928    454.129    -0.029
-398.915    453.021    -0.029
-397.903    451.914    -0.028
-396.890    450.806    -0.028
-395.877    449.700    -0.028
-394.864    448.593    -0.028
-393.849    447.487    -0.028
-392.835    446.380    -0.028
-391.822    445.274    -0.028
-390.809    444.168    -0.027
-389.796    443.061    -0.027
-388.784    441.953    -0.027
-387.772    440.845    -0.027
-386.758    439.738    -0.027
-385.746    438.631    -0.027
-384.732    437.525    -0.027
-383.718    436.418    -0.027
-382.704    435.312    -0.026
-381.690    434.207    -0.026
-380.676    433.101    -0.026
-379.661    431.994    -0.026
-378.648    430.888    -0.026
-377.634    429.782    -0.026
-376.619    428.677    -0.026
-375.605    427.571    -0.025
-374.591    426.464    -0.025
-373.578    425.358    -0.025
-372.563    424.252    -0.025
-371.550    423.146    -0.025
-370.536    422.039    -0.025
-369.523    420.932    -0.025
-368.510    419.826    -0.024
-367.498    418.718    -0.024
-366.486    417.610    -0.024
-365.474    416.501    -0.024
-364.463    415.393    -0.024
-363.451    414.285    -0.024
-362.435    413.181    -0.024
-361.419    412.076    -0.024
-360.403    410.972    -0.023
-359.386    409.868    -0.023
-358.371    408.764    -0.023
-357.356    407.659    -0.023
-356.345    406.549    -0.023
-355.334    405.441    -0.023
-354.322    404.333    -0.023
-353.310    403.225    -0.023
-352.298    402.116    -0.022
-351.285    401.010    -0.022
-350.271    399.904    -0.022
-349.257    398.798    -0.022
-348.243    397.691    -0.022
-347.229    396.586    -0.022
-346.215    395.479    -0.022
-345.203    394.371    -0.022
-344.192    393.263    -0.021
-343.180    392.154    -0.021
-342.169    391.046    -0.021
-341.157    389.938    -0.021
-340.140    388.834    -0.021
-339.124    387.730    -0.021
-338.108    386.626    -0.021
-337.092    385.522    -0.021
-336.076    384.418    -0.020
-335.061    383.313    -0.020
-334.046    382.207    -0.020
-333.032    381.102    -0.020
-332.017    379.996    -0.020
-331.002    378.891    -0.020
-329.988    377.784    -0.020
-328.973    376.679    -0.020
-327.958    375.574    -0.020
-326.943    374.469    -0.019
-325.929    373.365    -0.019
-324.913    372.259    -0.019
-323.899    371.152    -0.019
-322.888    370.044    -0.019
-321.876    368.937    -0.019
-320.864    367.828    -0.019
-319.852    366.720    -0.019
-318.838    365.614    -0.018
-317.822    364.510    -0.018
-316.806    363.405    -0.018
-315.791    362.301    -0.018
-314.775    361.196    -0.018
-313.759    360.092    -0.018
-312.745    358.987    -0.018
-311.729    357.881    -0.018
-310.715    356.775    -0.018
-309.701    355.669    -0.017
-308.687    354.563    -0.017
-307.674    353.457    -0.017
-306.662    352.348    -0.017
-305.650    351.241    -0.017
-304.636    350.134    -0.017
-303.624    349.027    -0.017
-302.611    347.919    -0.017
-301.597    346.813    -0.017
-300.583    345.707    -0.016
-299.570    344.601    -0.016
-298.555    343.494    -0.016
-297.542    342.388    -0.016
-296.528    341.282    -0.016
-295.514    340.176    -0.016
-294.501    339.070    -0.016
-293.487    337.963    -0.016
-292.474    336.856    -0.016
-291.460    335.749    -0.016
-290.447    334.642    -0.015
-289.435    333.534    -0.015
-288.423    332.427    -0.015
-287.410    331.320    -0.015
-286.397    330.213    -0.015
-285.385    329.105    -0.015
-284.371    327.999    -0.015
-283.358    326.892    -0.015
-282.345    325.785    -0.015
-281.332    324.679    -0.014
-280.316    323.573    -0.014
-279.301    322.469    -0.014
-278.284    321.364    -0.014
-277.269    320.260    -0.014
-276.254    319.154    -0.014
-275.241    318.048    -0.014
-274.227    316.942    -0.014
-273.214    315.835    -0.014
-272.201    314.728    -0.014
-271.187    313.621    -0.013
-270.174    312.514    -0.013
-269.163    311.405    -0.013
-268.152    310.297    -0.013
-267.141    309.187    -0.013
-266.130    308.079    -0.013
-265.118    306.971    -0.013
-264.104    305.865    -0.013
-263.089    304.759    -0.013
-262.074    303.654    -0.013
-261.060    302.549    -0.013
-260.045    301.444    -0.012
-259.031    300.339    -0.012
-258.015    299.233    -0.012
-257.000    298.128    -0.012
-255.987    297.021    -0.012
-254.975    295.914    -0.012
-253.963    294.805    -0.012
-252.951    293.697    -0.012
-251.939    292.589    -0.012
-250.927    291.482    -0.012
-249.914    290.373    -0.012
-248.902    289.266    -0.011
-247.890    288.159    -0.011
-246.877    287.052    -0.011
-245.865    285.944    -0.011
-244.851    284.837    -0.011
-243.836    283.732    -0.011
-242.821    282.627    -0.011
-241.807    281.522    -0.011
-240.792    280.416    -0.011
-239.777    279.310    -0.011
-238.764    278.204    -0.011
-237.750    277.098    -0.010
-236.737    275.991    -0.010
-235.723    274.884    -0.010
-234.710    273.777    -0.010
-233.697    272.671    -0.010
-232.684    271.564    -0.010
-231.671    270.456    -0.010
-230.657    269.350    -0.010
-229.644    268.243    -0.010
-228.632    267.136    -0.010
-227.617    266.030    -0.010
-226.602    264.925    -0.010
-225.588    263.820    -0.009
-224.572    262.715    -0.009
-223.557    261.609    -0.009
-222.542    260.503    -0.009
-221.529    259.398    -0.009
-220.515    258.292    -0.009
-219.501    257.186    -0.009
-218.487    256.079    -0.009
-217.472    254.973    -0.009
-216.459    253.867    -0.009
-215.445    252.761    -0.009
-214.431    251.655    -0.009
-213.418    250.548    -0.009
-212.404    249.442    -0.008
-211.391    248.335    -0.008
-210.377    247.228    -0.008
-209.364    246.121    -0.008
-208.351    245.014    -0.008
-207.339    243.907    -0.008
-206.326    242.800    -0.008
-205.312    241.693    -0.008
-204.298    240.587    -0.008
-203.283    239.482    -0.008
-202.269    238.376    -0.008
-201.255    237.271    -0.008
-200.241    236.164    -0.008
-199.227    235.058    -0.007
-198.212    233.953    -0.007
-197.197    232.847    -0.007
-196.183    231.740    -0.007
-195.169    230.635    -0.007
-194.155    229.529    -0.007
-193.142    228.423    -0.007
-192.127    227.317    -0.007
-191.113    226.211    -0.007
-190.098    225.105    -0.007
-189.086    223.998    -0.007
-188.073    222.891    -0.007
-187.061    221.783    -0.007
-186.048    220.676    -0.007
-185.036    219.569    -0.006
-184.022    218.463    -0.006
-183.006    217.357    -0.006
-181.992    216.251    -0.006
-180.977    215.146    -0.006
-179.962    214.041    -0.006
-178.948    212.936    -0.006
-177.935    211.828    -0.006
-176.923    210.721    -0.006
-175.909    209.614    -0.006
-174.897    208.507    -0.006
-173.884    207.398    -0.006
-172.871    206.292    -0.006
-171.854    205.189    -0.006
-170.837    204.086    -0.006
-169.820    202.982    -0.005
-168.803    201.878    -0.005
-167.786    200.775    -0.005
-166.773    199.668    -0.005
-165.762    198.560    -0.005
-164.751    197.451    -0.005
-163.740    196.342    -0.005
-162.729    195.233    -0.005
-161.718    194.124    -0.005
-160.705    193.017    -0.005
-159.692    191.910    -0.005
-158.679    190.804    -0.005
-157.666    189.697    -0.005
-156.652    188.590    -0.005
-155.639    187.483    -0.005
-154.626    186.376    -0.005
-153.614    185.269    -0.005
-152.601    184.162    -0.004
-151.588    183.054    -0.004
-150.576    181.946    -0.004
-149.562    180.840    -0.004
-148.549    179.734    -0.004
-147.535    178.627    -0.004
-146.522    177.519    -0.004
-145.509    176.413    -0.004
-144.497    175.306    -0.004
-143.484    174.199    -0.004
-142.471    173.090    -0.004
-141.459    171.983    -0.004
-140.447    170.875    -0.004
-139.435    169.768    -0.004
-138.420    168.662    -0.004
-137.405    167.557    -0.004
-136.389    166.452    -0.004
-135.374    165.347    -0.004
-134.359    164.243    -0.004
-133.346    163.135    -0.003
-132.335    162.027    -0.003
-131.323    160.919    -0.003
-130.312    159.811    -0.003
-129.300    158.701    -0.003
-128.288    157.593    -0.003
-127.276    156.486    -0.003
-126.264    155.378    -0.003
-125.252    154.270    -0.003
-124.241    153.162    -0.003
-123.228    152.054    -0.003
-122.213    150.949    -0.003
-121.198    149.844    -0.003
-120.183    148.738    -0.003
-119.168    147.633    -0.003
-118.154    146.528    -0.003
-117.140    145.422    -0.003
-116.126    144.315    -0.003
-115.112    143.209    -0.003
-114.099    142.103    -0.003
-113.085    140.996    -0.003
-112.072    139.889    -0.003
-111.059    138.782    -0.002
-110.047    137.675    -0.002
-109.033    136.568    -0.002
-108.021    135.461    -0.002
-107.009    134.352    -0.002
-105.996    133.245    -0.002
-104.983    132.138    -0.002
-103.971    131.031    -0.002
-102.957    129.923    -0.002
-101.944    128.817    -0.002
-100.931    127.710    -0.002
-99.917    126.605    -0.002
-98.902    125.499    -0.002
-97.887    124.393    -0.002
-96.873    123.288    -0.002
-95.857    122.183    -0.002
-94.844    121.077    -0.002
-93.832    119.968    -0.002
-92.821    118.860    -0.002
-91.809    117.752    -0.002
-90.798    116.644    -0.002
-89.786    115.534    -0.002
-88.775    114.426    -0.002
-87.765    113.317    -0.002
-86.754    112.208    -0.002
-85.744    111.098    -0.002
-84.733    109.989    -0.002
-83.718    108.884    -0.001
-82.703    107.778    -0.001
-81.689    106.672    -0.001
-80.675    105.567    -0.001
-79.660    104.461    -0.001
-78.646    103.355    -0.001
-77.632    102.250    -0.001
-76.618    101.143    -0.001
-75.604    100.037    -0.001
-74.590    98.931    -0.001
-73.577    97.824    -0.001
-72.565    96.716    -0.001
-71.553    95.609    -0.001
-70.541    94.501    -0.001
-69.528    93.393    -0.001
-68.515    92.286    -0.001
-67.501    91.180    -0.001
-66.486    90.075    -0.001
-65.472    88.969    -0.001
-64.458    87.863    -0.001
-63.443    86.756    -0.001
-62.429    85.651    -0.001
-61.415    84.546    -0.001
-60.401    83.440    -0.001
-59.387    82.334    -0.001
-58.372    81.227    -0.001
-57.358    80.123    -0.001
-56.342    79.018    -0.001
-55.327    77.913    -0.001
-54.312    76.807    -0.001
-53.296    75.702    -0.001
-52.280    74.599    -0.001
-51.262    73.496    -0.001
-50.245    72.394    -0.001
-49.227    71.290    -0.001
-48.209    70.187    -0.001
-47.194    69.083    -0.001
-46.180    67.977    -0.001
-45.167    66.870    -0.001
-44.154    65.763    -0.000
-43.141    64.656    -0.000
-42.128    63.550    -0.000
-41.111    62.445    -0.000
-40.096    61.340    -0.000
-39.081    60.235    -0.000
-38.066    59.130    -0.000
-37.051    58.026    -0.000
-36.036    56.920    -0.000
-35.022    55.814    -0.000
-34.007    54.708    -0.000
-32.993    53.602    -0.000
-31.979    52.497    -0.000
-30.965    51.390    -0.000
-29.951    50.284    -0.000
-28.937    49.178    -0.000
-27.922    48.072    -0.000
-26.908    46.966    -0.000
-25.894    45.860    -0.000
-24.880    44.754    -0.000
-23.866    43.649    -0.000
-22.852    42.543    -0.000
-21.837    41.437    -0.000
-20.822    40.331    -0.000
-19.808    39.226    -0.000
-18.794    38.120    -0.000
-17.779    37.014    -0.000
-16.765    35.908    -0.000
-15.751    34.802    -0.000
-14.737    33.697    -0.000
-13.722    32.591    -0.000
-12.708    31.484    -0.000
-11.694    30.378    -0.000
-10.680    29.273    -0.000
-9.666    28.167    -0.000
-8.652    27.060    -0.000
-7.641    25.952    -0.000
-6.628    24.844    -0.000
-5.616    23.736    -0.000
-4.605    22.629    -0.000
-3.593    21.520    -0.000
-2.580    20.413    -0.000
-1.565    19.308    -0.000
-0.549    18.203    -0.000
0.466    17.098    -0.000
1.481    15.993    -0.000
2.496    14.888    -0.000
3.506    13.779    -0.000
4.516    12.668    -0.000
5.526    11.559    -0.000
6.536    10.449    -0.000
7.547    9.340    -0.000
8.560    8.232    -0.000
9.573    7.127    -0.000
10.587    6.021    -0.000
11.602    4.915    -0.000
12.616    3.809    -0.000
13.630    2.702    -0.000
14.643    1.596    -0.000
15.656    0.489    -0.000
16.669    -0.618    -0.000
17.682    -1.725    -0.000
18.694    -2.833    -0.000
19.708    -3.940    -0.000
20.720    -5.047    -0.000
21.733    -6.155    -0.000
22.745    -7.262    -0.000
23.758    -8.369    -0.000
24.771    -9.476    -0.000
25.786    -10.581    -0.000
26.801    -11.687    -0.000
27.815    -12.793    -0.000
28.830    -13.898    -0.000
29.844    -15.003    -0.000
30.858    -16.110    -0.000
31.871    -17.216    -0.000
32.886    -18.322    -0.000
33.900    -19.428    -0.000
34.913    -20.534    -0.000
35.927    -21.642    -0.000
36.939    -22.749    -0.000
37.951    -23.856    -0.000
38.964    -24.963    -0.000
39.977    -26.072    -0.000
40.989    -27.179    -0.000
42.003    -28.285    -0.000
43.017    -29.391    -0.000
44.031    -30.498    -0.000
45.045    -31.603    -0.000
46.060    -32.709    -0.000
47.074    -33.815    -0.000
48.088    -34.921    -0.000
49.101    -36.028    -0.000
50.115    -37.134    -0.000
51.128    -38.240    -0.000
52.142    -39.346    -0.000
53.156    -40.454    -0.000
54.170    -41.560    -0.000
55.183    -42.666    -0.000
56.197    -43.772    -0.000
57.210    -44.880    -0.000
58.223    -45.986    -0.000
59.236    -47.093    -0.000
60.250    -48.199    -0.000
61.263    -49.306    -0.000
62.276    -50.414    -0.001
63.289    -51.521    -0.001
64.301    -52.628    -0.001
65.313    -53.735    -0.001
66.327    -54.843    -0.001
67.339    -55.951    -0.001
68.351    -57.058    -0.001
69.363    -58.165    -0.001
70.376    -59.274    -0.001
71.388    -60.381    -0.001
72.401    -61.488    -0.001
73.414    -62.595    -0.001
74.428    -63.701    -0.001
75.443    -64.806    -0.001
76.459    -65.911    -0.001
77.474    -67.016    -0.001
78.489    -68.121    -0.001
79.503    -69.227    -0.001
80.517    -70.334    -0.001
81.530    -71.440    -0.001
82.543    -72.547    -0.001
83.557    -73.653    -0.001
84.570    -74.760    -0.001
85.584    -75.866    -0.001
86.599    -76.971    -0.001
87.614    -78.076    -0.001
88.629    -79.182    -0.001
89.644    -80.288    -0.001
90.658    -81.393    -0.001
91.672    -82.499    -0.001
92.686    -83.604    -0.001
93.701    -84.711    -0.001
94.715    -85.817    -0.001
95.729    -86.923    -0.001
96.743    -88.028    -0.001
97.757    -89.135    -0.001
98.770    -90.241    -0.001
99.784    -91.347    -0.001
100.799    -92.454    -0.001
101.811    -93.561    -0.002
102.824    -94.669    -0.002
103.836    -95.776    -0.002
104.848    -96.884    -0.002
105.860    -97.991    -0.002
106.873    -99.099    -0.002
107.887    -100.205    -0.002
108.901    -101.311    -0.002
109.915    -102.417    -0.002
110.928    -103.524    -0.002
111.942    -104.631    -0.002
112.956    -105.736    -0.002
113.971    -106.841    -0.002
114.986    -107.948    -0.002
116.000    -109.053    -0.002
117.014    -110.159    -0.002
118.029    -111.264    -0.002
119.044    -112.369    -0.002
120.059    -113.474    -0.002
121.075    -114.579    -0.002
122.090    -115.684    -0.002
123.104    -116.790    -0.002
124.116    -117.898    -0.002
125.129    -119.005    -0.002
126.141    -120.113    -0.002
127.153    -121.220    -0.002
128.166    -122.328    -0.002
129.179    -123.435    -0.003
130.192    -124.542    -0.003
131.206    -125.648    -0.003
132.219    -126.754    -0.003
133.232    -127.862    -0.003
134.246    -128.968    -0.003
135.259    -130.075    -0.003
136.272    -131.182    -0.003
137.285    -132.290    -0.003
138.298    -133.397    -0.003
139.310    -134.503    -0.003
140.323    -135.610    -0.003
141.338    -136.716    -0.003
142.351    -137.824    -0.003
143.364    -138.930    -0.003
144.378    -140.036    -0.003
145.391    -141.143    -0.003
146.406    -142.249    -0.003
147.420    -143.354    -0.003
148.436    -144.459    -0.003
149.451    -145.564    -0.003
150.465    -146.669    -0.003
151.478    -147.778    -0.004
152.488    -148.886    -0.004
153.498    -149.996    -0.004
154.510    -151.105    -0.004
155.520    -152.215    -0.004
156.530    -153.324    -0.004
157.545    -154.429    -0.004
158.562    -155.532    -0.004
159.579    -156.636    -0.004
160.596    -157.739    -0.004
161.614    -158.842    -0.004
162.628    -159.948    -0.004
163.640    -161.055    -0.004
164.653    -162.163    -0.004
165.665    -163.270    -0.004
166.678    -164.377    -0.004
167.691    -165.485    -0.004
168.703    -166.593    -0.004
169.715    -167.700    -0.004
170.727    -168.808    -0.005
171.739    -169.915    -0.005
172.751    -171.024    -0.005
173.764    -172.131    -0.005
174.778    -173.238    -0.005
175.791    -174.345    -0.005
176.804    -175.452    -0.005
177.817    -176.559    -0.005
178.829    -177.666    -0.005
179.845    -178.770    -0.005
180.860    -179.874    -0.005
181.876    -180.980    -0.005
182.891    -182.085    -0.005
183.907    -183.190    -0.005
184.920    -184.296    -0.005
185.931    -185.405    -0.005
186.942    -186.514    -0.005
187.955    -187.622    -0.006
188.966    -188.730    -0.006
189.977    -189.839    -0.006
190.992    -190.944    -0.006
192.007    -192.049    -0.006
193.022    -193.154    -0.006
194.036    -194.259    -0.006
195.052    -195.365    -0.006
196.065    -196.472    -0.006
197.076    -197.580    -0.006
198.088    -198.688    -0.006
199.099    -199.797    -0.006
200.111    -200.905    -0.006
201.125    -202.012    -0.006
202.140    -203.117    -0.006
203.155    -204.222    -0.007
204.170    -205.327    -0.007
205.184    -206.433    -0.007
206.198    -207.538    -0.007
207.209    -208.647    -0.007
208.222    -209.756    -0.007
209.233    -210.864    -0.007
210.244    -211.973    -0.007
211.255    -213.081    -0.007
212.268    -214.188    -0.007
213.284    -215.292    -0.007
214.300    -216.396    -0.007
215.316    -217.501    -0.007
216.332    -218.605    -0.007
217.347    -219.710    -0.007
218.362    -220.815    -0.008
219.377    -221.920    -0.008
220.392    -223.026    -0.008
221.406    -224.132    -0.008
222.422    -225.237    -0.008
223.435    -226.344    -0.008
224.445    -227.453    -0.008
225.456    -228.561    -0.008
226.466    -229.671    -0.008
227.477    -230.780    -0.008
228.488    -231.889    -0.008
229.502    -232.995    -0.008
230.517    -234.101    -0.008
231.531    -235.207    -0.009
232.546    -236.312    -0.009
233.560    -237.417    -0.009
234.575    -238.524    -0.009
235.591    -239.627    -0.009
236.607    -240.731    -0.009
237.623    -241.836    -0.009
238.639    -242.940    -0.009
239.654    -244.045    -0.009
240.668    -245.151    -0.009
241.682    -246.257    -0.009
242.697    -247.362    -0.009
243.711    -248.469    -0.010
244.726    -249.575    -0.010
245.739    -250.681    -0.010
246.751    -251.788    -0.010
247.764    -252.895    -0.010
248.777    -254.002    -0.010
249.791    -255.109    -0.010
250.805    -256.215    -0.010
251.820    -257.320    -0.010
252.835    -258.426    -0.010
253.850    -259.531    -0.010
254.865    -260.636    -0.010
255.879    -261.741    -0.011
256.894    -262.847    -0.011
257.907    -263.955    -0.011
258.919    -265.062    -0.011
259.932    -266.169    -0.011
260.944    -267.276    -0.011
261.957    -268.384    -0.011
262.972    -269.489    -0.011
263.986    -270.595    -0.011
265.000    -271.701    -0.011
266.013    -272.809    -0.011
267.027    -273.915    -0.011
268.043    -275.018    -0.012
269.059    -276.122    -0.012
270.077    -277.226    -0.012
271.093    -278.330    -0.012
272.109    -279.434    -0.012
273.123    -280.540    -0.012
274.131    -281.651    -0.012
275.140    -282.762    -0.012
276.149    -283.872    -0.012
277.159    -284.983    -0.012
278.168    -286.093    -0.012
279.179    -287.203    -0.013
280.190    -288.311    -0.013
281.201    -289.419    -0.013
282.213    -290.527    -0.013
283.225    -291.636    -0.013
284.238    -292.743    -0.013
285.252    -293.849    -0.013
286.266    -294.955    -0.013
287.279    -296.061    -0.013
288.293    -297.168    -0.013
289.308    -298.273    -0.014
290.323    -299.379    -0.014
291.337    -300.484    -0.014
292.351    -301.591    -0.014
293.366    -302.696    -0.014
294.380    -303.802    -0.014
295.391    -304.910    -0.014
296.403    -306.019    -0.014
297.414    -307.128    -0.014
298.425    -308.236    -0.014
299.436    -309.344    -0.015
300.450    -310.451    -0.015
301.468    -311.554    -0.015
302.485    -312.656    -0.015
303.504    -313.758    -0.015
304.522    -314.861    -0.015
305.539    -315.964    -0.015
306.551    -317.072    -0.015
307.564    -318.179    -0.015
308.576    -319.286    -0.015
309.588    -320.394    -0.016
310.601    -321.502    -0.016
311.615    -322.608    -0.016
312.629    -323.714    -0.016
313.643    -324.820    -0.016
314.657    -325.927    -0.016
315.671    -327.032    -0.016
316.686    -328.138    -0.016
317.701    -329.243    -0.016
318.715    -330.348    -0.017
319.730    -331.454    -0.017
320.745    -332.559    -0.017
321.758    -333.666    -0.017
322.770    -334.773    -0.017
323.784    -335.881    -0.017
324.796    -336.988    -0.017
325.809    -338.095    -0.017
326.821    -339.202    -0.017
327.836    -340.308    -0.018
328.850    -341.414    -0.018
329.865    -342.519    -0.018
330.880    -343.625    -0.018
331.894    -344.730    -0.018
332.909    -345.836    -0.018
333.924    -346.941    -0.018
334.939    -348.046    -0.018
335.955    -349.150    -0.018
336.970    -350.256    -0.019
337.983    -351.363    -0.019
338.995    -352.471    -0.019
340.006    -353.579    -0.019
341.018    -354.688    -0.019
342.029    -355.796    -0.019
343.041    -356.904    -0.019
344.054    -358.011    -0.019
345.067    -359.118    -0.019
346.079    -360.226    -0.020
347.092    -361.333    -0.020
348.104    -362.440    -0.020
349.117    -363.547    -0.020
350.130    -364.655    -0.020
351.144    -365.761    -0.020
352.157    -366.868    -0.020
353.170    -367.975    -0.020
354.185    -369.081    -0.021
355.200    -370.185    -0.021
356.215    -371.290    -0.021
357.231    -372.395    -0.021
358.246    -373.500    -0.021
359.260    -374.607    -0.021
360.274    -375.712    -0.021
361.288    -376.819    -0.021
362.301    -377.925    -0.022
363.315    -379.032    -0.022
364.329    -380.138    -0.022
365.341    -381.246    -0.022
366.354    -382.353    -0.022
367.366    -383.460    -0.022
368.378    -384.568    -0.022
369.392    -385.674    -0.022
370.407    -386.779    -0.023
371.423    -387.884    -0.023
372.438    -388.990    -0.023
373.452    -390.095    -0.023
374.467    -391.200    -0.023
375.480    -392.307    -0.023
376.493    -393.415    -0.023
377.505    -394.522    -0.023
378.519    -395.629    -0.024
379.532    -396.736    -0.024
380.544    -397.843    -0.024
381.556    -398.951    -0.024
382.569    -400.058    -0.024
383.581    -401.165    -0.024
384.595    -402.273    -0.024
385.607    -403.381    -0.024
386.618    -404.489    -0.025
387.630    -405.597    -0.025
388.641    -406.705    -0.025
389.653    -407.814    -0.025
390.666    -408.921    -0.025
391.677    -410.030    -0.025
392.688    -411.138    -0.025
393.699    -412.248    -0.026
394.710    -413.356    -0.026
395.721    -414.465    -0.026
396.734    -415.571    -0.026
397.749    -416.677    -0.026
398.764    -417.783    -0.026
399.779    -418.888    -0.026
400.793    -419.993    -0.026
401.807    -421.099    -0.027
402.820    -422.207    -0.027
403.833    -423.314    -0.027
404.845    -424.421    -0.027
405.858    -425.528    -0.027
406.870    -426.636    -0.027
407.885    -427.742    -0.027
408.899    -428.847    -0.028
409.913    -429.953    -0.028
410.928    -431.060    -0.028
411.942    -432.165    -0.028
412.957    -433.271    -0.028
413.971    -434.376    -0.028
414.986    -435.481    -0.028
416.000    -436.587    -0.029
417.015    -437.693    -0.029
418.028    -438.800    -0.029
419.038    -439.909    -0.029
420.048    -441.020    -0.029
421.057    -442.130    -0.029
422.067    -443.239    -0.029
423.076    -444.349    -0.030
424.092    -445.455    -0.030
425.107    -446.560    -0.030
426.123    -447.664    -0.030
427.138    -448.769    -0.030
428.154    -449.873    -0.030
429.168    -450.980    -0.030
430.182    -452.086    -0.031
431.196    -453.192    -0.031
432.210    -454.297    -0.031
433.224    -455.404    -0.031
434.237    -456.511    -0.031
435.249    -457.618    -0.031
436.261    -458.726    -0.031
437.274    -459.834    -0.032
438.286    -460.942    -0.032
439.298    -462.050    -0.032
440.310    -463.157    -0.032
441.322    -464.265    -0.032
442.334    -465.373    -0.032
443.346    -466.481    -0.033
444.359    -467.589    -0.033
445.372    -468.695    -0.033
446.385    -469.803    -0.033
447.398    -470.910    -0.033
448.411    -472.016    -0.033
449.423    -473.124    -0.033
450.436    -474.233    -0.034
451.447    -475.340    -0.034
452.459    -476.448    -0.034
453.471    -477.555    -0.034
454.483    -478.664    -0.034
455.495    -479.772    -0.034
456.506    -480.880    -0.035
457.519    -481.988    -0.035
458.531    -483.096    -0.035
459.543    -484.204    -0.035
460.559    -485.308    -0.035
461.576    -486.411    -0.035
462.593    -487.514    -0.035
463.610    -488.618    -0.036
464.628    -489.721    -0.036
465.643    -490.826    -0.036
466.654    -491.934    -0.036
467.664    -493.044    -0.036
468.675    -494.153    -0.036
469.685    -495.262    -0.037
470.697    -496.371    -0.037
471.703    -497.484    -0.037
472.708    -498.598    -0.037
473.713    -499.712    -0.037
474.717    -500.827    -0.037
475.723    -501.942    -0.038
476.726    -503.058    -0.038
477.717    -504.183    -0.038
478.643    -505.235    -0.038
479.701    -506.436    -0.038
480.693    -507.561    -0.038
481.684    -508.689    -0.039
482.596    -509.751    -0.039
483.572    -510.890    -0.039
484.548    -512.031    -0.039
485.518    -513.175    -0.039
486.488    -514.320    -0.039
487.454    -515.469    -0.040
488.405    -516.629    -0.040
489.357    -517.789    -0.040
490.297    -518.959    -0.040
491.166    -520.057    -0.040
492.159    -521.312    -0.040
493.016    -522.420    -0.040
493.927    -523.612    -0.041
494.838    -524.805    -0.041
495.732    -526.010    -0.041
496.627    -527.215    -0.041
497.521    -528.420    -0.041
498.400    -529.636    -0.042
499.279    -530.851    -0.042
500.150    -532.073    -0.042
501.012    -533.302    -0.042
501.874    -534.530    -0.042
502.662    -535.688    -0.042
503.500    -536.932    -0.043
504.338    -538.178    -0.043
505.083    -539.363    -0.043
505.933    -540.720    -0.043
506.673    -541.909    -0.043
507.448    -543.194    -0.043
508.216    -544.482    -0.044
508.963    -545.783    -0.044
509.710    -547.085    -0.044
510.458    -548.386    -0.044
511.185    -549.698    -0.044
511.909    -551.012    -0.044
512.582    -552.242    -0.045
513.265    -553.577    -0.045
513.949    -554.913    -0.045
514.586    -556.160    -0.045
515.280    -557.602    -0.045
515.879    -558.868    -0.045
516.503    -560.233    -0.046
517.114    -561.604    -0.046
517.725    -562.974    -0.046
518.317    -564.352    -0.046
518.899    -565.736    -0.046
519.409    -567.040    -0.046
519.937    -568.445    -0.047
520.452    -569.854    -0.047
520.929    -571.171    -0.047
521.407    -572.593    -0.047
521.871    -574.020    -0.047
522.327    -575.450    -0.047
522.706    -576.798    -0.048
523.140    -578.338    -0.048
523.504    -579.690    -0.048
523.863    -581.148    -0.048
524.207    -582.608    -0.048
524.537    -584.072    -0.048
524.860    -585.537    -0.049
525.182    -587.003    -0.049
525.442    -588.379    -0.049
525.714    -589.855    -0.049
525.943    -591.236    -0.049
526.154    -592.722    -0.049
526.364    -594.208    -0.049
526.526    -595.598    -0.050
526.684    -597.191    -0.050
526.803    -598.587    -0.050
526.891    -600.085    -0.050
526.969    -601.583    -0.050
527.041    -602.982    -0.050
527.074    -604.482    -0.050
527.095    -605.983    -0.051
527.099    -607.382    -0.051
527.058    -608.883    -0.051
527.016    -610.383    -0.051
526.950    -611.882    -0.051
526.869    -613.280    -0.051
526.742    -614.775    -0.051
526.579    -616.267    -0.052
526.412    -617.757    -0.052
526.250    -619.149    -0.052
526.027    -620.633    -0.052
525.797    -622.116    -0.052
525.536    -623.593    -0.052
525.258    -624.965    -0.052
524.941    -626.534    -0.052
524.628    -627.899    -0.053
524.287    -629.258    -0.053
523.892    -630.705    -0.053
523.459    -632.142    -0.053
523.026    -633.578    -0.053
522.611    -634.916    -0.053
522.143    -636.341    -0.053
521.658    -637.762    -0.053
521.177    -639.076    -0.053
520.638    -640.477    -0.053
520.063    -641.970    -0.054
519.532    -643.266    -0.054
518.948    -644.648    -0.054
518.356    -645.917    -0.054
517.688    -647.262    -0.054
517.019    -648.604    -0.054
516.349    -649.947    -0.054
515.684    -651.180    -0.054
515.003    -652.403    -0.054
514.242    -653.696    -0.054
513.460    -654.978    -0.054
512.680    -656.259    -0.054
511.886    -657.532    -0.055
511.113    -658.700    -0.055
510.267    -659.940    -0.055
509.394    -661.160    -0.055
508.507    -662.371    -0.055
507.621    -663.581    -0.055
506.773    -664.695    -0.055
505.880    -665.774    -0.055
504.913    -666.921    -0.055
503.925    -668.051    -0.055
502.937    -669.180    -0.055
501.940    -670.302    -0.055
500.987    -671.328    -0.055
499.935    -672.398    -0.055
498.936    -673.379    -0.055
497.785    -674.492    -0.055
496.778    -675.464    -0.055
495.730    -676.393    -0.055
494.530    -677.453    -0.055
493.467    -678.365    -0.055
492.300    -679.307    -0.055
491.132    -680.250    -0.055
490.033    -681.118    -0.055
488.829    -682.013    -0.055
487.696    -682.836    -0.055
486.461    -683.689    -0.055
485.216    -684.527    -0.055
483.971    -685.363    -0.055
482.789    -686.113    -0.055
481.510    -686.898    -0.055
480.222    -687.668    -0.055
478.997    -688.348    -0.055
477.686    -689.076    -0.055
476.461    -689.755    -0.055
475.124    -690.438    -0.055
473.779    -691.104    -0.055
472.518    -691.713    -0.055
471.145    -692.318    -0.055
469.771    -692.922    -0.055
468.483    -693.471    -0.055
467.086    -694.018    -0.055
465.685    -694.554    -0.055
464.365    -695.024    -0.055
462.946    -695.509    -0.055
461.525    -695.993    -0.055
460.093    -696.441    -0.055
458.751    -696.841    -0.055
457.305    -697.243    -0.055
455.852    -697.615    -0.055
454.397    -697.986    -0.054
453.037    -698.316    -0.054
451.567    -698.619    -0.054
450.096    -698.915    -0.054
448.717    -699.161    -0.054
447.235    -699.391    -0.054
445.752    -699.621    -0.054
444.364    -699.804    -0.054
442.873    -699.976    -0.054
441.481    -700.122    -0.054
439.984    -700.221    -0.054
438.486    -700.319    -0.054
436.988    -700.405    -0.054
435.488    -700.461    -0.053
434.088    -700.502    -0.053
432.588    -700.511    -0.053
431.088    -700.498    -0.053
429.587    -700.484    -0.053
428.188    -700.427    -0.053
426.789    -700.356    -0.053
425.292    -700.249    -0.053
423.801    -700.090    -0.053
422.309    -699.926    -0.052
420.817    -699.762    -0.052
419.431    -699.567    -0.052
418.045    -699.363    -0.052
416.565    -699.115    -0.052
415.093    -698.821    -0.052
413.622    -698.526    -0.052
412.251    -698.245    -0.052
410.790    -697.901    -0.052
409.335    -697.532    -0.051
407.985    -697.162    -0.051
406.542    -696.752    -0.051
405.098    -696.341    -0.051
403.755    -695.947    -0.051
402.332    -695.470    -0.051
400.913    -694.982    -0.051
399.597    -694.503    -0.050
398.205    -693.942    -0.050
396.813    -693.381    -0.050
395.428    -692.805    -0.050
394.051    -692.209    -0.050
392.780    -691.620    -0.050
391.432    -690.962    -0.050
390.181    -690.334    -0.049
388.750    -689.615    -0.049
387.521    -688.946    -0.049
386.297    -688.264    -0.049
385.001    -687.508    -0.049
383.723    -686.723    -0.049
382.452    -685.923    -0.048
381.182    -685.125    -0.048
380.020    -684.343    -0.048
378.867    -683.548    -0.048
377.657    -682.660    -0.048
376.456    -681.761    -0.048
375.255    -680.861    -0.047
374.135    -680.021    -0.047
372.966    -679.080    -0.047
371.812    -678.121    -0.047
370.751    -677.206    -0.047
369.637    -676.202    -0.047
368.523    -675.197    -0.046
367.419    -674.180    -0.046
366.415    -673.204    -0.046
365.350    -672.147    -0.046
364.375    -671.142    -0.046
363.360    -670.037    -0.046
362.346    -668.931    -0.045
361.348    -667.810    -0.045
360.436    -666.747    -0.045
359.479    -665.592    -0.045
358.551    -664.413    -0.045
357.637    -663.223    -0.045
356.723    -662.033    -0.044
355.908    -660.895    -0.044
355.045    -659.666    -0.044
354.251    -658.513    -0.044
353.435    -657.253    -0.044
352.620    -655.994    -0.044
351.815    -654.727    -0.043
351.040    -653.443    -0.043
350.330    -652.235    -0.043
349.590    -650.930    -0.043
348.863    -649.617    -0.043
348.137    -648.304    -0.043
347.484    -647.066    -0.042
346.808    -645.726    -0.042
346.145    -644.380    -0.042
345.507    -643.022    -0.042
344.878    -641.660    -0.042
344.249    -640.297    -0.042
343.691    -639.013    -0.041
343.112    -637.629    -0.041
342.557    -636.234    -0.041
342.055    -634.926    -0.041
341.519    -633.525    -0.041
340.988    -632.122    -0.041
340.495    -630.704    -0.040
340.003    -629.287    -0.040
339.557    -627.960    -0.040
339.105    -626.529    -0.040
338.653    -625.098    -0.040
338.226    -623.659    -0.040
337.818    -622.215    -0.039
337.423    -620.768    -0.039
337.067    -619.413    -0.039
336.668    -617.864    -0.039
336.293    -616.411    -0.039
335.983    -615.045    -0.039
335.656    -613.580    -0.038
335.337    -612.114    -0.038
335.028    -610.646    -0.038
334.718    -609.177    -0.038
334.429    -607.807    -0.038
334.157    -606.332    -0.038
333.885    -604.856    -0.038
333.619    -603.379    -0.037
333.375    -601.899    -0.037
333.131    -600.418    -0.037
332.919    -599.033    -0.037
332.710    -597.548    -0.037
332.499    -596.062    -0.037
332.301    -594.575    -0.036
332.115    -593.086    -0.036
331.928    -591.597    -0.036
331.759    -590.106    -0.036
331.604    -588.614    -0.036
331.466    -587.220    -0.036
331.326    -585.726    -0.036
331.189    -584.231    -0.035
331.052    -582.738    -0.035
330.935    -581.241    -0.035
330.821    -579.745    -0.035
330.706    -578.249    -0.035
330.616    -576.751    -0.035
330.527    -575.253    -0.035
330.439    -573.755    -0.034
330.361    -572.257    -0.034
330.283    -570.758    -0.034
330.205    -569.260    -0.034
330.153    -567.860    -0.034
330.097    -566.360    -0.034
330.043    -564.861    -0.034
329.997    -563.361    -0.033
329.951    -561.861    -0.033
329.906    -560.361    -0.033
329.865    -558.862    -0.033
329.822    -557.361    -0.033
329.783    -555.861    -0.033
329.748    -554.362    -0.033
329.713    -552.861    -0.033
329.677    -551.361    -0.032
329.641    -549.861    -0.032
329.605    -548.360    -0.032
329.573    -546.861    -0.032
329.542    -545.361    -0.032
329.512    -543.860    -0.032
329.481    -542.360    -0.032
329.450    -540.859    -0.032
329.419    -539.359    -0.031
329.393    -537.860    -0.031
329.368    -536.359    -0.031
329.343    -534.859    -0.031
329.317    -533.358    -0.031
329.291    -531.858    -0.031
329.265    -530.358    -0.031
329.240    -528.857    -0.030
329.215    -527.357    -0.030
329.190    -525.856    -0.030
329.164    -524.356    -0.030
329.138    -522.855    -0.030
329.113    -521.356    -0.030
329.088    -519.856    -0.030
329.063    -518.355    -0.030
329.038    -516.855    -0.029
329.012    -515.354    -0.029
328.986    -513.854    -0.029
328.960    -512.354    -0.029
328.934    -510.853    -0.029
328.908    -509.353    -0.029
328.881    -507.852    -0.029
328.855    -506.352    -0.029
328.828    -504.852    -0.029
328.800    -503.352    -0.028
328.772    -501.852    -0.028
328.744    -500.351    -0.028
328.715    -498.851    -0.028
328.687    -497.350    -0.028
328.659    -495.850    -0.028
328.634    -494.350    -0.028
328.609    -492.849    -0.028
328.584    -491.350    -0.027
328.558    -489.849    -0.027
328.533    -488.349    -0.027
328.508    -486.849    -0.027
328.484    -485.348    -0.027
328.459    -483.848    -0.027
328.433    -482.347    -0.027
328.408    -480.847    -0.027
328.383    -479.346    -0.027
328.357    -477.846    -0.026
328.330    -476.346    -0.026
328.304    -474.846    -0.026
328.276    -473.346    -0.026
328.250    -471.845    -0.026
328.223    -470.345    -0.026
328.199    -468.845    -0.026
328.174    -467.344    -0.026
328.148    -465.844    -0.026
328.123    -464.343    -0.025
328.098    -462.843    -0.025
328.073    -461.342    -0.025
328.048    -459.842    -0.025
328.023    -458.342    -0.025
327.996    -456.842    -0.025
327.971    -455.342    -0.025
327.945    -453.841    -0.025
327.909    -452.341    -0.025
327.866    -450.841    -0.024
327.823    -449.341    -0.024
327.780    -447.841    -0.024
327.738    -446.342    -0.024
327.695    -444.841    -0.024
327.630    -443.242    -0.024
327.566    -441.743    -0.024
327.496    -440.244    -0.024
327.402    -438.747    -0.024
327.307    -437.249    -0.023
327.213    -435.751    -0.023
327.122    -434.254    -0.023
327.001    -432.758    -0.023
326.871    -431.263    -0.023
326.736    -429.769    -0.023
326.601    -428.274    -0.023
326.443    -426.681    -0.023
326.276    -425.191    -0.023
326.106    -423.699    -0.022
325.922    -422.210    -0.022
325.731    -420.722    -0.022
325.541    -419.234    -0.022
325.335    -417.746    -0.022
325.094    -416.164    -0.022
324.850    -414.684    -0.022
324.611    -413.203    -0.022
324.373    -411.721    -0.022
324.130    -410.241    -0.021
323.870    -408.763    -0.021
323.596    -407.287    -0.021
323.311    -405.814    -0.021
323.015    -404.344    -0.021
322.719    -402.872    -0.021
322.415    -401.403    -0.021
322.099    -399.935    -0.021
321.747    -398.374    -0.021
321.410    -396.912    -0.020
321.067    -395.451    -0.020
320.725    -393.991    -0.020
320.372    -392.532    -0.020
320.011    -391.075    -0.020
319.649    -389.619    -0.020
319.266    -388.168    -0.020
318.878    -386.719    -0.020
318.489    -385.270    -0.020
318.068    -383.829    -0.020
317.643    -382.390    -0.019
317.190    -380.855    -0.019
316.743    -379.422    -0.019
316.293    -377.992    -0.019
315.842    -376.561    -0.019
315.372    -375.135    -0.019
314.902    -373.710    -0.019
314.396    -372.192    -0.019
313.936    -370.869    -0.019
313.408    -369.358    -0.018
312.907    -367.943    -0.018
312.392    -366.534    -0.018
311.876    -365.126    -0.018
311.347    -363.720    -0.018
310.806    -362.321    -0.018
310.264    -360.922    -0.018
309.709    -359.528    -0.018
309.142    -358.139    -0.018
308.575    -356.750    -0.017
307.997    -355.365    -0.017
307.412    -353.983    -0.017
306.827    -352.601    -0.017
306.183    -351.136    -0.017
305.570    -349.765    -0.017
304.957    -348.396    -0.017
304.317    -347.039    -0.017
303.678    -345.682    -0.017
303.034    -344.327    -0.017
302.369    -342.981    -0.016
301.704    -341.636    -0.016
300.992    -340.203    -0.016
300.356    -338.955    -0.016
299.629    -337.529    -0.016
298.939    -336.197    -0.016
298.233    -334.872    -0.016
297.526    -333.548    -0.016
296.813    -332.228    -0.016
296.091    -330.913    -0.015
295.368    -329.598    -0.015
294.623    -328.296    -0.015
293.861    -327.003    -0.015
293.099    -325.710    -0.015
292.273    -324.340    -0.015
291.494    -323.057    -0.015
290.715    -321.774    -0.015
289.906    -320.511    -0.015
289.097    -319.247    -0.015
288.285    -317.985    -0.014
287.466    -316.728    -0.014
286.646    -315.472    -0.014
285.758    -314.140    -0.014
284.916    -312.897    -0.014
284.130    -311.738    -0.014
283.222    -310.420    -0.014
282.367    -309.188    -0.014
281.510    -307.955    -0.014
280.646    -306.729    -0.014
279.779    -305.504    -0.013
278.912    -304.279    -0.013
278.031    -303.065    -0.013
277.149    -301.851    -0.013
276.265    -300.639    -0.013
275.357    -299.443    -0.013
274.450    -298.248    -0.013
273.470    -296.983    -0.013
272.533    -295.811    -0.013
271.597    -294.638    -0.013
270.644    -293.479    -0.013
269.674    -292.334    -0.012
268.704    -291.188    -0.012
267.726    -290.051    -0.012
266.744    -288.917    -0.012
265.760    -287.784    -0.012
264.689    -286.595    -0.012
263.680    -285.484    -0.012
262.671    -284.372    -0.012
261.662    -283.262    -0.012
260.653    -282.152    -0.012
259.643    -281.043    -0.011
258.632    -279.933    -0.011
257.621    -278.824    -0.011
256.609    -277.716    -0.011
255.597    -276.608    -0.011
254.585    -275.500    -0.011
253.574    -274.391    -0.011
252.566    -273.280    -0.011
251.557    -272.170    -0.011
250.547    -271.059    -0.011
249.538    -269.949    -0.011
248.529    -268.838    -0.011
247.519    -267.728    -0.010
246.507    -266.620    -0.010
245.495    -265.513    -0.010
244.482    -264.406    -0.010
243.469    -263.298    -0.010
242.457    -262.190    -0.010
241.445    -261.082    -0.010
240.434    -259.974    -0.010
239.422    -258.867    -0.010
238.409    -257.758    -0.010
237.397    -256.650    -0.010
236.385    -255.543    -0.010
235.372    -254.436    -0.009
234.359    -253.330    -0.009
233.345    -252.223    -0.009
232.332    -251.116    -0.009
231.318    -250.010    -0.009
230.302    -248.906    -0.009
229.287    -247.800    -0.009
228.271    -246.696    -0.009
227.255    -245.592    -0.009
226.239    -244.488    -0.009
225.225    -243.382    -0.009
224.212    -242.273    -0.009
223.200    -241.166    -0.008
222.188    -240.059    -0.008
221.176    -238.951    -0.008
220.164    -237.843    -0.008
219.147    -236.739    -0.008
218.131    -235.636    -0.008
217.114    -234.532    -0.008
216.098    -233.428    -0.008
215.082    -232.323    -0.008
214.067    -231.218    -0.008
213.053    -230.112    -0.008
212.039    -229.007    -0.008
211.024    -227.901    -0.008
210.009    -226.796    -0.007
208.994    -225.690    -0.007
207.979    -224.585    -0.007
206.965    -223.480    -0.007
205.951    -222.373    -0.007
204.936    -221.268    -0.007
203.921    -220.163    -0.007
202.909    -219.055    -0.007
201.899    -217.945    -0.007
200.888    -216.836    -0.007
199.877    -215.728    -0.007
198.866    -214.619    -0.007
197.854    -213.510    -0.007
196.840    -212.404    -0.007
195.827    -211.297    -0.007
194.813    -210.191    -0.006
193.800    -209.085    -0.006
192.787    -207.977    -0.006
191.773    -206.872    -0.006
190.758    -205.766    -0.006
189.743    -204.661    -0.006
188.729    -203.555    -0.006
187.714    -202.449    -0.006
186.700    -201.344    -0.006
185.685    -200.239    -0.006
184.670    -199.134    -0.006
183.654    -198.028    -0.006
182.639    -196.923    -0.006
181.625    -195.818    -0.006
180.614    -194.709    -0.006
179.603    -193.600    -0.005
178.591    -192.492    -0.005
177.580    -191.384    -0.005
176.567    -190.276    -0.005
175.554    -189.169    -0.005
174.538    -188.064    -0.005
173.524    -186.959    -0.005
172.509    -185.854    -0.005
171.494    -184.749    -0.005
170.479    -183.643    -0.005
169.466    -182.536    -0.005
168.453    -181.430    -0.005
167.440    -180.323    -0.005
166.427    -179.215    -0.005
165.414    -178.108    -0.005
164.402    -177.001    -0.005
163.388    -175.894    -0.005
162.376    -174.786    -0.004
161.364    -173.678    -0.004
160.351    -172.571    -0.004
159.338    -171.465    -0.004
158.324    -170.359    -0.004
157.310    -169.252    -0.004
156.295    -168.147    -0.004
155.281    -167.041    -0.004
154.267    -165.935    -0.004
153.253    -164.829    -0.004
152.239    -163.723    -0.004
151.225    -162.617    -0.004
150.211    -161.511    -0.004
149.196    -160.405    -0.004
148.182    -159.299    -0.004
147.169    -158.192    -0.004
146.156    -157.086    -0.004
145.142    -155.980    -0.004
144.129    -154.872    -0.004
143.115    -153.766    -0.003
142.101    -152.660    -0.003
141.087    -151.554    -0.003
140.073    -150.447    -0.003
139.059    -149.342    -0.003
138.045    -148.236    -0.003
137.031    -147.130    -0.003
136.016    -146.025    -0.003
135.001    -144.919    -0.003
133.987    -143.813    -0.003
132.972    -142.708    -0.003
131.958    -141.602    -0.003
130.944    -140.496    -0.003
129.930    -139.390    -0.003
128.915    -138.284    -0.003
127.901    -137.178    -0.003
126.887    -136.072    -0.003
125.875    -134.964    -0.003
124.865    -133.855    -0.003
123.854    -132.746    -0.003
122.843    -131.637    -0.003
121.832    -130.527    -0.003
120.820    -129.420    -0.002
119.806    -128.314    -0.002
118.792    -127.209    -0.002
117.778    -126.102    -0.002
116.763    -124.997    -0.002
115.748    -123.891    -0.002
114.734    -122.786    -0.002
113.720    -121.679    -0.002
112.706    -120.573    -0.002
111.692    -119.468    -0.002
110.677    -118.362    -0.002
109.663    -117.256    -0.002
108.648    -116.150    -0.002
107.634    -115.044    -0.002
106.620    -113.938    -0.002
105.606    -112.833    -0.002
104.592    -111.726    -0.002
103.578    -110.620    -0.002
102.563    -109.515    -0.002
101.548    -108.410    -0.002
100.534    -107.304    -0.002
99.519    -106.198    -0.002
98.505    -105.093    -0.002
97.492    -103.986    -0.002
96.479    -102.880    -0.002
95.465    -101.772    -0.002
94.452    -100.665    -0.001
93.438    -99.559    -0.001
92.425    -98.453    -0.001
91.410    -97.347    -0.001
90.396    -96.241    -0.001
89.382    -95.136    -0.001
88.366    -94.030    -0.001
87.352    -92.925    -0.001
86.340    -91.816    -0.001
85.328    -90.708    -0.001
84.317    -89.600    -0.001
83.305    -88.492    -0.001
82.293    -87.384    -0.001
81.280    -86.276    -0.001
80.267    -85.170    -0.001
79.253    -84.064    -0.001
78.240    -82.957    -0.001
77.227    -81.850    -0.001
76.213    -80.744    -0.001
75.198    -79.639    -0.001
74.183    -78.534    -0.001
73.168    -77.428    -0.001
72.154    -76.322    -0.001
71.139    -75.218    -0.001
70.126    -74.110    -0.001
69.114    -73.003    -0.001
68.101    -71.895    -0.001
67.089    -70.787    -0.001
66.077    -69.680    -0.001
65.064    -68.573    -0.001
64.051    -67.465    -0.001
63.037    -66.359    -0.001
62.023    -65.254    -0.001
61.008    -64.148    -0.001
59.994    -63.041    -0.001
58.981    -61.935    -0.001
57.968    -60.828    -0.001
56.955    -59.721    -0.001
55.943    -58.613    -0.001
54.929    -57.506    -0.000
53.916    -56.400    -0.000
52.903    -55.293    -0.000
51.891    -54.185    -0.000
50.879    -53.077    -0.000
49.866    -51.970    -0.000
48.854    -50.863    -0.000
47.840    -49.756    -0.000
46.829    -48.647    -0.000
45.817    -47.539    -0.000
44.805    -46.432    -0.000
43.793    -45.324    -0.000
42.781    -44.215    -0.000
41.766    -43.110    -0.000
40.751    -42.005    -0.000
39.736    -40.900    -0.000
38.721    -39.795    -0.000
37.706    -38.689    -0.000
36.692    -37.584    -0.000
35.680    -36.476    -0.000
34.666    -35.369    -0.000
33.654    -34.261    -0.000
32.642    -33.154    -0.000
31.630    -32.046    -0.000
30.615    -30.941    -0.000
29.600    -29.835    -0.000
28.585    -28.730    -0.000
27.569    -27.625    -0.000
26.554    -26.521    -0.000
25.539    -25.416    -0.000
24.528    -24.306    -0.000
23.517    -23.198    -0.000
22.507    -22.089    -0.000
21.495    -20.980    -0.000
20.484    -19.871    -0.000
19.471    -18.764    -0.000
18.456    -17.659    -0.000
17.441    -16.554    -0.000
16.426    -15.450    -0.000
15.411    -14.344    -0.000
14.395    -13.239    -0.000
13.382    -12.132    -0.000
12.370    -11.025    -0.000
11.357    -9.917    -0.000
10.344    -8.810    -0.000
9.332    -7.703    -0.000
8.318    -6.596    -0.000
7.304    -5.490    -0.000
6.289    -4.385    -0.000
5.275    -3.279    -0.000
4.260    -2.174    -0.000
3.246    -1.069    -0.000
2.232    0.039    -0.000
1.219    1.145    -0.000
