3.983 3.605 3.544
3.981 3.607 3.543
3.979 3.608 3.543
3.976 3.611 3.541
3.973 3.611 3.542
3.973 3.613 3.540
3.971 3.614 3.540
3.971 3.615 3.540
3.973 3.613 3.540
3.974 3.611 3.538
3.975 3.609 3.539
3.978 3.606 3.539
3.980 3.604 3.539
3.978 3.605 3.541
3.976 3.607 3.541
3.975 3.610 3.541
3.976 3.613 3.542
3.981 3.614 3.541
3.986 3.613 3.540
3.992 3.613 3.540
3.996 3.611 3.540
3.997 3.608 3.540
3.998 3.607 3.539
3.999 3.604 3.539
3.995 3.608 3.538
3.988 3.613 3.537
3.984 3.616 3.538
3.982 3.615 3.540
3.979 3.613 3.545
3.976 3.613 3.550
3.976 3.609 3.554
3.975 3.606 3.557
3.978 3.607 3.557
3.979 3.612 3.555
3.982 3.613 3.552
3.988 3.613 3.550
3.994 3.614 3.548
3.996 3.615 3.544
3.994 3.612 3.545
3.991 3.607 3.548
3.990 3.602 3.550
3.986 3.598 3.553
3.985 3.594 3.555
3.990 3.589 3.556
3.994 3.585 3.559
4.000 3.580 3.560
4.003 3.579 3.562
4.007 3.576 3.564
4.009 3.574 3.567
4.012 3.574 3.565
4.013 3.575 3.563
4.014 3.577 3.561
4.012 3.581 3.560
4.009 3.586 3.560
4.007 3.592 3.557
4.002 3.595 3.557
3.998 3.598 3.556
3.995 3.603 3.555
3.989 3.607 3.554
3.987 3.611 3.555
3.980 3.616 3.553
3.975 3.619 3.553
3.973 3.623 3.551
3.971 3.624 3.551
3.969 3.626 3.550
3.968 3.627 3.550
3.971 3.625 3.550
3.971 3.623 3.553
3.972 3.620 3.556
3.974 3.616 3.559
3.979 3.610 3.560
3.981 3.608 3.560
3.985 3.608 3.557
3.985 3.611 3.553
3.985 3.614 3.550
3.983 3.619 3.548
3.980 3.623 3.545
3.977 3.625 3.545
3.975 3.626 3.546
3.975 3.627 3.545
3.973 3.626 3.546
3.974 3.624 3.548
3.972 3.621 3.548
3.972 3.617 3.550
3.970 3.613 3.552
3.969 3.610 3.553
3.966 3.607 3.555
3.966 3.603 3.558
3.970 3.600 3.558
3.975 3.599 3.557
3.978 3.599 3.557
3.980 3.599 3.557
3.982 3.600 3.555
3.981 3.602 3.555
3.981 3.604 3.556
3.981 3.603 3.557
3.983 3.602 3.557
3.984 3.601 3.557
3.985 3.601 3.557
3.985 3.602 3.557
3.987 3.601 3.557
3.988 3.601 3.557
3.988 3.601 3.557
3.989 3.602 3.557
3.987 3.602 3.557
3.987 3.602 3.555
3.984 3.604 3.556
3.985 3.604 3.556
3.985 3.601 3.555
3.988 3.599 3.555
3.991 3.595 3.556
3.994 3.592 3.557
3.996 3.589 3.557
3.994 3.590 3.558
3.989 3.594 3.558
3.985 3.596 3.561
3.983 3.599 3.563
3.981 3.603 3.565
3.979 3.605 3.564
3.980 3.605 3.566
3.979 3.606 3.568
3.975 3.608 3.568
3.972 3.611 3.566
3.970 3.614 3.565
3.970 3.615 3.560
3.972 3.615 3.558
3.974 3.614 3.557
3.980 3.610 3.555
3.985 3.606 3.555
3.990 3.604 3.556
3.993 3.602 3.555
3.999 3.599 3.555
4.000 3.596 3.554
4.004 3.593 3.554
4.007 3.589 3.555
4.007 3.588 3.555
4.007 3.587 3.556
4.007 3.587 3.557
4.006 3.587 3.556
4.004 3.587 3.555
4.002 3.587 3.555
3.998 3.589 3.557
3.994 3.592 3.557
3.992 3.596 3.555
3.990 3.600 3.552
3.988 3.606 3.550
3.988 3.609 3.548
3.990 3.610 3.546
3.990 3.611 3.543
3.988 3.606 3.546
3.989 3.601 3.550
3.988 3.596 3.553
3.987 3.590 3.557
3.989 3.581 3.562
3.992 3.575 3.564
3.995 3.569 3.567
3.998 3.565 3.570
3.999 3.562 3.572
3.995 3.565 3.573
3.990 3.567 3.576
3.988 3.575 3.574
3.989 3.579 3.572
3.989 3.587 3.570
3.991 3.591 3.567
3.993 3.594 3.566
3.991 3.596 3.565
3.989 3.597 3.566
3.986 3.598 3.568
3.985 3.597 3.569
3.982 3.596 3.572
3.983 3.595 3.571
3.983 3.595 3.571
3.983 3.594 3.569
3.985 3.594 3.570
3.981 3.596 3.570
3.977 3.599 3.572
3.974 3.599 3.574
3.968 3.589 3.585
3.971 3.582 3.596
3.976 3.578 3.606
3.971 3.584 3.616
3.966 3.589 3.627
3.967 3.599 3.635
3.969 3.610 3.638
3.983 3.624 3.642
3.985 3.655 3.645
3.983 3.694 3.650
3.984 3.728 3.656
3.990 3.696 3.631
3.994 3.663 3.628
4.006 3.629 3.626
4.018 3.597 3.623
4.028 3.565 3.621
4.043 3.548 3.618
4.047 3.544 3.616
4.051 3.541 3.614
4.039 3.555 3.610
4.025 3.558 3.616
4.013 3.559 3.613
4.008 3.568 3.610
4.005 3.577 3.608
4.006 3.572 3.612
3.997 3.576 3.610
3.985 3.580 3.607
3.983 3.586 3.605
3.982 3.593 3.607
3.979 3.601 3.602
3.976 3.609 3.600
3.959 3.628 3.599
3.944 3.624 3.608
3.942 3.605 3.604
3.947 3.585 3.604
3.960 3.567 3.601
3.971 3.558 3.602
3.972 3.551 3.600
3.974 3.543 3.597
3.961 3.553 3.587
3.942 3.592 3.585
3.953 3.624 3.587
3.958 3.609 3.597
3.965 3.590 3.596
3.974 3.575 3.597
3.965 3.577 3.597
3.962 3.580 3.596
3.946 3.586 3.599
3.933 3.591 3.599
3.920 3.596 3.600
3.929 3.602 3.600
3.941 3.607 3.600
3.943 3.615 3.605
3.933 3.617 3.604
3.924 3.617 3.606
3.922 3.619 3.604
3.924 3.622 3.604
3.947 3.624 3.605
3.964 3.621 3.607
3.980 3.599 3.609
3.994 3.580 3.608
3.985 3.578 3.607
3.969 3.584 3.608
3.970 3.591 3.609
3.962 3.586 3.610
3.954 3.577 3.610
3.953 3.571 3.611
3.952 3.579 3.611
3.952 3.587 3.612
3.959 3.600 3.612
3.959 3.599 3.611
3.959 3.596 3.612
3.951 3.600 3.611
3.938 3.616 3.610
3.936 3.634 3.608
3.934 3.649 3.606
3.932 3.637 3.621
3.929 3.626 3.635
3.922 3.629 3.643
3.903 3.639 3.639
3.903 3.652 3.628
3.910 3.646 3.633
3.916 3.637 3.642
3.918 3.631 3.643
3.908 3.640 3.644
3.906 3.650 3.640
3.917 3.656 3.618
3.930 3.640 3.607
3.942 3.623 3.595
3.950 3.615 3.585
3.964 3.610 3.570
3.981 3.604 3.556
3.965 3.611 3.559
3.951 3.608 3.574
3.945 3.607 3.567
3.955 3.605 3.558
3.966 3.603 3.547
3.974 3.604 3.537
3.968 3.598 3.547
3.963 3.593 3.556
3.962 3.593 3.568
3.972 3.597 3.579
3.982 3.602 3.588
3.983 3.604 3.581
3.982 3.597 3.580
3.982 3.592 3.579
3.977 3.597 3.579
3.974 3.602 3.579
3.987 3.602 3.586
3.994 3.586 3.611
4.001 3.571 3.612
4.001 3.573 3.612
3.995 3.582 3.613
3.999 3.592 3.614
4.004 3.593 3.627
4.007 3.584 3.629
4.010 3.573 3.630
3.993 3.572 3.628
3.974 3.573 3.615
3.982 3.576 3.595
3.979 3.573 3.595
3.975 3.566 3.600
3.978 3.559 3.597
3.985 3.564 3.594
3.993 3.569 3.592
4.006 3.577 3.593
4.008 3.574 3.606
4.012 3.572 3.598
4.011 3.578 3.590
4.006 3.595 3.584
4.003 3.614 3.583
3.998 3.633 3.584
3.991 3.618 3.600
3.984 3.602 3.607
3.989 3.598 3.609
3.995 3.602 3.609
4.001 3.605 3.608
4.002 3.602 3.608
4.003 3.589 3.618
4.008 3.576 3.629
4.012 3.582 3.628
4.015 3.587 3.623
4.016 3.595 3.610
4.010 3.584 3.617
4.003 3.572 3.627
3.998 3.567 3.631
3.992 3.572 3.626
3.992 3.575 3.622
3.998 3.574 3.623
4.003 3.557 3.627
4.011 3.540 3.622
4.008 3.548 3.616
4.003 3.561 3.610
4.001 3.574 3.605
4.004 3.573 3.609
4.004 3.564 3.610
4.005 3.557 3.613
4.001 3.562 3.614
3.998 3.566 3.617
4.000 3.569 3.602
4.012 3.561 3.606
4.024 3.550 3.613
4.034 3.540 3.621
4.035 3.540 3.625
4.038 3.538 3.609
4.055 3.540 3.603
4.065 3.526 3.622
4.073 3.513 3.628
4.068 3.514 3.630
4.050 3.526 3.634
4.036 3.537 3.633
4.030 3.549 3.622
4.010 3.554 3.632
3.994 3.557 3.641
4.007 3.561 3.643
4.023 3.566 3.635
4.037 3.573 3.626
4.051 3.578 3.612
4.064 3.583 3.595
4.075 3.585 3.600
4.089 3.585 3.597
4.099 3.585 3.594
4.102 3.594 3.588
4.105 3.604 3.579
4.106 3.607 3.571
4.110 3.599 3.573
4.112 3.594 3.573
4.110 3.588 3.570
4.107 3.588 3.567
4.102 3.587 3.564
4.097 3.585 3.567
4.095 3.581 3.579
4.093 3.578 3.587
4.088 3.577 3.590
4.084 3.573 3.593
4.081 3.569 3.596
4.077 3.569 3.595
4.075 3.570 3.595
4.071 3.568 3.594
4.069 3.566 3.594
4.065 3.567 3.594
4.062 3.566 3.592
4.058 3.571 3.585
4.055 3.573 3.581
4.051 3.578 3.574
4.047 3.582 3.568
4.045 3.584 3.564
4.040 3.584 3.562
4.037 3.583 3.564
4.032 3.583 3.564
4.029 3.586 3.563
4.024 3.584 3.563
4.019 3.585 3.565
4.016 3.584 3.565
4.013 3.583 3.565
4.009 3.581 3.563
4.005 3.581 3.566
4.001 3.582 3.571
3.995 3.582 3.578
3.993 3.584 3.584
3.988 3.584 3.593
3.985 3.584 3.602
3.985 3.583 3.597
3.987 3.581 3.595
3.986 3.582 3.593
3.989 3.579 3.587
3.988 3.581 3.587
3.985 3.582 3.581
3.985 3.583 3.578
3.984 3.583 3.577
3.983 3.584 3.573
3.981 3.585 3.568
3.979 3.586 3.567
3.979 3.588 3.567
3.979 3.588 3.569
3.978 3.588 3.573
3.977 3.585 3.580
3.975 3.584 3.582
3.976 3.583 3.589
3.975 3.586 3.593
3.973 3.585 3.594
3.975 3.585 3.593
3.977 3.584 3.590
3.981 3.579 3.590
3.987 3.576 3.588
3.986 3.576 3.587
3.985 3.577 3.583
3.985 3.581 3.584
3.983 3.583 3.582
3.984 3.584 3.581
3.982 3.588 3.579
3.981 3.590 3.581
3.978 3.594 3.580
3.977 3.594 3.581
3.979 3.599 3.581
3.980 3.601 3.581
3.980 3.601 3.581
3.983 3.602 3.583
3.986 3.603 3.584
3.989 3.603 3.585
3.993 3.601 3.586
3.997 3.602 3.585
4.002 3.599 3.586
4.007 3.599 3.584
4.012 3.595 3.585
4.013 3.596 3.582
4.015 3.593 3.581
4.019 3.590 3.581
4.020 3.586 3.586
4.025 3.581 3.588
4.026 3.577 3.593
4.030 3.570 3.599
4.033 3.565 3.607
4.029 3.565 3.610
4.027 3.567 3.616
4.027 3.565 3.620
4.022 3.564 3.624
4.022 3.563 3.630
4.023 3.565 3.634
4.023 3.564 3.638
4.024 3.563 3.641
4.018 3.564 3.643
4.014 3.563 3.645
4.013 3.561 3.644
3.996 3.566 3.634
3.989 3.569 3.623
3.988 3.575 3.613
3.988 3.578 3.630
3.978 3.583 3.646
3.994 3.578 3.645
4.014 3.575 3.640
4.032 3.573 3.634
4.053 3.569 3.628
4.059 3.567 3.622
4.050 3.565 3.612
4.045 3.580 3.605
4.033 3.595 3.605
4.021 3.601 3.605
4.014 3.597 3.606
4.010 3.592 3.605
4.023 3.590 3.609
4.030 3.601 3.598
4.019 3.608 3.589
4.030 3.597 3.578
4.043 3.582 3.569
4.031 3.564 3.602
4.033 3.573 3.592
4.035 3.579 3.585
4.035 3.583 3.578
4.032 3.576 3.571
4.027 3.568 3.586
4.038 3.573 3.584
4.032 3.590 3.557
4.029 3.607 3.531
4.029 3.599 3.513
4.020 3.587 3.561
4.020 3.576 3.600
4.019 3.579 3.603
3.992 3.584 3.605
3.978 3.576 3.607
3.981 3.568 3.606
3.980 3.578 3.605
3.983 3.577 3.603
3.990 3.569 3.596
3.990 3.562 3.588
4.008 3.564 3.593
4.002 3.568 3.598
4.003 3.565 3.607
4.025 3.574 3.575
4.022 3.583 3.590
4.022 3.588 3.603
4.016 3.575 3.601
4.011 3.578 3.599
4.029 3.574 3.606
4.025 3.582 3.581
4.020 3.589 3.555
4.022 3.586 3.554
4.020 3.582 3.583
4.035 3.572 3.603
4.042 3.576 3.577
4.045 3.582 3.575
4.039 3.585 3.585
4.052 3.574 3.576
4.044 3.583 3.566
4.029 3.588 3.581
4.037 3.596 3.570
4.046 3.600 3.578
4.031 3.597 3.585
4.033 3.594 3.599
4.019 3.598 3.612
4.032 3.596 3.613
4.053 3.603 3.601
4.030 3.610 3.611
4.060 3.587 3.615
4.042 3.596 3.627
4.036 3.600 3.620
4.039 3.597 3.593
4.042 3.589 3.604
4.055 3.577 3.627
4.068 3.567 3.644
4.067 3.574 3.642
4.066 3.575 3.619
4.059 3.591 3.574
4.035 3.604 3.580
4.065 3.586 3.589
4.056 3.560 3.613
4.051 3.565 3.618
4.086 3.554 3.622
4.086 3.553 3.630
4.080 3.547 3.636
4.084 3.542 3.647
4.062 3.562 3.644
4.069 3.556 3.649
4.097 3.557 3.626
4.084 3.558 3.613
4.083 3.541 3.631
4.086 3.548 3.640
4.071 3.561 3.651
4.082 3.559 3.632
4.058 3.567 3.623
4.014 3.573 3.635
4.014 3.549 3.639
4.000 3.559 3.639
3.992 3.569 3.638
4.008 3.566 3.638
3.996 3.562 3.649
4.017 3.553 3.642
4.025 3.540 3.634
4.035 3.547 3.646
4.035 3.545 3.637
4.033 3.548 3.637
4.024 3.547 3.658
4.047 3.536 3.663
4.055 3.530 3.679
4.048 3.526 3.689
4.062 3.530 3.672
4.037 3.533 3.675
4.044 3.518 3.682
4.083 3.510 3.687
4.056 3.519 3.689
4.064 3.511 3.670
4.069 3.523 3.668
4.040 3.536 3.653
4.062 3.527 3.651
4.050 3.531 3.645
4.052 3.539 3.644
4.065 3.569 3.630
4.030 3.600 3.616
4.028 3.598 3.607
4.021 3.585 3.611
4.002 3.589 3.648
4.041 3.593 3.629
4.027 3.617 3.604
4.012 3.621 3.617
4.035 3.571 3.638
4.035 3.580 3.622
4.058 3.567 3.612
4.071 3.564 3.591
4.079 3.558 3.587
4.056 3.568 3.621
4.071 3.543 3.648
4.061 3.532 3.658
4.058 3.536 3.636
4.044 3.559 3.633
4.001 3.574 3.660
4.008 3.590 3.634
4.008 3.584 3.634
4.028 3.555 3.642
4.041 3.564 3.640
4.032 3.573 3.654
4.045 3.565 3.655
4.058 3.570 3.650
4.063 3.567 3.648
4.075 3.555 3.632
4.078 3.569 3.606
4.069 3.578 3.627
4.047 3.581 3.636
4.053 3.583 3.631
4.061 3.567 3.643
4.081 3.559 3.642
4.078 3.558 3.636
4.064 3.554 3.664
4.056 3.563 3.670
4.060 3.546 3.678
4.080 3.521 3.670
4.097 3.539 3.629
4.073 3.558 3.623
4.060 3.569 3.622
4.078 3.555 3.623
4.081 3.540 3.630
4.098 3.535 3.617
4.074 3.556 3.593
4.047 3.574 3.621
4.044 3.586 3.617
4.040 3.570 3.616
4.046 3.574 3.605
4.039 3.589 3.596
4.024 3.611 3.607
4.007 3.621 3.620
4.005 3.616 3.637
3.988 3.611 3.669
4.019 3.594 3.666
4.027 3.606 3.625
4.012 3.616 3.632
4.024 3.609 3.633
4.044 3.615 3.621
4.047 3.605 3.608
4.077 3.603 3.598
4.059 3.599 3.602
4.045 3.594 3.628
4.051 3.596 3.645
4.047 3.589 3.635
4.062 3.561 3.641
4.068 3.567 3.639
4.052 3.571 3.652
4.055 3.565 3.629
4.087 3.541 3.621
4.055 3.546 3.628
4.065 3.528 3.641
4.065 3.527 3.646
4.064 3.517 3.660
4.055 3.527 3.622
4.069 3.541 3.622
4.093 3.533 3.645
4.071 3.535 3.649
4.047 3.539 3.658
4.046 3.533 3.663
4.038 3.550 3.656
4.036 3.557 3.660
4.050 3.572 3.630
4.030 3.596 3.634
4.024 3.602 3.632
4.041 3.612 3.616
4.038 3.587 3.643
4.043 3.571 3.652
4.034 3.578 3.652
4.014 3.580 3.670
4.024 3.590 3.649
4.023 3.598 3.651
4.023 3.562 3.677
4.038 3.572 3.668
4.015 3.589 3.651
4.007 3.594 3.635
4.036 3.593 3.643
4.032 3.567 3.653
4.043 3.534 3.641
4.043 3.546 3.648
4.037 3.558 3.665
4.035 3.568 3.650
4.044 3.566 3.659
4.046 3.550 3.672
4.058 3.562 3.663
4.054 3.574 3.659
4.040 3.577 3.662
4.024 3.577 3.693
4.033 3.567 3.690
4.053 3.564 3.654
4.054 3.576 3.665
4.034 3.587 3.689
4.022 3.595 3.685
4.026 3.603 3.653
4.014 3.593 3.639
4.010 3.569 3.662
4.023 3.575 3.634
4.015 3.583 3.649
4.007 3.602 3.653
4.005 3.615 3.637
4.010 3.607 3.623
4.035 3.588 3.641
4.058 3.580 3.659
4.063 3.570 3.674
4.071 3.561 3.647
4.074 3.552 3.645
4.085 3.539 3.665
4.079 3.542 3.646
4.054 3.546 3.645
4.013 3.551 3.663
4.004 3.567 3.663
3.999 3.559 3.693
3.996 3.575 3.687
3.992 3.577 3.673
3.954 3.580 3.660
3.936 3.590 3.647
3.950 3.596 3.640
3.974 3.588 3.634
3.980 3.573 3.640
3.993 3.568 3.649
4.004 3.565 3.655
4.009 3.565 3.636
4.017 3.571 3.650
4.007 3.573 3.672
4.021 3.571 3.661
4.011 3.577 3.641
4.000 3.582 3.620
4.003 3.586 3.636
3.992 3.591 3.659
3.998 3.587 3.654
4.011 3.592 3.653
4.016 3.598 3.664
4.028 3.589 3.661
4.033 3.581 3.655
4.034 3.575 3.641
4.034 3.579 3.622
4.028 3.585 3.628
4.017 3.588 3.626
4.013 3.583 3.613
4.006 3.578 3.627
4.013 3.569 3.637
4.032 3.566 3.636
4.047 3.562 3.633
4.071 3.556 3.622
4.091 3.554 3.609
4.096 3.551 3.596
4.105 3.561 3.599
4.093 3.572 3.613
4.093 3.574 3.621
4.105 3.584 3.606
4.078 3.596 3.590
4.061 3.595 3.603
4.044 3.592 3.617
4.029 3.589 3.631
4.027 3.595 3.623
4.028 3.605 3.606
4.019 3.614 3.589
4.011 3.613 3.574
4.002 3.614 3.565
3.994 3.614 3.594
3.984 3.608 3.631
3.984 3.598 3.665
3.987 3.603 3.678
3.989 3.608 3.692
3.967 3.614 3.704
3.945 3.622 3.718
3.933 3.620 3.730
3.931 3.617 3.735
3.929 3.613 3.741
3.933 3.604 3.746
3.945 3.596 3.749
3.951 3.589 3.755
3.956 3.586 3.758
3.959 3.593 3.753
3.965 3.599 3.745
3.970 3.602 3.741
3.977 3.609 3.736
3.976 3.615 3.732
3.979 3.617 3.732
3.982 3.617 3.732
3.988 3.614 3.733
3.994 3.612 3.734
3.996 3.609 3.736
3.996 3.609 3.732
3.995 3.610 3.731
3.994 3.612 3.729
3.992 3.614 3.727
3.990 3.616 3.724
3.987 3.621 3.719
3.986 3.627 3.713
3.984 3.633 3.707
3.982 3.641 3.700
3.984 3.642 3.694
3.988 3.643 3.688
3.991 3.636 3.688
3.995 3.630 3.688
3.997 3.625 3.689
3.999 3.622 3.690
4.000 3.620 3.690
3.998 3.619 3.690
3.996 3.619 3.689
3.994 3.617 3.690
3.994 3.614 3.692
3.992 3.614 3.692
3.990 3.611 3.693
3.989 3.613 3.689
3.987 3.616 3.688
3.985 3.617 3.684
3.986 3.616 3.683
3.986 3.617 3.680
3.986 3.616 3.678
3.985 3.614 3.681
3.985 3.612 3.680
3.983 3.612 3.680
3.981 3.611 3.679
3.981 3.607 3.682
3.977 3.609 3.680
3.977 3.610 3.678
3.974 3.612 3.676
3.973 3.613 3.674
3.972 3.613 3.673
3.972 3.613 3.672
3.971 3.611 3.671
3.970 3.611 3.671
3.969 3.609 3.673
3.967 3.609 3.672
3.965 3.607 3.672
3.961 3.611 3.669
3.960 3.612 3.667
3.957 3.614 3.665
3.957 3.616 3.663
3.955 3.618 3.659
3.953 3.618 3.659
3.950 3.620 3.658
3.948 3.619 3.658
3.946 3.621 3.657
3.943 3.623 3.654
3.940 3.624 3.654
3.941 3.623 3.652
3.943 3.622 3.649
3.945 3.621 3.646
3.950 3.615 3.644
3.953 3.612 3.642
3.957 3.606 3.642
3.960 3.601 3.641
3.963 3.596 3.640
3.964 3.593 3.640
3.962 3.594 3.640
3.959 3.594 3.639
3.957 3.596 3.638
3.955 3.597 3.637
3.951 3.597 3.639
3.947 3.599 3.639
3.945 3.599 3.637
3.942 3.600 3.637
3.939 3.600 3.636
3.937 3.601 3.635
3.936 3.603 3.635
3.935 3.604 3.632
3.936 3.604 3.632
3.935 3.606 3.628
3.935 3.609 3.625
3.935 3.612 3.620
3.935 3.615 3.617
3.936 3.618 3.613
3.935 3.614 3.616
3.933 3.613 3.618
3.933 3.610 3.620
3.933 3.606 3.624
3.931 3.604 3.625
3.933 3.601 3.626
3.936 3.604 3.620
3.938 3.604 3.617
3.938 3.606 3.613
3.938 3.609 3.610
3.939 3.611 3.606
3.937 3.612 3.605
3.938 3.612 3.604
3.936 3.613 3.605
3.934 3.616 3.603
3.933 3.616 3.603
3.934 3.614 3.603
3.937 3.614 3.599
3.938 3.616 3.596
3.939 3.618 3.591
3.940 3.619 3.587
3.940 3.622 3.584
3.939 3.619 3.588
3.938 3.617 3.590
3.936 3.616 3.591
3.934 3.613 3.594
3.934 3.612 3.596
3.933 3.611 3.598
3.932 3.611 3.598
3.933 3.610 3.598
3.932 3.610 3.593
3.931 3.610 3.591
3.932 3.611 3.585
3.929 3.613 3.581
3.927 3.614 3.585
3.923 3.617 3.589
3.919 3.619 3.593
3.917 3.621 3.593
3.916 3.622 3.588
3.917 3.625 3.580
3.919 3.626 3.575
3.922 3.627 3.572
3.921 3.630 3.569
3.923 3.628 3.569
3.923 3.626 3.572
3.924 3.623 3.573
3.925 3.621 3.574
3.924 3.618 3.576
3.926 3.615 3.579
3.926 3.614 3.578
3.927 3.613 3.580
3.927 3.613 3.579
3.928 3.613 3.577
3.926 3.613 3.576
3.930 3.611 3.579
3.931 3.613 3.580
3.935 3.613 3.581
3.937 3.611 3.582
3.940 3.612 3.583
3.943 3.611 3.581
3.946 3.608 3.583
3.947 3.606 3.584
3.952 3.604 3.584
3.953 3.601 3.586
3.956 3.601 3.586
3.958 3.599 3.587
3.960 3.598 3.587
3.960 3.598 3.588
3.961 3.599 3.589
3.962 3.599 3.590
3.961 3.601 3.591
3.964 3.601 3.591
3.964 3.604 3.588
3.964 3.604 3.586
3.966 3.606 3.584
3.965 3.608 3.583
3.965 3.611 3.581
3.966 3.610 3.583
3.969 3.609 3.584
3.971 3.610 3.584
3.971 3.611 3.586
3.972 3.609 3.589
3.974 3.604 3.593
3.977 3.598 3.596
3.980 3.594 3.598
3.982 3.590 3.598
3.985 3.589 3.597
3.986 3.589 3.598
3.985 3.592 3.599
3.984 3.594 3.600
3.984 3.594 3.600
3.984 3.597 3.598
3.983 3.602 3.594
3.982 3.607 3.592
3.979 3.615 3.588
3.977 3.621 3.584
3.976 3.626 3.582
3.979 3.623 3.581
3.984 3.617 3.581
3.989 3.611 3.582
3.995 3.605 3.582
3.998 3.600 3.584
4.000 3.597 3.588
4.000 3.597 3.592
3.999 3.597 3.595
3.997 3.600 3.594
3.997 3.604 3.595
3.995 3.608 3.593
3.993 3.614 3.591
3.995 3.615 3.590
3.998 3.615 3.589
4.000 3.616 3.589
4.000 3.618 3.586
4.003 3.618 3.584
4.005 3.618 3.581
4.005 3.620 3.579
4.005 3.618 3.577
4.007 3.615 3.579
4.007 3.613 3.581
4.006 3.612 3.586
4.005 3.613 3.588
4.001 3.614 3.591
3.999 3.616 3.592
3.997 3.617 3.593
3.995 3.619 3.591
3.993 3.621 3.586
3.991 3.623 3.581
3.990 3.625 3.577
3.986 3.628 3.572
3.987 3.629 3.567
3.988 3.628 3.564
3.989 3.626 3.560
3.991 3.626 3.553
3.992 3.623 3.553
3.994 3.620 3.557
3.993 3.619 3.560
3.992 3.616 3.565
3.991 3.617 3.568
3.989 3.616 3.572
3.986 3.618 3.574
3.987 3.618 3.575
3.987 3.616 3.575
3.987 3.616 3.576
3.986 3.615 3.577
3.987 3.614 3.577
3.986 3.613 3.576
3.987 3.613 3.576
3.983 3.617 3.575
3.977 3.621 3.576
3.973 3.627 3.577
3.967 3.632 3.578
3.966 3.633 3.580
3.969 3.631 3.580
3.975 3.628 3.579
3.976 3.626 3.576
3.980 3.623 3.574
3.982 3.620 3.572
3.984 3.616 3.572
3.984 3.616 3.569
3.984 3.614 3.567
3.983 3.614 3.564
3.983 3.614 3.562
3.981 3.614 3.561
3.981 3.611 3.559
3.979 3.611 3.556
3.979 3.609 3.558
3.979 3.607 3.561
3.979 3.606 3.563
3.977 3.606 3.567
3.975 3.604 3.572
3.974 3.602 3.576
3.973 3.604 3.576
3.970 3.605 3.579
3.969 3.608 3.582
3.967 3.609 3.584
3.965 3.611 3.580
3.962 3.611 3.575
3.960 3.611 3.572
3.957 3.611 3.567
3.961 3.605 3.562
3.963 3.599 3.562
3.962 3.596 3.567
3.965 3.594 3.569
3.967 3.592 3.570
3.962 3.596 3.573
3.953 3.604 3.574
3.945 3.613 3.574
3.937 3.620 3.572
3.929 3.622 3.574
3.921 3.624 3.576
3.920 3.619 3.578
3.923 3.612 3.582
3.925 3.606 3.585
3.928 3.604 3.583
3.927 3.605 3.579
3.928 3.609 3.575
3.928 3.611 3.573
3.928 3.615 3.572
3.927 3.618 3.569
3.928 3.618 3.571
3.927 3.618 3.572
3.933 3.614 3.574
3.935 3.612 3.575
3.938 3.609 3.577
3.940 3.606 3.579
3.945 3.603 3.579
3.947 3.602 3.579
3.948 3.601 3.579
3.948 3.601 3.580
3.950 3.602 3.579
3.950 3.600 3.581
3.950 3.600 3.581
3.955 3.597 3.581
3.959 3.595 3.579
3.962 3.593 3.580
3.965 3.592 3.578
3.967 3.590 3.578
3.972 3.589 3.575
3.972 3.592 3.573
3.970 3.597 3.570
3.969 3.600 3.568
3.967 3.602 3.571
3.965 3.602 3.572
3.965 3.601 3.575
3.967 3.597 3.577
3.970 3.591 3.579
3.974 3.589 3.577
3.977 3.589 3.574
3.979 3.590 3.573
3.975 3.596 3.571
3.971 3.603 3.569
3.967 3.607 3.571
3.967 3.611 3.574
3.963 3.617 3.577
3.959 3.622 3.579
3.963 3.621 3.578
3.969 3.616 3.579
3.974 3.609 3.582
3.981 3.601 3.586
3.985 3.594 3.589
3.989 3.588 3.593
3.987 3.587 3.595
3.987 3.588 3.598
3.986 3.589 3.600
3.986 3.588 3.601
3.984 3.589 3.602
3.984 3.590 3.603
3.982 3.592 3.604
3.984 3.591 3.604
3.984 3.593 3.605
3.984 3.594 3.605
3.982 3.595 3.604
3.983 3.598 3.602
3.984 3.597 3.602
3.984 3.597 3.600
3.984 3.596 3.598
3.984 3.596 3.596
3.982 3.595 3.596
3.979 3.598 3.593
3.975 3.600 3.593
3.968 3.603 3.593
3.963 3.606 3.594
3.963 3.603 3.595
3.966 3.597 3.596
3.968 3.592 3.595
3.970 3.592 3.590
3.974 3.591 3.586
3.974 3.590 3.587
3.976 3.590 3.589
3.976 3.592 3.589
3.977 3.591 3.589
3.981 3.593 3.588
3.984 3.594 3.589
3.983 3.600 3.587
3.979 3.607 3.586
3.977 3.609 3.588
3.974 3.611 3.589
3.970 3.613 3.589
3.969 3.614 3.588
3.973 3.609 3.588
3.976 3.606 3.588
3.979 3.601 3.588
3.981 3.599 3.588
3.985 3.595 3.589
3.986 3.594 3.589
3.986 3.596 3.589
3.984 3.600 3.587
3.982 3.604 3.586
3.979 3.608 3.584
3.978 3.611 3.584
3.977 3.614 3.583
3.975 3.615 3.581
3.974 3.614 3.581
3.973 3.616 3.581
3.970 3.618 3.580
3.968 3.619 3.580
3.965 3.620 3.580
3.964 3.619 3.579
3.971 3.612 3.578
3.975 3.606 3.577
3.980 3.600 3.576
3.986 3.591 3.576
3.985 3.588 3.576
3.980 3.590 3.576
3.975 3.593 3.576
3.971 3.594 3.576
3.967 3.594 3.578
3.961 3.593 3.584
3.957 3.592 3.591
3.960 3.588 3.596
3.962 3.582 3.602
3.964 3.582 3.603
3.966 3.582 3.601
3.966 3.584 3.597
3.966 3.588 3.592
3.965 3.593 3.587
3.964 3.597 3.583
3.963 3.597 3.583
3.960 3.600 3.588
3.960 3.602 3.593
3.964 3.599 3.599
3.965 3.596 3.605
3.966 3.593 3.601
3.969 3.591 3.595
3.971 3.589 3.590
3.970 3.589 3.585
3.968 3.592 3.581
3.965 3.596 3.583
3.962 3.599 3.584
3.958 3.603 3.584
3.955 3.605 3.584
3.957 3.602 3.584
3.962 3.599 3.581
3.965 3.596 3.581
3.968 3.592 3.588
3.969 3.591 3.592
3.970 3.589 3.598
3.972 3.587 3.599
3.973 3.585 3.589
3.974 3.585 3.577
3.972 3.585 3.567
3.969 3.589 3.575
3.966 3.592 3.581
3.959 3.596 3.590
3.949 3.599 3.595
3.941 3.604 3.598
3.936 3.604 3.601
3.938 3.602 3.604
3.938 3.601 3.598
3.937 3.602 3.590
3.937 3.605 3.579
3.937 3.606 3.577
3.937 3.608 3.577
3.935 3.611 3.576
3.935 3.615 3.576
3.934 3.616 3.579
3.933 3.615 3.585
3.931 3.613 3.593
3.931 3.611 3.598
3.933 3.607 3.601
3.936 3.604 3.604
3.935 3.607 3.602
3.936 3.612 3.597
3.936 3.616 3.593
3.938 3.619 3.589
3.940 3.621 3.586
3.940 3.623 3.585
3.940 3.621 3.584
3.941 3.619 3.583
3.940 3.618 3.581
3.940 3.616 3.579
3.940 3.616 3.580
3.941 3.615 3.581
3.939 3.616 3.581
3.940 3.616 3.582
3.940 3.616 3.583
3.941 3.617 3.583
3.941 3.616 3.583
3.941 3.617 3.581
3.942 3.618 3.579
3.942 3.618 3.577
3.941 3.618 3.576
3.942 3.619 3.575
3.942 3.616 3.576
3.942 3.613 3.577
3.945 3.611 3.576
3.945 3.608 3.577
3.944 3.605 3.577
3.944 3.605 3.577
3.945 3.604 3.575
3.945 3.601 3.581
3.945 3.599 3.587
3.946 3.599 3.592
3.946 3.599 3.596
3.947 3.599 3.597
3.946 3.601 3.596
3.945 3.601 3.596
3.945 3.603 3.594
3.946 3.603 3.591
3.947 3.601 3.586
3.947 3.601 3.582
3.947 3.601 3.577
3.949 3.599 3.573
3.951 3.597 3.579
3.951 3.596 3.584
3.951 3.596 3.589
3.953 3.596 3.591
3.953 3.594 3.588
3.953 3.595 3.584
3.953 3.594 3.581
3.953 3.596 3.584
3.953 3.595 3.588
3.955 3.595 3.589
3.955 3.594 3.593
3.955 3.594 3.591
3.956 3.594 3.591
3.955 3.594 3.589
3.955 3.593 3.589
3.957 3.592 3.588
3.958 3.593 3.585
3.960 3.592 3.584
3.960 3.592 3.581
3.960 3.593 3.579
3.962 3.592 3.578
3.963 3.592 3.579
3.965 3.592 3.580
3.967 3.592 3.581
3.965 3.594 3.581
3.966 3.595 3.579
3.963 3.599 3.578
3.960 3.602 3.577
3.956 3.604 3.577
3.954 3.605 3.576
3.950 3.605 3.577
3.950 3.603 3.577
3.948 3.602 3.579
3.948 3.602 3.582
3.946 3.603 3.583
3.947 3.603 3.583
3.946 3.605 3.580
3.945 3.606 3.580
3.942 3.611 3.577
3.941 3.613 3.577
3.938 3.614 3.582
3.936 3.615 3.587
3.942 3.609 3.588
3.949 3.601 3.589
3.955 3.595 3.588
3.959 3.589 3.588
3.965 3.584 3.589
3.966 3.584 3.590
3.963 3.587 3.589
3.961 3.590 3.589
3.958 3.592 3.590
3.956 3.595 3.589
3.957 3.594 3.590
3.961 3.591 3.592
3.964 3.587 3.594
3.965 3.586 3.594
3.969 3.584 3.591
3.969 3.586 3.591
3.967 3.591 3.589
3.964 3.596 3.589
3.963 3.600 3.588
3.957 3.602 3.590
3.954 3.606 3.589
3.954 3.605 3.591
3.955 3.606 3.591
3.956 3.605 3.591
3.956 3.603 3.591
3.956 3.601 3.593
3.957 3.599 3.594
3.958 3.598 3.592
3.959 3.597 3.591
3.958 3.594 3.592
3.957 3.594 3.595
3.956 3.592 3.598
3.957 3.588 3.601
3.957 3.584 3.602
3.956 3.583 3.605
3.955 3.585 3.604
3.952 3.585 3.606
3.952 3.587 3.605
3.951 3.588 3.604
3.949 3.590 3.601
3.948 3.591 3.598
3.946 3.592 3.596
3.945 3.591 3.594
3.941 3.592 3.593
3.940 3.594 3.588
3.939 3.592 3.586
3.936 3.594 3.582
3.935 3.594 3.579
3.932 3.598 3.577
3.931 3.602 3.574
3.928 3.606 3.574
3.926 3.611 3.577
3.921 3.614 3.582
3.923 3.616 3.583
3.926 3.614 3.583
3.928 3.612 3.584
3.930 3.611 3.583
3.930 3.609 3.582
3.929 3.607 3.583
3.931 3.604 3.584
3.931 3.599 3.586
3.931 3.597 3.586
3.932 3.598 3.583
3.932 3.601 3.579
3.930 3.607 3.573
3.925 3.613 3.570
3.921 3.621 3.564
3.919 3.628 3.560
3.914 3.628 3.560
3.909 3.627 3.564
3.910 3.621 3.569
3.910 3.614 3.574
3.911 3.606 3.582
3.911 3.605 3.583
3.911 3.605 3.583
3.913 3.604 3.582
3.914 3.604 3.581
3.914 3.603 3.582
3.914 3.603 3.582
3.916 3.603 3.582
3.916 3.602 3.581
3.916 3.604 3.579
3.916 3.604 3.577
3.913 3.609 3.576
3.911 3.610 3.575
3.911 3.609 3.574
3.911 3.611 3.573
3.911 3.613 3.572
3.910 3.614 3.571
3.914 3.616 3.569
3.912 3.614 3.572
3.911 3.613 3.575
3.915 3.609 3.577
3.918 3.606 3.578
3.919 3.603 3.580
3.921 3.602 3.580
3.922 3.606 3.577
3.924 3.608 3.574
3.928 3.606 3.573
3.932 3.606 3.570
3.933 3.608 3.567
3.936 3.603 3.569
3.936 3.598 3.573
3.936 3.597 3.576
3.934 3.595 3.579
3.931 3.596 3.583
3.929 3.598 3.584
3.928 3.602 3.581
3.925 3.606 3.580
3.926 3.608 3.579
3.929 3.606 3.577
3.933 3.601 3.578
3.936 3.596 3.582
3.940 3.589 3.585
3.941 3.586 3.588
3.938 3.590 3.590
3.933 3.594 3.593
3.929 3.603 3.591
3.924 3.611 3.588
3.921 3.618 3.582
3.922 3.623 3.574
3.922 3.625 3.567
3.923 3.625 3.565
3.924 3.623 3.569
3.928 3.618 3.574
3.929 3.614 3.578
3.929 3.611 3.584
3.931 3.609 3.587
3.933 3.606 3.590
3.933 3.604 3.593
3.933 3.603 3.596
3.934 3.602 3.597
3.936 3.599 3.600
3.938 3.598 3.598
3.938 3.602 3.593
3.939 3.604 3.591
3.939 3.610 3.584
3.938 3.615 3.580
3.939 3.620 3.574
3.937 3.621 3.573
3.938 3.621 3.572
3.936 3.623 3.572
3.938 3.620 3.572
3.938 3.619 3.570
3.941 3.617 3.569
3.940 3.614 3.572
3.943 3.611 3.573
3.941 3.610 3.573
3.937 3.609 3.576
3.934 3.609 3.576
3.931 3.612 3.574
3.927 3.614 3.573
3.925 3.614 3.573
3.926 3.612 3.574
3.927 3.610 3.581
3.929 3.608 3.586
3.930 3.609 3.591
3.930 3.608 3.590
3.931 3.607 3.589
3.933 3.605 3.587
3.934 3.604 3.586
3.935 3.599 3.587
3.935 3.597 3.588
3.931 3.598 3.588
3.926 3.601 3.589
3.921 3.603 3.589
3.916 3.606 3.591
3.912 3.612 3.588
3.907 3.618 3.586
3.909 3.616 3.585
3.910 3.614 3.584
3.913 3.613 3.582
3.916 3.607 3.586
3.919 3.604 3.589
3.916 3.602 3.593
3.916 3.602 3.593
3.916 3.600 3.597
3.914 3.596 3.602
3.913 3.592 3.606
3.913 3.587 3.611
3.912 3.582 3.613
3.912 3.577 3.616
3.911 3.575 3.616
3.908 3.584 3.609
3.909 3.587 3.603
3.912 3.589 3.598
3.913 3.593 3.593
3.915 3.595 3.589
3.916 3.597 3.586
3.916 3.599 3.584
3.914 3.605 3.580
3.909 3.609 3.578
3.905 3.613 3.575
3.902 3.616 3.574
3.900 3.617 3.573
3.896 3.618 3.572
3.893 3.621 3.570
3.888 3.624 3.567
3.886 3.623 3.566
3.882 3.624 3.564
3.884 3.621 3.562
3.888 3.618 3.562
3.892 3.614 3.567
3.898 3.611 3.572
3.902 3.612 3.572
3.905 3.614 3.572
3.908 3.618 3.571
3.912 3.619 3.567
3.914 3.623 3.562
3.916 3.623 3.559
3.916 3.618 3.562
3.918 3.614 3.564
3.919 3.609 3.567
3.919 3.605 3.571
3.921 3.601 3.578
3.921 3.606 3.577
3.922 3.604 3.579
3.921 3.605 3.579
3.921 3.606 3.576
3.919 3.606 3.572
3.921 3.604 3.569
3.919 3.604 3.565
3.917 3.604 3.562
3.914 3.605 3.560
3.914 3.605 3.564
3.909 3.605 3.569
3.906 3.605 3.574
3.905 3.604 3.579
3.906 3.604 3.581
3.906 3.602 3.585
3.904 3.606 3.584
3.904 3.608 3.582
3.903 3.610 3.580
3.904 3.612 3.578
3.903 3.614 3.574
3.901 3.618 3.572
3.900 3.618 3.575
3.899 3.619 3.576
3.900 3.617 3.579
3.900 3.616 3.580
3.901 3.615 3.582
3.900 3.615 3.579
3.900 3.613 3.576
3.900 3.612 3.572
3.901 3.609 3.569
3.901 3.608 3.565
3.902 3.609 3.558
3.902 3.611 3.562
3.904 3.613 3.567
3.908 3.612 3.573
3.911 3.613 3.579
3.917 3.610 3.584
3.919 3.609 3.592
3.924 3.606 3.592
3.927 3.605 3.588
3.933 3.602 3.586
3.935 3.602 3.584
3.938 3.600 3.582
3.940 3.599 3.579
3.941 3.599 3.579
3.940 3.601 3.577
3.939 3.602 3.573
3.938 3.603 3.573
3.938 3.602 3.574
3.937 3.601 3.574
3.936 3.600 3.585
3.935 3.599 3.600
3.934 3.601 3.613
3.934 3.600 3.600
3.934 3.601 3.573
3.934 3.601 3.559
3.934 3.602 3.557
3.934 3.602 3.559
3.936 3.604 3.559
3.936 3.605 3.561
3.938 3.604 3.565
3.941 3.604 3.570
3.943 3.601 3.575
3.945 3.597 3.578
3.945 3.594 3.582
3.946 3.594 3.584
3.947 3.592 3.587
3.946 3.591 3.589
3.944 3.593 3.586
3.944 3.595 3.583
3.948 3.593 3.579
3.949 3.591 3.576
3.953 3.589 3.572
3.956 3.589 3.567
3.959 3.589 3.567
3.958 3.591 3.572
3.958 3.593 3.576
3.957 3.596 3.579
3.955 3.600 3.582
3.958 3.601 3.583
3.961 3.601 3.586
3.964 3.601 3.587
3.966 3.602 3.590
3.969 3.599 3.591
3.970 3.601 3.586
3.972 3.601 3.581
3.972 3.603 3.576
3.973 3.603 3.572
3.974 3.604 3.568
3.974 3.603 3.566
3.974 3.599 3.571
3.971 3.599 3.574
3.968 3.597 3.579
3.967 3.597 3.583
3.962 3.598 3.587
3.960 3.601 3.588
3.958 3.602 3.588
3.951 3.607 3.588
3.946 3.610 3.587
3.943 3.614 3.586
3.938 3.616 3.587
3.939 3.614 3.589
3.945 3.608 3.587
3.949 3.603 3.584
3.954 3.597 3.581
3.961 3.590 3.576
3.965 3.584 3.574
3.961 3.584 3.571
3.962 3.584 3.566
3.957 3.584 3.562
3.956 3.586 3.567
3.953 3.592 3.567
3.952 3.598 3.564
3.953 3.602 3.563
3.955 3.608 3.563
3.956 3.613 3.562
3.956 3.610 3.567
3.957 3.609 3.569
3.958 3.606 3.573
3.957 3.604 3.575
3.953 3.601 3.579
3.950 3.602 3.580
3.950 3.600 3.581
3.950 3.598 3.582
3.949 3.595 3.583
3.950 3.594 3.585
3.948 3.593 3.584
3.950 3.594 3.583
3.953 3.594 3.581
3.956 3.594 3.582
3.960 3.594 3.581
3.962 3.595 3.581
3.963 3.595 3.581
3.969 3.594 3.581
3.972 3.595 3.581
3.977 3.594 3.581
3.980 3.594 3.581
3.984 3.592 3.582
3.989 3.592 3.583
3.994 3.590 3.584
3.996 3.590 3.585
4.001 3.591 3.586
4.003 3.592 3.587
4.004 3.595 3.588
4.008 3.597 3.588
4.010 3.599 3.589
4.012 3.602 3.590
4.011 3.605 3.591
4.009 3.608 3.591
4.011 3.608 3.592
4.014 3.608 3.593
4.013 3.609 3.593
4.016 3.604 3.597
4.015 3.599 3.602
4.016 3.592 3.607
4.019 3.584 3.610
4.022 3.575 3.614
4.024 3.571 3.616
4.028 3.571 3.613
4.029 3.575 3.608
4.027 3.579 3.603
4.022 3.585 3.598
4.009 3.590 3.590
3.998 3.603 3.574
3.987 3.617 3.565
3.979 3.626 3.562
3.986 3.624 3.558
3.986 3.620 3.555
3.981 3.618 3.565
3.976 3.633 3.565
3.970 3.648 3.564
3.979 3.643 3.570
3.979 3.635 3.594
3.981 3.631 3.616
3.993 3.623 3.620
3.993 3.617 3.623
3.999 3.607 3.624
4.010 3.598 3.622
4.013 3.588 3.627
4.018 3.571 3.627
4.024 3.557 3.611
4.002 3.542 3.618
3.990 3.548 3.608
3.973 3.566 3.600
3.942 3.585 3.601
3.930 3.602 3.589
3.931 3.617 3.580
3.932 3.620 3.571
3.940 3.632 3.560
3.942 3.644 3.556
3.961 3.642 3.549
3.987 3.638 3.551
4.001 3.633 3.558
4.024 3.622 3.562
4.052 3.615 3.582
4.046 3.609 3.603
4.060 3.594 3.601
4.070 3.580 3.591
4.077 3.559 3.616
4.084 3.564 3.610
4.086 3.571 3.601
4.089 3.577 3.587
4.083 3.588 3.578
4.090 3.585 3.567
4.084 3.594 3.551
4.074 3.600 3.534
4.058 3.606 3.553
4.060 3.609 3.558
4.064 3.602 3.567
4.056 3.593 3.595
4.068 3.593 3.583
4.069 3.593 3.571
4.063 3.588 3.594
4.065 3.590 3.605
4.076 3.576 3.606
4.079 3.573 3.587
4.065 3.575 3.577
4.044 3.579 3.582
4.050 3.569 3.592
4.064 3.549 3.602
4.062 3.546 3.604
4.069 3.537 3.598
4.061 3.539 3.578
4.066 3.545 3.578
4.080 3.554 3.563
4.036 3.563 3.560
4.030 3.566 3.571
4.037 3.581 3.534
4.027 3.596 3.546
4.000 3.614 3.547
4.018 3.620 3.540
4.040 3.632 3.546
4.048 3.633 3.538
4.021 3.635 3.522
3.997 3.639 3.541
4.005 3.631 3.541
4.001 3.625 3.553
3.999 3.620 3.562
4.008 3.606 3.535
4.012 3.595 3.566
4.022 3.599 3.566
4.037 3.601 3.531
4.030 3.600 3.539
4.054 3.597 3.527
4.074 3.599 3.521
4.059 3.602 3.554
4.058 3.599 3.546
4.057 3.591 3.548
4.084 3.580 3.561
4.073 3.581 3.550
4.065 3.583 3.558
4.066 3.572 3.565
4.070 3.565 3.568
4.062 3.568 3.591
4.080 3.565 3.579
4.060 3.566 3.577
4.037 3.570 3.613
4.033 3.577 3.610
4.044 3.553 3.613
4.052 3.537 3.625
4.048 3.541 3.603
4.034 3.544 3.623
4.045 3.534 3.630
4.045 3.545 3.612
4.021 3.572 3.596
4.043 3.595 3.565
4.038 3.618 3.552
4.027 3.635 3.567
4.030 3.626 3.556
4.035 3.613 3.577
4.052 3.609 3.575
4.053 3.615 3.562
4.034 3.622 3.605
4.012 3.616 3.614
4.020 3.600 3.617
4.038 3.605 3.618
4.062 3.609 3.585
4.056 3.615 3.588
4.040 3.618 3.594
4.017 3.616 3.595
4.009 3.622 3.592
4.029 3.637 3.582
4.057 3.640 3.550
4.032 3.643 3.565
4.035 3.632 3.572
4.032 3.629 3.566
4.037 3.624 3.560
4.062 3.617 3.550
4.065 3.620 3.562
4.055 3.624 3.589
4.060 3.599 3.590
4.063 3.622 3.556
4.066 3.621 3.533
4.088 3.625 3.533
4.059 3.631 3.533
4.067 3.607 3.559
4.060 3.588 3.575
4.040 3.611 3.572
4.050 3.606 3.549
4.055 3.600 3.563
4.046 3.594 3.600
4.040 3.616 3.587
4.037 3.622 3.574
4.048 3.611 3.568
4.066 3.616 3.557
4.053 3.619 3.574
4.049 3.617 3.575
4.059 3.622 3.564
4.054 3.617 3.570
4.066 3.615 3.560
4.059 3.620 3.555
4.054 3.625 3.571
4.041 3.640 3.559
4.037 3.642 3.567
4.040 3.633 3.567
4.059 3.630 3.562
4.059 3.628 3.568
4.038 3.622 3.591
4.037 3.613 3.588
4.046 3.608 3.599
4.065 3.593 3.606
4.068 3.592 3.590
4.053 3.595 3.595
4.054 3.593 3.606
4.056 3.603 3.599
4.049 3.609 3.604
4.063 3.610 3.577
4.063 3.611 3.561
4.024 3.615 3.585
4.012 3.618 3.593
4.031 3.617 3.596
4.031 3.622 3.572
4.054 3.614 3.583
4.042 3.607 3.602
4.016 3.604 3.627
4.009 3.605 3.609
4.019 3.588 3.634
4.040 3.577 3.626
4.049 3.584 3.625
4.030 3.590 3.644
4.041 3.575 3.631
4.045 3.573 3.635
4.031 3.579 3.642
4.055 3.590 3.602
4.036 3.600 3.617
4.017 3.611 3.619
4.015 3.617 3.601
4.019 3.606 3.633
4.042 3.595 3.633
4.003 3.589 3.612
3.988 3.583 3.654
3.960 3.577 3.650
3.955 3.568 3.658
3.969 3.569 3.664
4.028 3.566 3.619
4.032 3.568 3.625
4.001 3.569 3.641
3.964 3.589 3.623
3.976 3.575 3.638
4.008 3.550 3.627
4.020 3.571 3.572
4.027 3.594 3.572
3.994 3.605 3.568
4.012 3.591 3.563
4.002 3.605 3.555
3.997 3.616 3.545
4.031 3.601 3.529
4.047 3.587 3.550
4.057 3.569 3.572
4.044 3.570 3.571
4.015 3.582 3.579
4.019 3.579 3.603
4.031 3.593 3.576
3.989 3.606 3.588
3.991 3.609 3.593
3.969 3.601 3.594
3.948 3.629 3.601
3.967 3.628 3.582
3.986 3.626 3.585
3.986 3.624 3.592
3.995 3.619 3.596
3.993 3.617 3.593
3.964 3.642 3.600
3.977 3.643 3.578
3.972 3.657 3.582
3.967 3.670 3.587
3.985 3.654 3.575
3.991 3.651 3.583
3.981 3.684 3.547
4.004 3.677 3.541
4.014 3.670 3.541
4.005 3.664 3.551
4.016 3.651 3.567
4.013 3.653 3.560
4.009 3.647 3.558
4.011 3.641 3.529
4.013 3.634 3.548
4.014 3.620 3.582
4.032 3.607 3.576
4.028 3.594 3.589
4.028 3.581 3.610
4.028 3.589 3.595
4.015 3.596 3.575
4.002 3.591 3.601
3.997 3.594 3.605
4.022 3.577 3.609
4.055 3.577 3.611
4.055 3.591 3.596
4.021 3.603 3.619
4.024 3.618 3.598
4.018 3.628 3.601
4.027 3.623 3.598
4.039 3.627 3.582
4.022 3.631 3.568
4.009 3.631 3.582
4.018 3.629 3.562
4.015 3.643 3.554
4.017 3.650 3.558
3.998 3.655 3.548
3.971 3.660 3.581
3.975 3.651 3.586
3.985 3.650 3.575
3.971 3.664 3.577
3.963 3.653 3.565
3.954 3.649 3.569
3.941 3.642 3.587
3.965 3.619 3.592
3.959 3.612 3.589
3.951 3.627 3.584
3.968 3.626 3.576
3.946 3.627 3.568
3.932 3.620 3.597
3.952 3.613 3.588
3.971 3.605 3.591
3.978 3.598 3.605
3.990 3.607 3.597
3.979 3.616 3.613
3.973 3.616 3.616
3.977 3.617 3.600
3.981 3.630 3.611
3.986 3.628 3.616
3.986 3.631 3.616
3.984 3.633 3.619
3.987 3.638 3.603
3.994 3.648 3.581
3.979 3.658 3.571
3.988 3.655 3.557
3.991 3.652 3.565
3.986 3.645 3.581
4.001 3.653 3.569
3.980 3.660 3.580
3.981 3.653 3.588
3.994 3.647 3.600
3.984 3.642 3.612
3.984 3.638 3.611
3.990 3.634 3.612
3.988 3.629 3.610
3.997 3.614 3.617
3.984 3.607 3.622
3.968 3.598 3.628
3.969 3.592 3.639
3.942 3.596 3.635
3.921 3.605 3.623
3.936 3.598 3.608
3.940 3.595 3.618
3.933 3.590 3.629
3.941 3.589 3.618
3.932 3.591 3.606
3.927 3.588 3.625
3.936 3.591 3.620
3.947 3.593 3.615
3.956 3.594 3.618
3.974 3.594 3.614
3.974 3.594 3.613
3.979 3.589 3.624
3.989 3.592 3.612
3.995 3.595 3.602
4.002 3.599 3.601
3.993 3.605 3.596
3.984 3.611 3.592
3.980 3.613 3.595
3.982 3.613 3.596
3.982 3.613 3.599
3.977 3.610 3.602
3.976 3.605 3.603
3.975 3.600 3.603
3.972 3.595 3.603
3.971 3.590 3.608
3.968 3.586 3.616
3.966 3.585 3.620
3.963 3.585 3.623
3.960 3.586 3.625
3.961 3.581 3.629
3.963 3.576 3.632
3.965 3.570 3.635
3.967 3.569 3.635
3.969 3.569 3.633
3.969 3.570 3.631
3.966 3.575 3.631
3.961 3.581 3.629
3.957 3.586 3.625
3.953 3.592 3.621
3.950 3.597 3.617
3.949 3.600 3.615
3.952 3.600 3.613
3.956 3.598 3.611
3.959 3.598 3.607
3.963 3.597 3.604
3.966 3.597 3.601
3.968 3.599 3.599
3.966 3.603 3.599
3.966 3.605 3.599
3.967 3.608 3.601
3.970 3.610 3.602
3.974 3.612 3.603
3.981 3.611 3.604
3.980 3.612 3.599
3.977 3.611 3.596
3.972 3.611 3.593
3.966 3.612 3.586
3.967 3.610 3.580
3.968 3.607 3.585
3.969 3.603 3.594
3.965 3.601 3.604
3.956 3.607 3.601
3.949 3.612 3.594
3.946 3.618 3.589
3.942 3.623 3.585
3.937 3.628 3.581
3.933 3.631 3.577
3.930 3.631 3.572
3.924 3.631 3.568
3.925 3.630 3.567
3.934 3.630 3.561
3.945 3.629 3.556
3.952 3.628 3.551
3.955 3.625 3.553
3.958 3.624 3.556
3.958 3.622 3.561
3.957 3.622 3.564
3.958 3.620 3.558
3.964 3.621 3.549
3.969 3.621 3.541
3.965 3.620 3.535
3.960 3.621 3.531
3.960 3.621 3.537
3.961 3.621 3.537
3.961 3.621 3.523
3.962 3.620 3.513
3.961 3.620 3.514
3.962 3.621 3.514
3.963 3.621 3.512
3.967 3.611 3.520
3.975 3.593 3.527
3.982 3.578 3.535
3.975 3.581 3.542
3.974 3.583 3.544
3.974 3.584 3.548
3.980 3.566 3.561
3.976 3.558 3.566
3.963 3.558 3.576
3.960 3.540 3.592
3.971 3.522 3.592
3.986 3.517 3.592
3.975 3.542 3.582
3.965 3.544 3.587
3.933 3.570 3.602
3.932 3.588 3.622
3.935 3.607 3.610
3.936 3.622 3.604
3.930 3.625 3.584
3.932 3.627 3.567
3.910 3.639 3.564
3.916 3.647 3.570
3.923 3.656 3.572
3.925 3.654 3.591
3.925 3.639 3.595
3.930 3.607 3.617
3.922 3.616 3.632
3.920 3.626 3.633
3.923 3.634 3.633
3.927 3.640 3.630
3.939 3.629 3.630
3.950 3.603 3.644
3.940 3.599 3.659
3.943 3.595 3.655
3.953 3.591 3.657
3.958 3.586 3.653
3.961 3.581 3.659
3.956 3.585 3.673
3.958 3.585 3.669
3.980 3.585 3.656
3.985 3.597 3.659
3.983 3.612 3.654
3.968 3.642 3.643
3.942 3.661 3.656
3.948 3.672 3.650
3.955 3.681 3.631
3.943 3.682 3.647
3.938 3.685 3.643
3.935 3.692 3.638
3.938 3.677 3.658
3.948 3.658 3.664
3.957 3.640 3.653
3.959 3.624 3.660
3.973 3.610 3.647
3.990 3.602 3.639
3.985 3.596 3.650
4.000 3.589 3.654
4.017 3.581 3.650
4.017 3.568 3.652
4.007 3.566 3.640
4.023 3.569 3.640
4.039 3.563 3.655
4.060 3.555 3.649
4.047 3.556 3.650
4.034 3.555 3.642
4.055 3.550 3.623
4.032 3.577 3.618
4.009 3.604 3.619
3.991 3.630 3.601
3.973 3.650 3.595
3.957 3.668 3.581
3.956 3.692 3.558
3.951 3.691 3.562
3.949 3.692 3.559
3.963 3.690 3.543
3.961 3.684 3.552
3.965 3.678 3.566
3.976 3.670 3.575
3.986 3.651 3.575
3.999 3.632 3.572
4.016 3.622 3.575
4.002 3.621 3.598
4.000 3.618 3.587
3.995 3.619 3.572
3.985 3.622 3.563
4.007 3.622 3.540
4.003 3.619 3.532
3.992 3.609 3.544
3.989 3.600 3.557
3.965 3.605 3.582
3.958 3.607 3.564
3.945 3.610 3.547
3.943 3.595 3.567
3.948 3.579 3.586
3.952 3.573 3.589
3.955 3.574 3.588
3.960 3.574 3.589
3.960 3.573 3.604
3.954 3.574 3.613
3.964 3.573 3.626
3.963 3.568 3.632
3.962 3.565 3.629
3.975 3.562 3.629
3.966 3.567 3.632
3.970 3.571 3.634
3.981 3.576 3.627
3.969 3.585 3.635
3.966 3.593 3.629
3.969 3.603 3.619
3.981 3.592 3.634
3.994 3.582 3.648
3.993 3.577 3.641
3.981 3.570 3.650
3.987 3.566 3.641
3.978 3.567 3.646
3.960 3.569 3.632
3.955 3.572 3.613
3.958 3.585 3.596
3.961 3.600 3.581
3.968 3.611 3.571
3.975 3.604 3.584
3.981 3.593 3.586
3.987 3.582 3.586
3.974 3.588 3.588
3.961 3.593 3.591
3.953 3.596 3.593
3.960 3.597 3.596
3.968 3.598 3.600
3.977 3.596 3.605
3.986 3.594 3.610
3.990 3.592 3.615
3.994 3.591 3.608
3.997 3.594 3.598
4.001 3.596 3.590
3.998 3.604 3.582
3.994 3.613 3.574
3.990 3.622 3.570
3.989 3.628 3.566
3.992 3.627 3.565
3.997 3.623 3.566
3.997 3.623 3.564
3.999 3.622 3.562
4.000 3.624 3.559
4.002 3.624 3.556
4.003 3.626 3.552
4.004 3.626 3.550
4.004 3.628 3.550
4.005 3.630 3.550
4.008 3.629 3.550
4.011 3.629 3.551
4.014 3.628 3.552
4.016 3.627 3.552
4.020 3.625 3.547
4.024 3.623 3.545
4.030 3.617 3.545
4.035 3.613 3.543
4.038 3.610 3.543
4.036 3.610 3.543
4.035 3.610 3.543
4.031 3.614 3.542
4.027 3.619 3.540
4.023 3.622 3.539
4.023 3.623 3.538
4.024 3.625 3.536
4.023 3.627 3.535
4.020 3.621 3.539
4.017 3.617 3.542
4.014 3.613 3.547
4.010 3.610 3.552
4.007 3.607 3.555
4.010 3.604 3.558
4.014 3.603 3.558
4.016 3.603 3.561
4.019 3.601 3.562
4.023 3.597 3.565
4.024 3.595 3.567
4.024 3.591 3.569
4.026 3.588 3.572
4.023 3.588 3.572
4.021 3.588 3.574
4.017 3.588 3.576
4.014 3.591 3.575
4.011 3.596 3.571
4.007 3.601 3.567
4.004 3.604 3.564
4.000 3.609 3.562
3.998 3.613 3.559
3.996 3.613 3.561
3.994 3.614 3.562
3.993 3.615 3.562
3.990 3.617 3.562
3.986 3.620 3.559
3.983 3.620 3.560
3.979 3.621 3.562
3.977 3.620 3.564
3.975 3.617 3.565
3.977 3.613 3.566
3.979 3.610 3.567
3.982 3.605 3.569
3.983 3.601 3.571
3.985 3.596 3.573
3.986 3.593 3.575
3.990 3.589 3.576
3.994 3.591 3.573
3.998 3.592 3.568
4.001 3.594 3.566
4.001 3.600 3.563
4.002 3.603 3.562
4.001 3.605 3.561
4.002 3.603 3.562
4.003 3.602 3.564
3.999 3.605 3.566
3.996 3.608 3.569
3.988 3.612 3.570
3.980 3.615 3.569
3.971 3.620 3.569
3.967 3.622 3.569
3.965 3.620 3.567
3.963 3.618 3.565
3.965 3.617 3.564
3.966 3.615 3.564
3.968 3.615 3.562
3.968 3.617 3.559
3.968 3.617 3.557
3.968 3.618 3.557
3.970 3.617 3.559
3.972 3.617 3.559
3.972 3.615 3.561
3.974 3.615 3.561
3.973 3.617 3.560
3.973 3.617 3.562
3.973 3.618 3.562
3.973 3.618 3.562
3.975 3.616 3.563
3.980 3.613 3.563
3.982 3.609 3.564
3.984 3.608 3.564
3.985 3.605 3.564
3.986 3.603 3.564
3.987 3.603 3.562
3.988 3.601 3.563
3.990 3.598 3.564
3.993 3.596 3.565
3.997 3.593 3.564
3.998 3.591 3.564
4.000 3.588 3.565
4.000 3.587 3.566
4.000 3.584 3.569
3.999 3.580 3.570
3.995 3.583 3.570
3.987 3.586 3.571
3.980 3.591 3.572
3.974 3.596 3.573
3.970 3.598 3.574
3.967 3.599 3.575
3.966 3.598 3.576
3.965 3.598 3.576
3.963 3.599 3.574
3.960 3.603 3.569
3.957 3.606 3.565
3.951 3.613 3.561
3.946 3.619 3.557
3.944 3.621 3.557
3.944 3.622 3.557
3.944 3.622 3.557
3.944 3.624 3.555
3.947 3.622 3.556
3.948 3.621 3.555
3.951 3.620 3.555
3.953 3.621 3.553
3.958 3.620 3.554
3.965 3.615 3.554
3.972 3.610 3.554
3.977 3.607 3.553
3.980 3.601 3.554
3.985 3.596 3.552
3.988 3.594 3.552
3.985 3.596 3.551
3.982 3.600 3.551
3.977 3.602 3.550
3.972 3.604 3.552
3.968 3.605 3.552
3.965 3.607 3.552
3.962 3.608 3.550
3.959 3.610 3.552
3.960 3.613 3.549
3.961 3.615 3.547
3.961 3.617 3.546
3.964 3.618 3.545
3.968 3.618 3.545
3.970 3.618 3.546
3.970 3.616 3.548
3.970 3.615 3.548
3.974 3.613 3.550
3.974 3.611 3.552
3.976 3.609 3.556
3.978 3.611 3.554
3.981 3.612 3.552
3.985 3.613 3.550
3.988 3.613 3.547
3.992 3.613 3.546
3.994 3.612 3.545
3.996 3.610 3.546
3.999 3.606 3.547
3.999 3.606 3.549
3.999 3.606 3.547
3.999 3.605 3.549
4.001 3.603 3.552
4.003 3.599 3.556
4.004 3.597 3.558
4.005 3.597 3.559
4.005 3.595 3.563
4.003 3.597 3.562
3.999 3.600 3.562
3.997 3.601 3.561
3.997 3.603 3.560
3.996 3.604 3.559
3.996 3.603 3.560
3.996 3.603 3.557
3.995 3.602 3.557
3.995 3.600 3.558
3.997 3.596 3.560
3.999 3.592 3.559
4.002 3.588 3.559
4.004 3.587 3.558
4.007 3.584 3.556
4.006 3.587 3.554
4.004 3.588 3.554
4.004 3.589 3.554
4.004 3.591 3.553
4.005 3.594 3.550
4.005 3.597 3.549
4.006 3.598 3.547
4.006 3.602 3.545
4.009 3.602 3.545
4.009 3.606 3.541
4.011 3.609 3.538
4.013 3.610 3.537
4.015 3.611 3.534
4.015 3.614 3.532
4.013 3.610 3.534
4.009 3.607 3.535
4.006 3.603 3.538
4.004 3.599 3.541
4.003 3.596 3.542
4.004 3.592 3.543
4.007 3.592 3.541
4.010 3.590 3.540
4.011 3.592 3.540
4.011 3.595 3.538
4.009 3.599 3.535
4.009 3.599 3.538
4.009 3.599 3.540
4.007 3.599 3.540
4.009 3.597 3.545
4.008 3.596 3.547
4.006 3.595 3.548
4.001 3.600 3.546
3.996 3.603 3.542
3.990 3.609 3.538
3.987 3.610 3.535
3.985 3.613 3.533
3.987 3.611 3.531
3.989 3.608 3.534
3.991 3.603 3.536
3.994 3.599 3.538
3.997 3.595 3.540
3.999 3.590 3.543
4.002 3.588 3.541
4.006 3.587 3.542
4.009 3.585 3.540
4.005 3.589 3.539
4.002 3.595 3.537
3.999 3.598 3.538
3.997 3.600 3.538
3.993 3.601 3.541
3.992 3.602 3.542
3.992 3.601 3.543
3.990 3.601 3.545
3.985 3.605 3.545
3.983 3.605 3.544
