3.876    3.490    -0.000
2.863    4.597    -0.000
1.850    5.703    -0.000
0.836    6.810    -0.000
-0.177    7.917    -0.000
-1.191    9.023    -0.000
-2.205    10.129    -0.000
-3.218    11.237    -0.000
-4.231    12.343    -0.000
-5.245    13.449    -0.000
-6.258    14.556    -0.000
-7.272    15.663    -0.000
-8.286    16.769    -0.000
-9.299    17.876    -0.000
-10.312    18.982    -0.000
-11.326    20.088    -0.000
-12.339    21.196    -0.000
-13.352    22.302    -0.000
-14.367    23.408    -0.000
-15.380    24.515    -0.000
-16.393    25.622    -0.000
-17.407    26.728    -0.000
-18.420    27.835    -0.000
-19.433    28.941    -0.000
-20.447    30.048    -0.000
-21.461    31.155    -0.000
-22.474    32.261    -0.000
-23.488    33.367    -0.000
-24.501    34.474    -0.000
-25.514    35.581    -0.000
-26.527    36.688    -0.000
-27.542    37.794    -0.000
-28.555    38.900    -0.000
-29.568    40.008    -0.000
-30.582    41.114    -0.000
-31.595    42.220    -0.000
-32.608    43.327    -0.000
-33.622    44.433    -0.000
-34.636    45.540    -0.000
-35.649    46.647    -0.000
-36.662    47.753    -0.000
-37.675    48.860    -0.000
-38.689    49.967    -0.000
-39.702    51.073    -0.000
-40.715    52.180    -0.000
-41.730    53.286    -0.000
-42.743    54.394    -0.000
-43.756    55.500    -0.000
-44.769    56.607    -0.000
-45.783    57.713    -0.000
-46.796    58.819    -0.000
-47.810    59.927    -0.000
-48.823    61.033    -0.000
-49.836    62.140    -0.000
-50.850    63.246    -0.001
-51.863    64.353    -0.001
-52.877    65.459    -0.001
-53.890    66.566    -0.001
-54.904    67.672    -0.001
-55.917    68.780    -0.001
-56.931    69.886    -0.001
-57.944    70.992    -0.001
-58.958    72.098    -0.001
-59.971    73.205    -0.001
-60.984    74.312    -0.001
-61.998    75.419    -0.001
-63.012    76.525    -0.001
-64.025    77.632    -0.001
-65.038    78.739    -0.001
-66.051    79.846    -0.001
-67.065    80.952    -0.001
-68.079    82.058    -0.001
-69.093    83.165    -0.001
-70.106    84.272    -0.001
-71.119    85.378    -0.001
-72.132    86.485    -0.001
-73.146    87.591    -0.001
-74.159    88.698    -0.001
-75.173    89.805    -0.001
-76.187    90.911    -0.001
-77.200    92.017    -0.001
-78.213    93.125    -0.001
-79.227    94.231    -0.001
-80.240    95.337    -0.001
-81.254    96.444    -0.001
-82.268    97.550    -0.001
-83.281    98.657    -0.001
-84.294    99.764    -0.001
-85.308    100.870    -0.001
-86.321    101.976    -0.001
-87.334    103.084    -0.001
-88.348    104.190    -0.001
-89.362    105.296    -0.001
-90.375    106.403    -0.002
-91.388    107.510    -0.002
-92.401    108.617    -0.002
-93.415    109.723    -0.002
-94.428    110.829    -0.002
-95.443    111.935    -0.002
-96.456    113.043    -0.002
-97.469    114.149    -0.002
-98.482    115.256    -0.002
-99.496    116.362    -0.002
-100.509    117.470    -0.002
-101.523    118.576    -0.002
-102.537    119.682    -0.002
-103.550    120.789    -0.002
-104.631    121.969    -0.002
-105.577    123.002    -0.002
-106.590    124.109    -0.002
-107.603    125.215    -0.002
-108.617    126.322    -0.002
-109.631    127.429    -0.002
-110.712    128.608    -0.002
-111.658    129.641    -0.002
-112.671    130.748    -0.002
-113.684    131.855    -0.002
-114.697    132.962    -0.002
-115.712    134.068    -0.002
-116.725    135.174    -0.003
-117.738    136.281    -0.003
-118.752    137.388    -0.003
-119.765    138.494    -0.003
-120.778    139.601    -0.003
-121.793    140.707    -0.003
-122.806    141.814    -0.003
-123.819    142.921    -0.003
-124.833    144.027    -0.003
-125.846    145.133    -0.003
-126.859    146.241    -0.003
-127.872    147.347    -0.003
-128.886    148.454    -0.003
-129.900    149.560    -0.003
-130.913    150.666    -0.003
-131.927    151.773    -0.003
-132.940    152.880    -0.003
-133.953    153.986    -0.003
-135.035    155.167    -0.003
-135.981    156.200    -0.003
-136.994    157.306    -0.003
-138.008    158.412    -0.003
-139.021    159.519    -0.004
-140.034    160.626    -0.004
-141.116    161.806    -0.004
-142.062    162.839    -0.004
-143.075    163.946    -0.004
-144.088    165.052    -0.004
-145.101    166.160    -0.004
-146.115    167.266    -0.004
-147.197    168.446    -0.004
-148.142    169.478    -0.004
-149.156    170.586    -0.004
-150.169    171.692    -0.004
-151.182    172.799    -0.004
-152.196    173.905    -0.004
-153.209    175.011    -0.004
-154.222    176.119    -0.004
-155.236    177.225    -0.004
-156.250    178.331    -0.004
-157.263    179.438    -0.004
-158.277    180.545    -0.005
-159.290    181.651    -0.005
-160.303    182.758    -0.005
-161.317    183.864    -0.005
-162.331    184.971    -0.005
-163.344    186.078    -0.005
-164.357    187.184    -0.005
-165.438    188.365    -0.005
-166.384    189.397    -0.005
-167.397    190.505    -0.005
-168.411    191.610    -0.005
-169.494    192.790    -0.005
-170.441    193.821    -0.005
-171.455    194.928    -0.005
-172.469    196.033    -0.005
-173.483    197.139    -0.005
-174.497    198.245    -0.005
-175.512    199.350    -0.006
-176.527    200.457    -0.006
-177.541    201.563    -0.006
-178.555    202.668    -0.006
-179.569    203.774    -0.006
-180.583    204.880    -0.006
-181.666    206.059    -0.006
-182.611    207.092    -0.006
-183.625    208.199    -0.006
-184.637    209.306    -0.006
-185.872    210.615    -0.006
-186.882    211.586    -0.006
-187.956    212.633    -0.006
-188.959    213.611    -0.006
-190.105    214.728    -0.006
-191.180    215.776    -0.007
-192.182    216.753    -0.007
-193.327    217.872    -0.007
-194.400    218.920    -0.007
-195.403    219.899    -0.007
-196.551    221.014    -0.007
-197.635    222.052    -0.007
-198.718    223.090    -0.007
-199.802    224.127    -0.007
-200.891    225.160    -0.007
-201.986    226.186    -0.007
-203.080    227.213    -0.007
-204.175    228.239    -0.007
-205.344    229.333    -0.007
-206.445    230.352    -0.008
-207.545    231.372    -0.008
-208.646    232.392    -0.008
-209.830    233.469    -0.008
-210.957    234.459    -0.008
-212.084    235.451    -0.008
-213.286    236.507    -0.008
-214.414    237.496    -0.008
-215.550    238.477    -0.008
-216.686    239.457    -0.008
-217.746    240.372    -0.008
-218.864    241.374    -0.008
-219.981    242.375    -0.008
-221.278    243.476    -0.008
-222.430    244.436    -0.009
-223.583    245.396    -0.009
-224.737    246.357    -0.009
-225.890    247.317    -0.009
-227.049    248.269    -0.009
-228.211    249.218    -0.009
-229.373    250.168    -0.009
-230.535    251.117    -0.009
-231.775    252.130    -0.009
-233.017    253.140    -0.009
-234.117    254.006    -0.009
-235.374    254.997    -0.009
-236.474    255.864    -0.010
-237.652    256.793    -0.010
-238.831    257.722    -0.010
-240.094    258.704    -0.010
-241.292    259.608    -0.010
-242.490    260.512    -0.010
-243.688    261.415    -0.010
-244.886    262.319    -0.010
-246.084    263.224    -0.010
-247.374    264.170    -0.010
-248.587    265.054    -0.010
-249.880    265.996    -0.010
-251.093    266.880    -0.011
-252.225    267.706    -0.011
-253.437    268.590    -0.011
-254.742    269.516    -0.011
-255.967    270.383    -0.011
-257.192    271.249    -0.011
-258.418    272.116    -0.011
-259.643    272.981    -0.011
-260.871    273.843    -0.011
-262.187    274.753    -0.011
-263.339    275.551    -0.011
-264.659    276.456    -0.011
-265.904    277.293    -0.012
-267.152    278.126    -0.012
-268.402    278.958    -0.012
-269.650    279.790    -0.012
-270.903    280.616    -0.012
-272.239    281.498    -0.012
-273.578    282.374    -0.012
-274.846    283.177    -0.012
-276.119    283.971    -0.012
-277.393    284.763    -0.012
-278.667    285.557    -0.012
-279.942    286.347    -0.013
-281.219    287.136    -0.013
-282.496    287.924    -0.013
-283.772    288.714    -0.013
-285.144    289.538    -0.013
-286.519    290.357    -0.013
-287.722    291.075    -0.013
-289.010    291.843    -0.013
-290.299    292.611    -0.013
-291.589    293.380    -0.013
-292.877    294.148    -0.014
-294.252    294.967    -0.014
-295.454    295.685    -0.014
-296.844    296.478    -0.014
-298.150    297.218    -0.014
-299.543    298.007    -0.014
-300.761    298.698    -0.014
-302.067    299.438    -0.014
-303.372    300.177    -0.014
-304.766    300.965    -0.014
-306.084    301.681    -0.014
-307.403    302.397    -0.015
-308.722    303.114    -0.015
-310.040    303.830    -0.015
-311.358    304.546    -0.015
-312.776    305.289    -0.015
-314.196    306.028    -0.015
-315.438    306.674    -0.015
-316.865    307.401    -0.015
-318.205    308.076    -0.015
-319.544    308.752    -0.015
-320.885    309.426    -0.016
-322.228    310.094    -0.016
-323.573    310.761    -0.016
-324.916    311.430    -0.016
-326.258    312.101    -0.016
-327.693    312.810    -0.016
-329.048    313.456    -0.016
-330.402    314.101    -0.016
-331.756    314.748    -0.016
-333.108    315.400    -0.017
-334.459    316.052    -0.017
-335.909    316.730    -0.017
-337.273    317.356    -0.017
-338.639    317.977    -0.017
-340.005    318.598    -0.017
-341.371    319.217    -0.017
-342.743    319.827    -0.017
-344.114    320.437    -0.017
-345.484    321.047    -0.017
-346.952    321.686    -0.018
-348.329    322.282    -0.018
-349.710    322.870    -0.018
-351.093    323.452    -0.018
-352.476    324.034    -0.018
-353.952    324.651    -0.018
-355.341    325.219    -0.018
-356.729    325.788    -0.018
-358.118    326.357    -0.018
-359.604    326.954    -0.019
-361.000    327.504    -0.019
-362.395    328.054    -0.019
-363.791    328.605    -0.019
-365.187    329.156    -0.019
-366.587    329.696    -0.019
-367.991    330.227    -0.019
-369.394    330.759    -0.019
-370.797    331.290    -0.019
-372.200    331.822    -0.020
-373.703    332.372    -0.020
-375.113    332.885    -0.020
-376.524    333.399    -0.020
-377.933    333.913    -0.020
-379.438    334.459    -0.020
-380.855    334.953    -0.020
-382.271    335.449    -0.020
-383.687    335.943    -0.020
-385.109    336.423    -0.021
-386.532    336.901    -0.021
-387.953    337.380    -0.021
-389.472    337.887    -0.021
-390.898    338.351    -0.021
-392.325    338.817    -0.021
-393.751    339.282    -0.021
-395.277    339.769    -0.021
-396.708    340.217    -0.021
-398.045    340.636    -0.022
-399.574    341.107    -0.022
-401.010    341.546    -0.022
-402.444    341.985    -0.022
-403.882    342.414    -0.022
-405.321    342.841    -0.022
-406.759    343.267    -0.022
-408.296    343.717    -0.022
-409.736    344.136    -0.022
-411.178    344.553    -0.023
-412.620    344.968    -0.023
-414.062    345.381    -0.023
-415.505    345.793    -0.023
-416.948    346.205    -0.023
-418.389    346.623    -0.023
-419.733    347.018    -0.023
-421.172    347.441    -0.023
-422.710    347.886    -0.024
-424.152    348.302    -0.024
-425.498    348.691    -0.024
-426.939    349.106    -0.024
-428.381    349.521    -0.024
-429.919    349.965    -0.024
-431.361    350.380    -0.024
-432.706    350.768    -0.024
-434.244    351.212    -0.024
-435.687    351.626    -0.025
-437.129    352.041    -0.025
-438.571    352.455    -0.025
-440.013    352.870    -0.025
-441.455    353.286    -0.025
-442.801    353.674    -0.025
-444.242    354.090    -0.025
-445.684    354.506    -0.025
-447.221    354.951    -0.026
-448.663    355.367    -0.026
-450.104    355.784    -0.026
-451.547    356.199    -0.026
-452.989    356.615    -0.026
-454.335    357.002    -0.026
-455.872    357.446    -0.026
-457.217    357.839    -0.026
-458.752    358.291    -0.027
-460.191    358.715    -0.027
-461.630    359.140    -0.027
-462.973    359.537    -0.027
-464.512    359.979    -0.027
-465.954    360.394    -0.027
-467.396    360.809    -0.027
-468.838    361.223    -0.027
-470.280    361.639    -0.028
-471.722    362.053    -0.028
-473.068    362.440    -0.028
-474.510    362.854    -0.028
-476.048    363.297    -0.028
-477.490    363.711    -0.028
-478.932    364.127    -0.028
-480.277    364.517    -0.029
-481.718    364.937    -0.029
-483.159    365.357    -0.029
-484.599    365.778    -0.029
-486.040    366.198    -0.029
-487.576    366.647    -0.029
-488.920    367.040    -0.029
-490.457    367.487    -0.029
-491.802    367.875    -0.030
-493.341    368.318    -0.030
-494.686    368.706    -0.030
-496.224    369.150    -0.030
-497.570    369.538    -0.030
-499.012    369.954    -0.030
-500.549    370.399    -0.030
-501.990    370.816    -0.031
-503.432    371.234    -0.031
-504.873    371.651    -0.031
-506.314    372.068    -0.031
-507.659    372.457    -0.031
-509.198    372.902    -0.031
-510.639    373.320    -0.031
-512.080    373.737    -0.032
-513.426    374.126    -0.032
-514.963    374.571    -0.032
-516.404    374.988    -0.032
-517.845    375.405    -0.032
-519.191    375.794    -0.032
-520.728    376.239    -0.032
-522.074    376.628    -0.032
-523.612    377.073    -0.033
-525.053    377.490    -0.033
-526.494    377.907    -0.033
-527.840    378.296    -0.033
-529.377    378.741    -0.033
-530.723    379.130    -0.033
-532.164    379.547    -0.034
-533.604    379.968    -0.034
-535.044    380.389    -0.034
-536.484    380.811    -0.034
-537.925    381.233    -0.034
-539.365    381.654    -0.034
-540.805    382.075    -0.034
-542.245    382.498    -0.035
-543.685    382.920    -0.035
-545.124    383.345    -0.035
-546.563    383.769    -0.035
-548.002    384.194    -0.035
-549.442    384.619    -0.035
-550.881    385.043    -0.035
-552.320    385.467    -0.036
-553.759    385.893    -0.036
-555.198    386.317    -0.036
-556.637    386.742    -0.036
-557.973    387.163    -0.036
-559.500    387.644    -0.036
-560.836    388.065    -0.036
-562.363    388.546    -0.037
-563.698    388.967    -0.037
-565.129    389.418    -0.037
-566.560    389.868    -0.037
-567.992    390.318    -0.037
-569.322    390.759    -0.037
-570.744    391.237    -0.038
-572.167    391.715    -0.038
-573.588    392.193    -0.038
-575.106    392.704    -0.038
-576.331    393.140    -0.038
-577.744    393.644    -0.038
-579.157    394.149    -0.038
-580.570    394.653    -0.039
-581.983    395.158    -0.039
-583.287    395.670    -0.039
-584.683    396.221    -0.039
-586.078    396.772    -0.039
-587.474    397.324    -0.039
-588.775    397.839    -0.040
-590.071    398.371    -0.040
-591.547    398.992    -0.040
-592.837    399.535    -0.040
-594.313    400.156    -0.040
-595.417    400.627    -0.040
-596.769    401.277    -0.041
-598.121    401.928    -0.041
-599.473    402.579    -0.041
-600.826    403.229    -0.041
-602.178    403.879    -0.041
-603.341    404.461    -0.041
-604.674    405.150    -0.042
-606.007    405.840    -0.042
-607.429    406.575    -0.042
-608.762    407.264    -0.042
-609.805    407.857    -0.042
-611.106    408.604    -0.042
-612.407    409.352    -0.043
-613.621    410.051    -0.043
-614.810    410.789    -0.043
-616.086    411.581    -0.043
-617.360    412.372    -0.043
-618.542    413.123    -0.043
-619.794    413.952    -0.044
-621.045    414.780    -0.044
-622.297    415.607    -0.044
-623.202    416.232    -0.044
-624.485    417.188    -0.044
-625.689    418.084    -0.044
-626.892    418.980    -0.045
-627.918    419.779    -0.045
-629.093    420.715    -0.045
-630.266    421.649    -0.045
-631.275    422.469    -0.045
-632.331    423.389    -0.045
-633.462    424.375    -0.046
-634.509    425.306    -0.046
-635.538    426.255    -0.046
-636.622    427.294    -0.046
-637.701    428.335    -0.046
-638.617    429.259    -0.046
-639.671    430.327    -0.047
-640.709    431.410    -0.047
-641.667    432.432    -0.047
-642.595    433.481    -0.047
-643.597    434.598    -0.047
-644.453    435.576    -0.047
-645.354    436.649    -0.048
-646.289    437.823    -0.048
-647.084    438.852    -0.048
-648.059    440.120    -0.048
-648.909    441.235    -0.048
-649.682    442.280    -0.048
-650.480    443.432    -0.049
-651.256    444.597    -0.049
-652.070    445.858    -0.049
-652.814    447.045    -0.049
-653.526    448.250    -0.049
-654.279    449.548    -0.049
-654.927    450.675    -0.050
-655.635    451.998    -0.050
-656.285    453.239    -0.050
-656.916    454.488    -0.050
-657.575    455.837    -0.050
-658.180    457.100    -0.050
-658.704    458.290    -0.050
-659.206    459.489    -0.051
-659.806    460.973    -0.051
-660.325    462.275    -0.051
-660.827    463.582    -0.051
-661.339    464.992    -0.051
-661.793    466.317    -0.051
-662.189    467.555    -0.052
-662.599    468.895    -0.052
-663.000    470.340    -0.052
-663.366    471.693    -0.052
-663.741    473.146    -0.052
-664.045    474.409    -0.052
-664.319    475.680    -0.052
-664.613    477.152    -0.052
-664.884    478.628    -0.053
-665.118    480.009    -0.053
-665.320    481.394    -0.053
-665.523    482.882    -0.053
-665.680    484.172    -0.053
-665.844    485.664    -0.053
-665.980    487.057    -0.053
-666.102    488.553    -0.054
-666.174    489.851    -0.054
-666.244    491.350    -0.054
-666.295    492.750    -0.054
-666.299    494.050    -0.054
-666.322    495.451    -0.054
-666.295    496.850    -0.054
-666.256    498.451    -0.054
-666.202    499.649    -0.054
-666.088    501.245    -0.055
-665.983    502.642    -0.055
-665.861    504.037    -0.055
-665.713    505.430    -0.055
-665.535    506.718    -0.055
-665.304    508.302    -0.055
-665.106    509.586    -0.055
-664.841    511.064    -0.055
-664.578    512.439    -0.055
-664.315    513.713    -0.055
-663.998    515.179    -0.055
-663.677    516.542    -0.055
-663.370    517.806    -0.056
-662.982    519.152    -0.056
-662.531    520.687    -0.056
-662.153    521.931    -0.056
-661.671    523.458    -0.056
-661.278    524.591    -0.056
-660.758    525.999    -0.056
-660.240    527.407    -0.056
-659.762    528.616    -0.056
-659.197    530.007    -0.056
-658.666    531.194    -0.056
-658.042    532.559    -0.056
-657.447    533.826    -0.056
-656.834    535.086    -0.056
-656.157    536.425    -0.056
-655.555    537.577    -0.056
-654.845    538.899    -0.056
-654.193    540.026    -0.056
-653.427    541.315    -0.056
-652.704    542.515    -0.057
-652.012    543.615    -0.057
-651.180    544.864    -0.057
-650.349    546.113    -0.057
-649.599    547.176    -0.057
-648.767    548.302    -0.057
-647.810    549.586    -0.057
-647.027    550.624    -0.057
-646.098    551.803    -0.057
-645.265    552.800    -0.057
-644.361    553.870    -0.057
-643.380    555.005    -0.057
-642.509    555.971    -0.057
-641.490    557.073    -0.057
-640.527    558.089    -0.057
-639.528    559.072    -0.057
-638.459    560.124    -0.057
-637.523    561.028    -0.057
-636.427    562.052    -0.057
-635.377    562.977    -0.057
-634.308    563.882    -0.057
-633.232    564.779    -0.056
-632.221    565.598    -0.056
-631.026    566.506    -0.056
-629.756    567.479    -0.056
-628.642    568.327    -0.056
-627.582    569.080    -0.056
-626.424    569.870    -0.056
-625.178    570.705    -0.056
-624.005    571.470    -0.056
-622.896    572.148    -0.056
-621.610    572.922    -0.056
-620.484    573.571    -0.056
-619.166    574.290    -0.056
-617.848    575.007    -0.056
-616.694    575.606    -0.056
-615.438    576.226    -0.056
-614.086    576.877    -0.056
-612.645    577.574    -0.056
-611.550    578.064    -0.056
-610.352    578.571    -0.055
-608.955    579.117    -0.055
-607.555    579.657    -0.055
-606.151    580.186    -0.055
-604.837    580.672    -0.055
-603.598    581.068    -0.055
-602.351    581.436    -0.055
-600.911    581.856    -0.055
-599.469    582.271    -0.055
-598.209    582.597    -0.055
-596.849    582.928    -0.055
-595.386    583.262    -0.055
-593.923    583.595    -0.054
-592.647    583.843    -0.054
-591.171    584.114    -0.054
-589.791    584.354    -0.054
-588.503    584.538    -0.054
-587.115    584.721    -0.054
-585.625    584.897    -0.054
-584.233    585.047    -0.054
-582.738    585.179    -0.054
-581.440    585.269    -0.053
-579.942    585.350    -0.053
-578.543    585.400    -0.053
-577.043    585.455    -0.053
-575.843    585.482    -0.053
-574.343    585.457    -0.053
-572.843    585.431    -0.053
-571.342    585.406    -0.053
-570.145    585.318    -0.052
-568.649    585.203    -0.052
-567.153    585.088    -0.052
-565.760    584.940    -0.052
-564.369    584.783    -0.052
-563.083    584.590    -0.052
-561.599    584.368    -0.052
-560.314    584.172    -0.051
-558.839    583.891    -0.051
-557.365    583.610    -0.051
-555.892    583.329    -0.051
-554.725    583.041    -0.051
-553.270    582.677    -0.051
-551.814    582.314    -0.051
-550.358    581.949    -0.050
-549.198    581.645    -0.050
-547.860    581.230    -0.050
-546.427    580.786    -0.050
-545.102    580.333    -0.050
-543.688    579.830    -0.050
-542.274    579.329    -0.049
-540.859    578.826    -0.049
-539.749    578.372    -0.049
-538.362    577.799    -0.049
-536.974    577.227    -0.049
-535.587    576.655    -0.049
-534.491    576.168    -0.048
-533.133    575.527    -0.048
-531.777    574.887    -0.048
-530.518    574.274    -0.048
-529.180    573.595    -0.048
-528.030    572.988    -0.048
-526.716    572.263    -0.047
-525.401    571.540    -0.047
-524.087    570.816    -0.047
-522.773    570.091    -0.047
-521.730    569.497    -0.047
-520.360    568.669    -0.047
-519.076    567.893    -0.046
-517.976    567.200    -0.046
-516.718    566.381    -0.046
-515.460    565.564    -0.046
-514.201    564.747    -0.046
-513.219    564.058    -0.046
-511.912    563.133    -0.045
-510.687    562.266    -0.045
-509.462    561.399    -0.045
-508.321    560.588    -0.045
-507.210    559.736    -0.045
-506.098    558.883    -0.045
-504.829    557.908    -0.044
-503.732    557.037    -0.044
-502.641    556.159    -0.044
-501.472    555.218    -0.044
-500.303    554.278    -0.044
-499.134    553.337    -0.044
-498.136    552.503    -0.043
-496.924    551.458    -0.043
-495.863    550.543    -0.043
-494.652    549.498    -0.043
-493.683    548.630    -0.043
-492.498    547.555    -0.043
-491.461    546.614    -0.042
-490.275    545.539    -0.042
-489.316    544.660    -0.042
-488.213    543.643    -0.042
-487.036    542.557    -0.042
-486.105    541.650    -0.042
-485.035    540.597    -0.041
-484.037    539.615    -0.041
-482.897    538.492    -0.041
-481.827    537.440    -0.041
-480.847    536.439    -0.041
-479.798    535.366    -0.041
-478.749    534.293    -0.040
-477.701    533.220    -0.040
-476.652    532.147    -0.040
-475.602    531.074    -0.040
-474.554    530.001    -0.040
-473.649    529.067    -0.040
-472.633    527.962    -0.039
-471.619    526.856    -0.039
-470.605    525.750    -0.039
-469.591    524.644    -0.039
-468.577    523.539    -0.039
-467.562    522.433    -0.039
-466.548    521.327    -0.038
-465.533    520.221    -0.038
-464.519    519.115    -0.038
-463.505    518.010    -0.038
-462.490    516.904    -0.038
-461.476    515.798    -0.038
-460.462    514.692    -0.037
-459.448    513.587    -0.037
-458.433    512.481    -0.037
-457.418    511.376    -0.037
-456.404    510.269    -0.037
-455.390    509.163    -0.037
-454.376    508.058    -0.036
-453.362    506.952    -0.036
-452.347    505.846    -0.036
-451.332    504.740    -0.036
-450.318    503.635    -0.036
-449.304    502.529    -0.036
-448.289    501.424    -0.036
-447.275    500.317    -0.035
-446.261    499.212    -0.035
-445.247    498.106    -0.035
-444.232    497.000    -0.035
-443.217    495.894    -0.035
-442.203    494.788    -0.035
-441.189    493.683    -0.034
-440.175    492.577    -0.034
-439.161    491.472    -0.034
-438.145    490.365    -0.034
-437.131    489.260    -0.034
-436.117    488.154    -0.034
-435.103    487.049    -0.033
-434.089    485.942    -0.033
-433.074    484.836    -0.033
-432.060    483.731    -0.033
-431.045    482.625    -0.033
-430.031    481.520    -0.033
-429.016    480.413    -0.033
-428.002    479.308    -0.032
-426.988    478.202    -0.032
-425.974    477.097    -0.032
-424.960    475.990    -0.032
-423.944    474.885    -0.032
-422.930    473.779    -0.032
-421.916    472.674    -0.032
-420.902    471.568    -0.031
-419.888    470.461    -0.031
-418.873    469.356    -0.031
-417.859    468.250    -0.031
-416.844    467.145    -0.031
-415.830    466.038    -0.031
-414.816    464.933    -0.030
-413.801    463.827    -0.030
-412.787    462.722    -0.030
-411.773    461.616    -0.030
-410.759    460.510    -0.030
-409.744    459.404    -0.030
-408.729    458.298    -0.030
-407.715    457.193    -0.029
-406.701    456.086    -0.029
-405.687    454.981    -0.029
-404.672    453.875    -0.029
-403.658    452.770    -0.029
-402.643    451.664    -0.029
-401.629    450.558    -0.029
-400.615    449.452    -0.028
-399.600    448.347    -0.028
-398.586    447.241    -0.028
-397.572    446.134    -0.028
-396.558    445.029    -0.028
-395.543    443.923    -0.028
-394.528    442.818    -0.028
-393.514    441.712    -0.027
-392.500    440.606    -0.027
-391.486    439.500    -0.027
-390.472    438.395    -0.027
-389.456    437.289    -0.027
-388.442    436.183    -0.027
-387.428    435.077    -0.027
-386.414    433.971    -0.027
-385.400    432.866    -0.026
-384.385    431.760    -0.026
-383.371    430.654    -0.026
-382.356    429.548    -0.026
-381.342    428.443    -0.026
-380.327    427.337    -0.026
-379.313    426.231    -0.026
-378.299    425.125    -0.025
-377.285    424.020    -0.025
-376.271    422.914    -0.025
-375.255    421.808    -0.025
-374.241    420.702    -0.025
-373.227    419.596    -0.025
-372.213    418.491    -0.025
-371.199    417.385    -0.024
-370.184    416.279    -0.024
-369.170    415.173    -0.024
-368.155    414.068    -0.024
-367.141    412.962    -0.024
-366.127    411.857    -0.024
-365.112    410.750    -0.024
-364.098    409.645    -0.024
-363.084    408.539    -0.023
-362.070    407.433    -0.023
-361.054    406.327    -0.023
-360.040    405.221    -0.023
-359.026    404.116    -0.023
-358.012    403.010    -0.023
-356.998    401.905    -0.023
-355.983    400.798    -0.023
-354.969    399.693    -0.022
-353.954    398.587    -0.022
-352.940    397.482    -0.022
-351.926    396.375    -0.022
-350.911    395.269    -0.022
-349.897    394.164    -0.022
-348.883    393.058    -0.022
-347.869    391.953    -0.022
-346.854    390.846    -0.021
-345.839    389.741    -0.021
-344.825    388.635    -0.021
-343.811    387.530    -0.021
-342.797    386.423    -0.021
-341.783    385.318    -0.021
-340.767    384.212    -0.021
-339.753    383.106    -0.021
-338.739    382.001    -0.020
-337.725    380.894    -0.020
-336.710    379.789    -0.020
-335.696    378.684    -0.020
-334.678    377.581    -0.020
-333.660    376.477    -0.020
-332.643    375.375    -0.020
-331.625    374.272    -0.020
-330.613    373.165    -0.020
-329.601    372.057    -0.019
-328.589    370.949    -0.019
-327.573    369.844    -0.019
-326.556    368.741    -0.019
-325.539    367.638    -0.019
-324.523    366.534    -0.019
-323.509    365.427    -0.019
-322.495    364.321    -0.019
-321.481    363.216    -0.018
-320.467    362.110    -0.018
-319.452    361.004    -0.018
-318.437    359.898    -0.018
-317.423    358.792    -0.018
-316.409    357.687    -0.018
-315.394    356.582    -0.018
-314.380    355.475    -0.018
-313.365    354.370    -0.018
-312.350    353.265    -0.017
-311.335    352.160    -0.017
-310.323    351.051    -0.017
-309.313    349.942    -0.017
-308.302    348.834    -0.017
-307.289    347.727    -0.017
-306.277    346.619    -0.017
-305.263    345.512    -0.017
-304.250    344.405    -0.017
-303.237    343.299    -0.016
-302.224    342.192    -0.016
-301.211    341.084    -0.016
-300.198    339.978    -0.016
-299.184    338.871    -0.016
-298.170    337.765    -0.016
-297.157    336.658    -0.016
-296.144    335.551    -0.016
-295.132    334.443    -0.016
-294.120    333.336    -0.016
-293.106    332.229    -0.015
-292.092    331.123    -0.015
-291.078    330.017    -0.015
-290.064    328.911    -0.015
-289.050    327.805    -0.015
-288.037    326.698    -0.015
-287.024    325.591    -0.015
-286.011    324.483    -0.015
-284.999    323.376    -0.015
-283.987    322.268    -0.014
-282.974    321.161    -0.014
-281.961    320.054    -0.014
-280.947    318.948    -0.014
-279.933    317.842    -0.014
-278.918    316.736    -0.014
-277.904    315.630    -0.014
-276.891    314.524    -0.014
-275.879    313.416    -0.014
-274.866    312.308    -0.014
-273.853    311.202    -0.013
-272.839    310.096    -0.013
-271.825    308.990    -0.013
-270.811    307.882    -0.013
-269.798    306.776    -0.013
-268.784    305.670    -0.013
-267.771    304.564    -0.013
-266.756    303.458    -0.013
-265.741    302.352    -0.013
-264.727    301.247    -0.013
-263.712    300.141    -0.013
-262.699    299.035    -0.012
-261.687    297.926    -0.012
-260.675    296.819    -0.012
-259.662    295.712    -0.012
-258.648    294.605    -0.012
-257.636    293.497    -0.012
-256.623    292.390    -0.012
-255.610    291.283    -0.012
-254.598    290.177    -0.012
-253.585    289.070    -0.012
-252.572    287.962    -0.012
-251.557    286.856    -0.011
-250.543    285.750    -0.011
-249.529    284.645    -0.011
-248.515    283.538    -0.011
-247.500    282.433    -0.011
-246.487    281.327    -0.011
-245.473    280.220    -0.011
-244.461    279.111    -0.011
-243.448    278.004    -0.011
-242.436    276.897    -0.011
-241.424    275.790    -0.011
-240.411    274.683    -0.010
-239.396    273.577    -0.010
-238.379    272.474    -0.010
-237.362    271.370    -0.010
-236.346    270.267    -0.010
-235.329    269.163    -0.010
-234.313    268.059    -0.010
-233.297    266.955    -0.010
-232.280    265.851    -0.010
-231.263    264.748    -0.010
-230.248    263.642    -0.010
-229.236    262.534    -0.010
-228.224    261.427    -0.009
-227.212    260.319    -0.009
-226.200    259.212    -0.009
-225.188    258.103    -0.009
-224.175    256.996    -0.009
-223.162    255.889    -0.009
-222.148    254.783    -0.009
-221.135    253.676    -0.009
-220.121    252.569    -0.009
-219.108    251.463    -0.009
-218.093    250.358    -0.009
-217.079    249.251    -0.009
-216.065    248.145    -0.008
-215.052    247.038    -0.008
-214.040    245.931    -0.008
-213.027    244.824    -0.008
-212.015    243.715    -0.008
-211.002    242.608    -0.008
-209.989    241.502    -0.008
-208.974    240.397    -0.008
-207.959    239.291    -0.008
-206.943    238.186    -0.008
-205.928    237.082    -0.008
-204.912    235.978    -0.008
-203.896    234.873    -0.008
-202.880    233.768    -0.008
-201.864    232.664    -0.007
-200.849    231.560    -0.007
-199.833    230.456    -0.007
-198.817    229.351    -0.007
-197.804    228.244    -0.007
-196.792    227.136    -0.007
-195.780    226.028    -0.007
-194.769    224.920    -0.007
-193.758    223.811    -0.007
-192.746    222.702    -0.007
-191.734    221.595    -0.007
-190.723    220.486    -0.007
-189.713    219.375    -0.007
-188.702    218.267    -0.007
-187.687    217.163    -0.006
-186.669    216.060    -0.006
-185.651    214.957    -0.006
-184.634    213.854    -0.006
-183.615    212.752    -0.006
-182.600    211.647    -0.006
-181.589    210.539    -0.006
-180.578    209.430    -0.006
-179.566    208.321    -0.006
-178.555    207.213    -0.006
-177.544    206.105    -0.006
-176.531    204.996    -0.006
-175.516    203.891    -0.006
-174.501    202.787    -0.006
-173.485    201.682    -0.006
-172.470    200.578    -0.005
-171.456    199.471    -0.005
-170.441    198.366    -0.005
-169.426    197.260    -0.005
-168.412    196.155    -0.005
-167.398    195.048    -0.005
-166.386    193.941    -0.005
-165.374    192.833    -0.005
-164.362    191.726    -0.005
-163.349    190.617    -0.005
-162.337    189.510    -0.005
-161.325    188.402    -0.005
-160.313    187.294    -0.005
-159.301    186.187    -0.005
-158.289    185.078    -0.005
-157.277    183.971    -0.005
-156.264    182.863    -0.005
-155.251    181.756    -0.004
-154.239    180.648    -0.004
-153.227    179.541    -0.004
-152.214    178.433    -0.004
-151.201    177.327    -0.004
-150.186    176.220    -0.004
-149.173    175.114    -0.004
-148.160    174.007    -0.004
-147.146    172.901    -0.004
-146.133    171.794    -0.004
-145.119    170.688    -0.004
-144.105    169.582    -0.004
-143.091    168.476    -0.004
-142.077    167.370    -0.004
-141.064    166.262    -0.004
-140.050    165.156    -0.004
-139.037    164.050    -0.004
-138.023    162.944    -0.004
-137.008    161.837    -0.004
-135.995    160.731    -0.003
-134.981    159.625    -0.003
-133.969    158.518    -0.003
-132.956    157.411    -0.003
-131.943    156.303    -0.003
-130.933    155.194    -0.003
-129.922    154.084    -0.003
-128.913    152.975    -0.003
-127.902    151.865    -0.003
-126.890    150.757    -0.003
-125.878    149.649    -0.003
-124.866    148.542    -0.003
-123.853    147.433    -0.003
-122.841    146.326    -0.003
-121.829    145.219    -0.003
-120.816    144.112    -0.003
-119.804    143.003    -0.003
-118.792    141.896    -0.003
-117.779    140.789    -0.003
-116.766    139.682    -0.003
-115.753    138.574    -0.003
-114.741    137.467    -0.003
-113.728    136.360    -0.002
-112.716    135.252    -0.002
-111.703    134.146    -0.002
-110.689    133.038    -0.002
-109.676    131.931    -0.002
-108.663    130.824    -0.002
-107.649    129.719    -0.002
-106.635    128.612    -0.002
-105.621    127.507    -0.002
-104.607    126.401    -0.002
-103.592    125.295    -0.002
-102.577    124.190    -0.002
-101.563    123.084    -0.002
-100.549    121.978    -0.002
-99.535    120.872    -0.002
-98.520    119.767    -0.002
-97.506    118.661    -0.002
-96.490    117.555    -0.002
-95.476    116.450    -0.002
-94.465    115.341    -0.002
-93.455    114.232    -0.002
-92.444    113.123    -0.002
-91.433    112.014    -0.002
-90.421    110.905    -0.002
-89.411    109.796    -0.002
-88.400    108.687    -0.002
-87.389    107.579    -0.002
-86.375    106.473    -0.001
-85.361    105.367    -0.001
-84.346    104.260    -0.001
-83.331    103.155    -0.001
-82.317    102.050    -0.001
-81.303    100.944    -0.001
-80.288    99.838    -0.001
-79.275    98.732    -0.001
-78.262    97.625    -0.001
-77.247    96.519    -0.001
-76.234    95.412    -0.001
-75.221    94.305    -0.001
-74.208    93.199    -0.001
-73.195    92.092    -0.001
-72.182    90.985    -0.001
-71.168    89.878    -0.001
-70.153    88.773    -0.001
-69.138    87.668    -0.001
-68.124    86.562    -0.001
-67.109    85.457    -0.001
-66.095    84.351    -0.001
-65.080    83.245    -0.001
-64.065    82.141    -0.001
-63.050    81.035    -0.001
-62.035    79.929    -0.001
-61.020    78.824    -0.001
-60.005    77.719    -0.001
-58.990    76.615    -0.001
-57.975    75.510    -0.001
-56.960    74.404    -0.001
-55.944    73.299    -0.001
-54.929    72.194    -0.001
-53.916    71.088    -0.001
-52.903    69.980    -0.001
-51.890    68.874    -0.001
-50.877    67.767    -0.001
-49.862    66.661    -0.001
-48.846    65.557    -0.001
-47.830    64.452    -0.001
-46.814    63.349    -0.000
-45.797    62.245    -0.000
-44.781    61.142    -0.000
-43.764    60.037    -0.000
-42.753    58.929    -0.000
-41.742    57.820    -0.000
-40.731    56.711    -0.000
-39.720    55.602    -0.000
-38.702    54.500    -0.000
-37.684    53.398    -0.000
-36.666    52.296    -0.000
-35.648    51.193    -0.000
-34.630    50.089    -0.000
-33.618    48.982    -0.000
-32.605    47.875    -0.000
-31.591    46.769    -0.000
-30.577    45.664    -0.000
-29.562    44.558    -0.000
-28.546    43.453    -0.000
-27.532    42.348    -0.000
-26.589    41.312    -0.000
-25.511    40.128    -0.000
-24.501    39.019    -0.000
-23.488    37.913    -0.000
-22.397    36.741    -0.000
-21.443    35.716    -0.000
-20.420    34.617    -0.000
-19.479    33.581    -0.000
-18.403    32.396    -0.000
-17.461    31.359    -0.000
-16.384    30.175    -0.000
-15.373    29.067    -0.000
-14.361    27.959    -0.000
-13.349    26.851    -0.000
-12.330    25.749    -0.000
-11.311    24.648    -0.000
-10.291    23.547    -0.000
-9.277    22.441    -0.000
-8.266    21.333    -0.000
-7.253    20.225    -0.000
-6.241    19.117    -0.000
-5.230    18.008    -0.000
-4.220    16.899    -0.000
-3.210    15.789    -0.000
-2.199    14.680    -0.000
-1.186    13.573    -0.000
-0.173    12.466    -0.000
0.839    11.358    -0.000
1.852    10.251    -0.000
2.865    9.144    -0.000
3.878    8.037    -0.000
4.891    6.931    -0.000
5.905    5.823    -0.000
6.919    4.718    -0.000
7.934    3.613    -0.000
8.950    2.509    -0.000
9.966    1.404    -0.000
10.978    0.297    -0.000
11.991    -0.811    -0.000
13.004    -1.918    -0.000
14.016    -3.025    -0.000
15.029    -4.133    -0.000
16.041    -5.241    -0.000
17.054    -6.347    -0.000
18.068    -7.453    -0.000
19.082    -8.560    -0.000
20.096    -9.666    -0.000
21.110    -10.772    -0.000
22.123    -11.878    -0.000
23.138    -12.984    -0.000
24.152    -14.090    -0.000
25.166    -15.195    -0.000
26.181    -16.301    -0.000
27.195    -17.407    -0.000
28.209    -18.514    -0.000
29.224    -19.619    -0.000
30.234    -20.728    -0.000
31.243    -21.838    -0.000
32.254    -22.949    -0.000
33.264    -24.058    -0.000
34.275    -25.166    -0.000
35.288    -26.273    -0.000
36.301    -27.380    -0.000
37.315    -28.486    -0.000
38.330    -29.592    -0.000
39.347    -30.695    -0.000
40.364    -31.798    -0.000
41.382    -32.901    -0.000
42.399    -34.004    -0.000
43.409    -35.114    -0.000
44.419    -36.223    -0.000
45.430    -37.333    -0.000
46.442    -38.441    -0.000
47.458    -39.545    -0.000
48.474    -40.649    -0.000
49.490    -41.753    -0.000
50.502    -42.862    -0.000
51.512    -43.970    -0.000
52.525    -45.078    -0.000
53.536    -46.187    -0.000
54.550    -47.293    -0.000
55.564    -48.399    -0.000
56.578    -49.505    -0.000
57.592    -50.610    -0.000
58.606    -51.717    -0.000
59.621    -52.823    -0.000
60.635    -53.929    -0.001
61.649    -55.034    -0.001
62.663    -56.140    -0.001
63.677    -57.247    -0.001
64.688    -58.356    -0.001
65.700    -59.464    -0.001
66.711    -60.572    -0.001
67.724    -61.680    -0.001
68.737    -62.786    -0.001
69.751    -63.892    -0.001
70.764    -64.998    -0.001
71.779    -66.105    -0.001
72.795    -67.210    -0.001
73.810    -68.315    -0.001
74.825    -69.419    -0.001
75.838    -70.526    -0.001
76.850    -71.634    -0.001
77.863    -72.741    -0.001
78.876    -73.847    -0.001
79.892    -74.953    -0.001
80.906    -76.059    -0.001
81.921    -77.164    -0.001
82.935    -78.270    -0.001
83.946    -79.378    -0.001
84.958    -80.487    -0.001
85.972    -81.593    -0.001
86.986    -82.699    -0.001
88.001    -83.804    -0.001
89.015    -84.910    -0.001
90.029    -86.017    -0.001
91.042    -87.123    -0.001
92.056    -88.228    -0.001
93.071    -89.334    -0.001
94.085    -90.441    -0.001
95.099    -91.547    -0.001
96.112    -92.654    -0.001
97.124    -93.761    -0.001
98.137    -94.868    -0.001
99.149    -95.976    -0.001
100.164    -97.082    -0.002
101.177    -98.189    -0.002
102.190    -99.296    -0.002
103.203    -100.403    -0.002
104.216    -101.510    -0.002
105.228    -102.617    -0.002
106.243    -103.723    -0.002
107.256    -104.831    -0.002
108.269    -105.937    -0.002
109.282    -107.044    -0.002
110.296    -108.149    -0.002
111.310    -109.255    -0.002
112.324    -110.362    -0.002
113.340    -111.467    -0.002
114.354    -112.572    -0.002
115.369    -113.678    -0.002
116.382    -114.785    -0.002
117.395    -115.892    -0.002
118.408    -116.998    -0.002
119.422    -118.104    -0.002
120.435    -119.213    -0.002
121.447    -120.320    -0.002
122.459    -121.428    -0.002
123.471    -122.535    -0.002
124.484    -123.642    -0.002
125.499    -124.748    -0.002
126.514    -125.853    -0.002
127.529    -126.958    -0.003
128.544    -128.063    -0.003
129.559    -129.169    -0.003
130.575    -130.273    -0.003
131.590    -131.377    -0.003
132.606    -132.482    -0.003
133.622    -133.587    -0.003
134.636    -134.693    -0.003
135.651    -135.798    -0.003
136.663    -136.905    -0.003
137.674    -138.014    -0.003
138.685    -139.123    -0.003
139.697    -140.231    -0.003
140.711    -141.338    -0.003
141.724    -142.444    -0.003
142.738    -143.551    -0.003
143.753    -144.656    -0.003
144.767    -145.762    -0.003
145.781    -146.867    -0.003
146.795    -147.973    -0.003
147.810    -149.080    -0.003
148.824    -150.185    -0.004
149.838    -151.291    -0.004
150.852    -152.397    -0.004
151.866    -153.504    -0.004
152.880    -154.610    -0.004
153.894    -155.716    -0.004
154.908    -156.821    -0.004
155.922    -157.927    -0.004
156.936    -159.034    -0.004
157.949    -160.141    -0.004
158.961    -161.248    -0.004
159.974    -162.355    -0.004
160.987    -163.463    -0.004
162.000    -164.570    -0.004
163.013    -165.677    -0.004
164.025    -166.784    -0.004
165.038    -167.892    -0.004
166.050    -168.999    -0.004
167.063    -170.106    -0.004
168.077    -171.213    -0.005
169.090    -172.319    -0.005
170.103    -173.427    -0.005
171.116    -174.533    -0.005
172.130    -175.639    -0.005
173.144    -176.745    -0.005
174.158    -177.852    -0.005
175.172    -178.958    -0.005
176.186    -180.064    -0.005
177.200    -181.170    -0.005
178.213    -182.277    -0.005
179.227    -183.383    -0.005
180.241    -184.489    -0.005
181.255    -185.595    -0.005
182.269    -186.702    -0.005
183.282    -187.809    -0.005
184.295    -188.916    -0.005
185.308    -190.022    -0.006
186.322    -191.129    -0.006
187.335    -192.236    -0.006
188.349    -193.342    -0.006
189.361    -194.450    -0.006
190.374    -195.557    -0.006
191.386    -196.665    -0.006
192.398    -197.772    -0.006
193.411    -198.880    -0.006
194.424    -199.987    -0.006
195.437    -201.094    -0.006
196.449    -202.202    -0.006
197.462    -203.309    -0.006
198.475    -204.416    -0.006
199.487    -205.523    -0.006
200.500    -206.631    -0.007
201.513    -207.738    -0.007
202.525    -208.845    -0.007
203.538    -209.953    -0.007
204.550    -211.061    -0.007
205.564    -212.166    -0.007
206.580    -213.270    -0.007
207.597    -214.374    -0.007
208.613    -215.478    -0.007
209.628    -216.584    -0.007
210.641    -217.691    -0.007
211.653    -218.798    -0.007
212.666    -219.905    -0.007
213.678    -221.013    -0.007
214.691    -222.121    -0.007
215.704    -223.228    -0.008
216.716    -224.335    -0.008
217.729    -225.443    -0.008
218.742    -226.549    -0.008
219.756    -227.656    -0.008
220.770    -228.762    -0.008
221.784    -229.868    -0.008
222.797    -230.975    -0.008
223.812    -232.080    -0.008
224.826    -233.186    -0.008
225.841    -234.291    -0.008
226.856    -235.396    -0.008
227.872    -236.502    -0.008
228.886    -237.607    -0.009
229.901    -238.712    -0.009
230.916    -239.816    -0.009
231.931    -240.922    -0.009
232.946    -242.027    -0.009
233.961    -243.132    -0.009
234.977    -244.237    -0.009
235.991    -245.343    -0.009
237.006    -246.448    -0.009
238.021    -247.553    -0.009
239.036    -248.658    -0.009
240.051    -249.763    -0.009
241.064    -250.870    -0.010
242.074    -251.981    -0.010
243.083    -253.091    -0.010
244.092    -254.201    -0.010
245.106    -255.308    -0.010
246.120    -256.414    -0.010
247.134    -257.519    -0.010
248.149    -258.625    -0.010
249.164    -259.731    -0.010
250.178    -260.837    -0.010
251.193    -261.942    -0.010
252.207    -263.048    -0.010
253.221    -264.153    -0.011
254.235    -265.260    -0.011
255.250    -266.366    -0.011
256.264    -267.472    -0.011
257.277    -268.578    -0.011
258.291    -269.685    -0.011
259.304    -270.791    -0.011
260.316    -271.899    -0.011
261.328    -273.007    -0.011
262.340    -274.116    -0.011
263.352    -275.224    -0.011
264.363    -276.332    -0.011
265.376    -277.439    -0.012
266.389    -278.545    -0.012
267.403    -279.652    -0.012
268.418    -280.758    -0.012
269.431    -281.864    -0.012
270.445    -282.970    -0.012
271.459    -284.077    -0.012
272.472    -285.183    -0.012
273.485    -286.290    -0.012
274.498    -287.397    -0.012
275.511    -288.505    -0.012
276.523    -289.612    -0.013
277.536    -290.719    -0.013
278.550    -291.825    -0.013
279.563    -292.931    -0.013
280.577    -294.038    -0.013
281.591    -295.144    -0.013
282.606    -296.250    -0.013
283.620    -297.355    -0.013
284.636    -298.461    -0.013
285.651    -299.565    -0.013
286.667    -300.669    -0.014
287.683    -301.773    -0.014
288.699    -302.877    -0.014
289.713    -303.985    -0.014
290.724    -305.093    -0.014
291.735    -306.202    -0.014
292.746    -307.310    -0.014
293.757    -308.419    -0.014
294.769    -309.527    -0.014
295.784    -310.633    -0.014
296.799    -311.738    -0.015
297.815    -312.843    -0.015
298.830    -313.947    -0.015
299.846    -315.051    -0.015
300.862    -316.155    -0.015
301.877    -317.260    -0.015
302.890    -318.369    -0.015
303.902    -319.476    -0.015
304.914    -320.584    -0.015
305.926    -321.691    -0.015
306.940    -322.798    -0.016
307.956    -323.902    -0.016
308.972    -325.006    -0.016
309.989    -326.110    -0.016
311.005    -327.214    -0.016
312.020    -328.319    -0.016
313.031    -329.427    -0.016
314.042    -330.536    -0.016
315.054    -331.644    -0.016
316.065    -332.753    -0.017
317.078    -333.861    -0.017
318.090    -334.968    -0.017
319.104    -336.074    -0.017
320.118    -337.181    -0.017
321.132    -338.286    -0.017
322.146    -339.392    -0.017
323.162    -340.497    -0.017
324.176    -341.603    -0.017
325.189    -342.711    -0.018
326.202    -343.817    -0.018
327.215    -344.924    -0.018
328.228    -346.030    -0.018
329.242    -347.138    -0.018
330.259    -348.241    -0.018
331.276    -349.344    -0.018
332.294    -350.446    -0.018
333.312    -351.549    -0.018
334.330    -352.652    -0.019
335.348    -353.754    -0.019
336.356    -354.864    -0.019
337.364    -355.976    -0.019
338.372    -357.089    -0.019
339.379    -358.201    -0.019
340.387    -359.312    -0.019
341.328    -360.350    -0.019
342.407    -361.532    -0.019
343.422    -362.637    -0.020
344.436    -363.743    -0.020
345.450    -364.849    -0.020
346.465    -365.955    -0.020
347.479    -367.060    -0.020
348.494    -368.166    -0.020
349.508    -369.271    -0.020
350.524    -370.376    -0.020
351.539    -371.482    -0.021
352.554    -372.587    -0.021
353.568    -373.692    -0.021
354.510    -374.729    -0.021
355.514    -375.844    -0.021
356.518    -376.959    -0.021
357.689    -378.217    -0.021
358.722    -379.305    -0.021
359.677    -380.329    -0.022
360.692    -381.435    -0.022
361.705    -382.542    -0.022
362.716    -383.650    -0.022
363.728    -384.758    -0.022
364.737    -385.868    -0.022
365.679    -386.905    -0.022
366.756    -388.089    -0.022
367.769    -389.196    -0.023
368.781    -390.303    -0.023
369.795    -391.411    -0.023
370.807    -392.518    -0.023
371.821    -393.625    -0.023
372.836    -394.729    -0.023
373.851    -395.835    -0.023
374.866    -396.939    -0.023
375.882    -398.044    -0.024
376.898    -399.148    -0.024
377.914    -400.253    -0.024
378.926    -401.361    -0.024
379.869    -402.397    -0.024
380.945    -403.581    -0.024
381.955    -404.690    -0.024
382.966    -405.801    -0.024
383.976    -406.910    -0.025
384.986    -408.019    -0.025
385.996    -409.128    -0.025
387.006    -410.239    -0.025
388.018    -411.346    -0.025
389.032    -412.452    -0.025
390.048    -413.557    -0.025
391.062    -414.664    -0.025
392.076    -415.769    -0.026
393.090    -416.875    -0.026
394.105    -417.980    -0.026
395.116    -419.089    -0.026
396.129    -420.197    -0.026
397.140    -421.305    -0.026
398.151    -422.414    -0.026
399.163    -423.523    -0.027
400.174    -424.631    -0.027
401.187    -425.738    -0.027
402.199    -426.845    -0.027
403.213    -427.951    -0.027
404.227    -429.059    -0.027
405.240    -430.165    -0.027
406.253    -431.272    -0.028
407.268    -432.376    -0.028
408.285    -433.480    -0.028
409.302    -434.584    -0.028
410.320    -435.687    -0.028
411.336    -436.790    -0.028
412.353    -437.893    -0.028
413.371    -438.997    -0.029
414.388    -440.099    -0.029
415.398    -441.209    -0.029
416.408    -442.318    -0.029
417.420    -443.428    -0.029
418.430    -444.537    -0.029
419.440    -445.646    -0.029
420.450    -446.756    -0.030
421.462    -447.864    -0.030
422.475    -448.971    -0.030
423.489    -450.078    -0.030
424.502    -451.184    -0.030
425.515    -452.291    -0.030
426.528    -453.398    -0.030
427.541    -454.505    -0.031
428.554    -455.611    -0.031
429.568    -456.718    -0.031
430.581    -457.826    -0.031
431.594    -458.932    -0.031
432.607    -460.039    -0.031
433.621    -461.145    -0.031
434.633    -462.254    -0.032
435.645    -463.361    -0.032
436.658    -464.469    -0.032
437.670    -465.576    -0.032
438.682    -466.685    -0.032
439.694    -467.792    -0.032
440.706    -468.900    -0.033
441.718    -470.007    -0.033
442.731    -471.115    -0.033
443.743    -472.223    -0.033
444.755    -473.330    -0.033
445.768    -474.438    -0.033
446.779    -475.546    -0.033
447.790    -476.655    -0.034
448.801    -477.763    -0.034
449.814    -478.872    -0.034
450.825    -479.980    -0.034
451.836    -481.089    -0.034
452.847    -482.197    -0.034
453.859    -483.306    -0.035
454.870    -484.414    -0.035
455.882    -485.523    -0.035
456.893    -486.631    -0.035
457.907    -487.738    -0.035
458.920    -488.844    -0.035
459.934    -489.951    -0.035
460.948    -491.057    -0.036
461.963    -492.162    -0.036
462.976    -493.268    -0.036
463.990    -494.374    -0.036
465.004    -495.481    -0.036
466.018    -496.587    -0.036
467.032    -497.693    -0.037
468.049    -498.795    -0.037
469.136    -499.971    -0.037
470.013    -500.932    -0.037
471.020    -502.044    -0.037
472.028    -503.157    -0.037
473.035    -504.269    -0.038
474.030    -505.391    -0.038
475.022    -506.517    -0.038
476.014    -507.642    -0.038
476.937    -508.696    -0.038
477.912    -509.837    -0.038
478.886    -510.979    -0.038
479.859    -512.120    -0.039
480.834    -513.262    -0.039
481.808    -514.403    -0.039
482.780    -515.546    -0.039
483.746    -516.694    -0.039
484.712    -517.843    -0.039
485.611    -518.917    -0.040
486.495    -520.003    -0.040
487.505    -521.244    -0.040
488.380    -522.337    -0.040
489.311    -523.515    -0.040
490.239    -524.694    -0.040
491.095    -525.802    -0.041
492.013    -526.989    -0.041
492.916    -528.188    -0.041
493.814    -529.390    -0.041
494.653    -530.511    -0.041
495.473    -531.646    -0.041
496.346    -532.866    -0.042
497.159    -534.008    -0.042
498.004    -535.247    -0.042
498.849    -536.488    -0.042
499.694    -537.727    -0.042
500.540    -538.966    -0.042
501.248    -540.057    -0.043
502.052    -541.324    -0.043
502.856    -542.590    -0.043
503.661    -543.857    -0.043
504.444    -545.138    -0.043
505.169    -546.336    -0.043
505.930    -547.629    -0.044
506.691    -548.922    -0.044
507.324    -550.059    -0.044
508.046    -551.374    -0.044
508.716    -552.603    -0.044
509.410    -553.934    -0.044
510.104    -555.264    -0.045
510.798    -556.594    -0.045
511.369    -557.762    -0.045
512.010    -559.120    -0.045
512.651    -560.476    -0.045
513.293    -561.833    -0.045
513.869    -563.109    -0.046
514.435    -564.390    -0.046
514.980    -565.680    -0.046
515.552    -567.067    -0.046
516.061    -568.373    -0.046
516.594    -569.775    -0.046
517.128    -571.177    -0.047
517.569    -572.400    -0.047
518.061    -573.817    -0.047
518.495    -575.149    -0.047
518.910    -576.487    -0.047
519.355    -577.920    -0.047
519.694    -579.176    -0.048
520.082    -580.625    -0.048
520.401    -581.885    -0.048
520.739    -583.347    -0.048
521.077    -584.809    -0.048
521.415    -586.271    -0.048
521.683    -587.544    -0.048
521.959    -589.018    -0.049
522.203    -590.397    -0.049
522.440    -591.880    -0.049
522.677    -593.361    -0.049
522.826    -594.652    -0.049
523.002    -596.143    -0.049
523.161    -597.433    -0.050
523.272    -598.830    -0.050
523.367    -600.227    -0.050
523.448    -601.625    -0.050
523.490    -603.125    -0.050
523.531    -604.625    -0.050
523.547    -605.925    -0.050
523.538    -607.426    -0.050
523.508    -608.826    -0.051
523.462    -610.225    -0.051
523.389    -611.724    -0.051
523.319    -612.922    -0.051
523.169    -614.416    -0.051
523.018    -615.908    -0.051
522.878    -617.201    -0.051
522.681    -618.587    -0.051
522.447    -620.171    -0.052
522.245    -621.456    -0.052
521.972    -622.931    -0.052
521.698    -624.407    -0.052
521.421    -625.677    -0.052
521.079    -627.138    -0.052
520.755    -628.501    -0.052
520.423    -629.757    -0.052
520.020    -631.203    -0.053
519.657    -632.452    -0.053
519.198    -633.880    -0.053
518.740    -635.310    -0.053
518.299    -636.533    -0.053
517.786    -637.943    -0.053
517.366    -639.068    -0.053
516.792    -640.454    -0.053
516.212    -641.838    -0.053
515.625    -643.219    -0.053
515.073    -644.396    -0.053
514.436    -645.754    -0.054
513.807    -647.005    -0.054
513.177    -648.257    -0.054
512.512    -649.489    -0.054
511.881    -650.627    -0.054
511.129    -651.925    -0.054
510.426    -653.135    -0.054
509.686    -654.324    -0.054
508.885    -655.594    -0.054
508.173    -656.682    -0.054
507.332    -657.925    -0.054
506.467    -659.151    -0.054
505.689    -660.193    -0.054
504.843    -661.309    -0.054
503.871    -662.581    -0.054
503.065    -663.601    -0.054
502.242    -664.608    -0.054
501.255    -665.738    -0.055
500.333    -666.793    -0.055
499.385    -667.824    -0.055
498.421    -668.839    -0.055
497.371    -669.911    -0.055
496.388    -670.908    -0.055
495.371    -671.871    -0.055
494.413    -672.750    -0.055
493.299    -673.756    -0.055
492.182    -674.758    -0.055
491.200    -675.610    -0.055
490.117    -676.499    -0.055
488.939    -677.428    -0.055
487.761    -678.358    -0.055
486.803    -679.081    -0.055
485.585    -679.957    -0.055
484.438    -680.760    -0.055
483.196    -681.602    -0.055
482.109    -682.316    -0.055
480.765    -683.185    -0.055
479.650    -683.854    -0.055
478.362    -684.624    -0.055
477.226    -685.258    -0.055
475.911    -685.981    -0.055
474.764    -686.590    -0.055
473.607    -687.187    -0.055
472.257    -687.843    -0.055
470.993    -688.445    -0.055
469.627    -689.065    -0.055
468.435    -689.585    -0.055
467.050    -690.162    -0.055
465.748    -690.677    -0.055
464.345    -691.208    -0.054
463.034    -691.704    -0.054
461.903    -692.104    -0.054
460.476    -692.565    -0.054
459.137    -692.978    -0.054
457.698    -693.403    -0.054
456.355    -693.800    -0.054
455.093    -694.113    -0.054
453.733    -694.446    -0.054
452.268    -694.771    -0.054
450.899    -695.072    -0.054
449.424    -695.344    -0.054
447.948    -695.617    -0.054
446.762    -695.797    -0.054
445.276    -696.008    -0.054
443.791    -696.218    -0.054
442.498    -696.360    -0.053
441.104    -696.500    -0.053
439.809    -696.623    -0.053
438.311    -696.706    -0.053
436.813    -696.790    -0.053
435.515    -696.860    -0.053
434.115    -696.869    -0.053
432.614    -696.878    -0.053
431.114    -696.886    -0.053
429.814    -696.837    -0.053
428.314    -696.779    -0.053
427.016    -696.705    -0.052
425.520    -696.592    -0.052
424.024    -696.478    -0.052
422.831    -696.339    -0.052
421.242    -696.146    -0.052
420.051    -695.997    -0.052
418.569    -695.763    -0.052
416.988    -695.513    -0.052
415.803    -695.320    -0.052
414.332    -695.025    -0.051
412.862    -694.730    -0.051
411.498    -694.409    -0.051
410.237    -694.093    -0.051
408.786    -693.709    -0.051
407.532    -693.365    -0.051
406.095    -692.934    -0.051
404.853    -692.548    -0.051
403.430    -692.072    -0.050
402.203    -691.644    -0.050
400.801    -691.107    -0.050
399.493    -690.606    -0.050
398.199    -690.071    -0.050
396.815    -689.490    -0.050
395.621    -688.976    -0.050
394.262    -688.338    -0.049
393.086    -687.785    -0.049
391.746    -687.109    -0.049
390.497    -686.476    -0.049
389.268    -685.803    -0.049
388.044    -685.124    -0.049
386.751    -684.362    -0.049
385.634    -683.698    -0.048
384.365    -682.895    -0.048
383.098    -682.093    -0.048
382.096    -681.432    -0.048
380.865    -680.574    -0.048
379.634    -679.715    -0.048
378.592    -678.937    -0.047
377.391    -678.037    -0.047
376.356    -677.250    -0.047
375.197    -676.297    -0.047
374.038    -675.343    -0.047
373.054    -674.494    -0.047
371.920    -673.511    -0.047
371.039    -672.696    -0.046
369.959    -671.654    -0.046
368.879    -670.612    -0.046
367.964    -669.688    -0.046
367.005    -668.669    -0.046
365.909    -667.502    -0.046
364.951    -666.482    -0.045
364.105    -665.493    -0.045
363.130    -664.352    -0.045
362.305    -663.347    -0.045
361.379    -662.167    -0.045
360.452    -660.986    -0.045
359.677    -659.942    -0.044
358.845    -658.816    -0.044
358.041    -657.668    -0.044
357.244    -656.517    -0.044
356.359    -655.184    -0.044
355.643    -654.098    -0.044
354.850    -652.824    -0.043
354.057    -651.550    -0.043
353.393    -650.432    -0.043
352.656    -649.125    -0.043
352.018    -647.993    -0.043
351.320    -646.663    -0.043
350.624    -645.335    -0.042
350.030    -644.177    -0.042
349.324    -642.741    -0.042
348.762    -641.569    -0.042
348.137    -640.205    -0.042
347.564    -638.927    -0.042
346.971    -637.548    -0.041
346.428    -636.257    -0.041
345.941    -635.052    -0.041
345.397    -633.653    -0.041
344.853    -632.254    -0.041
344.384    -630.935    -0.041
343.882    -629.521    -0.040
343.454    -628.293    -0.040
342.992    -626.866    -0.040
342.501    -625.342    -0.040
342.125    -624.097    -0.040
341.701    -622.658    -0.040
341.277    -621.218    -0.039
340.943    -619.961    -0.039
340.568    -618.508    -0.039
340.169    -616.959    -0.039
339.820    -615.602    -0.039
339.495    -614.240    -0.039
339.123    -612.683    -0.039
338.839    -611.414    -0.038
338.516    -609.948    -0.038
338.232    -608.578    -0.038
337.941    -607.105    -0.038
337.675    -605.730    -0.038
337.414    -604.253    -0.038
337.171    -602.873    -0.037
336.939    -601.391    -0.037
336.707    -599.909    -0.037
336.494    -598.524    -0.037
336.270    -596.939    -0.037
336.073    -595.553    -0.037
335.882    -594.064    -0.037
335.701    -592.575    -0.036
335.533    -591.185    -0.036
335.384    -589.792    -0.036
335.225    -588.300    -0.036
335.066    -586.808    -0.036
334.921    -585.415    -0.036
334.794    -583.919    -0.036
334.667    -582.424    -0.035
334.540    -580.930    -0.035
334.414    -579.434    -0.035
334.325    -578.036    -0.035
334.230    -576.539    -0.035
334.136    -575.041    -0.035
334.051    -573.543    -0.035
333.969    -572.045    -0.034
333.894    -570.647    -0.034
333.827    -569.148    -0.034
333.759    -567.648    -0.034
333.693    -566.149    -0.034
333.638    -564.650    -0.034
333.587    -563.150    -0.034
333.537    -561.650    -0.034
333.499    -560.250    -0.033
333.459    -558.750    -0.033
333.419    -557.250    -0.033
333.383    -555.750    -0.033
333.349    -554.250    -0.033
333.314    -552.749    -0.033
333.278    -551.250    -0.033
333.247    -549.750    -0.032
333.219    -548.249    -0.032
333.191    -546.749    -0.032
333.163    -545.248    -0.032
333.135    -543.748    -0.032
333.108    -542.248    -0.032
333.080    -540.748    -0.032
333.052    -539.248    -0.032
333.026    -537.747    -0.031
332.999    -536.247    -0.031
332.972    -534.747    -0.031
332.946    -533.246    -0.031
332.918    -531.746    -0.031
332.888    -530.245    -0.031
332.859    -528.745    -0.031
332.830    -527.246    -0.031
332.803    -525.745    -0.030
332.775    -524.245    -0.030
332.747    -522.744    -0.030
332.718    -521.244    -0.030
332.690    -519.744    -0.030
332.662    -518.243    -0.030
332.635    -516.743    -0.030
332.609    -515.242    -0.030
332.583    -513.743    -0.029
332.559    -512.242    -0.029
332.534    -510.742    -0.029
332.511    -509.342    -0.029
332.483    -507.741    -0.029
332.452    -506.241    -0.029
332.422    -504.740    -0.029
332.391    -503.240    -0.029
332.356    -501.741    -0.028
332.322    -500.240    -0.028
332.300    -498.840    -0.028
332.281    -497.339    -0.028
332.261    -495.739    -0.028
332.233    -494.239    -0.028
332.201    -492.738    -0.028
332.171    -491.238    -0.028
332.141    -489.738    -0.028
332.112    -488.238    -0.027
332.083    -486.738    -0.027
332.054    -485.237    -0.027
332.025    -483.737    -0.027
331.998    -482.236    -0.027
331.967    -480.736    -0.027
331.937    -479.236    -0.027
331.906    -477.736    -0.027
331.881    -476.236    -0.026
331.858    -474.735    -0.026
331.835    -473.235    -0.026
331.812    -471.735    -0.026
331.779    -470.234    -0.026
331.746    -468.734    -0.026
331.713    -467.233    -0.026
331.681    -465.734    -0.026
331.652    -464.234    -0.026
331.633    -462.733    -0.025
331.608    -461.233    -0.025
331.569    -459.732    -0.025
331.534    -458.232    -0.025
331.508    -456.733    -0.025
331.483    -455.232    -0.025
331.455    -453.732    -0.025
331.427    -452.231    -0.025
331.391    -450.731    -0.025
331.356    -449.231    -0.024
331.320    -447.731    -0.024
331.280    -446.231    -0.024
331.241    -444.731    -0.024
331.189    -443.131    -0.024
331.130    -441.632    -0.024
331.070    -440.132    -0.024
330.988    -438.534    -0.024
330.893    -437.037    -0.024
330.799    -435.539    -0.023
330.690    -433.942    -0.023
330.574    -432.446    -0.023
330.459    -430.950    -0.023
330.344    -429.453    -0.023
330.187    -427.861    -0.023
330.023    -426.269    -0.023
329.836    -424.780    -0.023
329.650    -423.291    -0.023
329.463    -421.802    -0.022
329.277    -420.313    -0.022
329.089    -418.824    -0.022
328.890    -417.237    -0.022
328.652    -415.653    -0.022
328.430    -414.169    -0.022
328.206    -412.686    -0.022
327.953    -411.105    -0.022
327.710    -409.625    -0.022
327.429    -408.049    -0.021
327.174    -406.672    -0.021
326.902    -405.196    -0.021
326.602    -403.624    -0.021
326.303    -402.154    -0.021
325.980    -400.586    -0.021
325.660    -399.120    -0.021
325.335    -397.655    -0.021
325.011    -396.190    -0.021
324.643    -394.632    -0.021
324.289    -393.174    -0.020
323.939    -391.715    -0.020
323.549    -390.163    -0.020
323.177    -388.709    -0.020
322.806    -387.255    -0.020
322.386    -385.710    -0.020
321.978    -384.266    -0.020
321.544    -382.726    -0.020
321.115    -381.288    -0.020
320.686    -379.850    -0.019
320.258    -378.411    -0.019
319.785    -376.883    -0.019
319.324    -375.455    -0.019
318.860    -374.027    -0.019
318.347    -372.512    -0.019
317.864    -371.090    -0.019
317.383    -369.670    -0.019
316.859    -368.157    -0.019
316.354    -366.744    -0.018
315.807    -365.240    -0.018
315.279    -363.835    -0.018
314.751    -362.431    -0.018
314.224    -361.026    -0.018
313.676    -359.629    -0.018
313.122    -358.234    -0.018
312.472    -356.663    -0.018
311.927    -355.374    -0.018
311.305    -353.899    -0.017
310.760    -352.609    -0.017
310.077    -351.051    -0.017
309.469    -349.678    -0.017
308.803    -348.224    -0.017
308.168    -346.864    -0.017
307.532    -345.505    -0.017
306.845    -344.059    -0.017
306.231    -342.801    -0.017
305.575    -341.451    -0.016
304.922    -340.100    -0.016
304.174    -338.574    -0.016
303.491    -337.237    -0.016
302.808    -335.901    -0.016
302.121    -334.567    -0.016
301.435    -333.232    -0.016
300.672    -331.825    -0.016
299.946    -330.512    -0.016
299.216    -329.201    -0.016
298.424    -327.811    -0.015
297.671    -326.512    -0.015
296.920    -325.213    -0.015
296.169    -323.914    -0.015
295.313    -322.445    -0.015
294.518    -321.171    -0.015
293.725    -319.897    -0.015
292.933    -318.624    -0.015
292.140    -317.349    -0.015
291.277    -316.002    -0.014
290.456    -314.745    -0.014
289.637    -313.489    -0.014
288.816    -312.233    -0.014
287.928    -310.901    -0.014
287.152    -309.735    -0.014
286.193    -308.331    -0.014
285.335    -307.100    -0.014
284.535    -305.950    -0.014
283.616    -304.639    -0.014
282.751    -303.413    -0.014
281.879    -302.192    -0.013
281.004    -300.973    -0.013
280.117    -299.763    -0.013
279.166    -298.475    -0.013
278.271    -297.271    -0.013
277.314    -295.988    -0.013
276.328    -294.727    -0.013
275.398    -293.549    -0.013
274.392    -292.305    -0.013
273.378    -291.067    -0.013
272.397    -289.931    -0.012
271.414    -288.798    -0.012
270.422    -287.672    -0.012
269.428    -286.547    -0.012
268.370    -285.347    -0.012
267.376    -284.223    -0.012
266.368    -283.111    -0.012
265.360    -281.999    -0.012
264.352    -280.888    -0.012
263.345    -279.776    -0.012
262.336    -278.664    -0.011
261.328    -277.553    -0.011
260.320    -276.442    -0.011
259.312    -275.330    -0.011
258.304    -274.219    -0.011
257.295    -273.108    -0.011
256.279    -272.003    -0.011
255.196    -270.825    -0.011
254.248    -269.793    -0.011
253.233    -268.689    -0.011
252.150    -267.509    -0.011
251.206    -266.476    -0.011
250.192    -265.368    -0.010
249.180    -264.261    -0.010
248.168    -263.153    -0.010
247.154    -262.048    -0.010
246.140    -260.941    -0.010
245.126    -259.836    -0.010
244.112    -258.730    -0.010
243.097    -257.624    -0.010
242.084    -256.518    -0.010
241.071    -255.410    -0.010
240.059    -254.302    -0.010
239.047    -253.195    -0.010
238.035    -252.087    -0.009
237.022    -250.979    -0.009
236.008    -249.873    -0.009
234.992    -248.769    -0.009
233.976    -247.665    -0.009
232.960    -246.561    -0.009
231.944    -245.456    -0.009
230.928    -244.352    -0.009
229.912    -243.248    -0.009
228.828    -242.070    -0.009
227.881    -241.038    -0.009
226.867    -239.932    -0.009
225.854    -238.825    -0.008
224.841    -237.719    -0.008
223.828    -236.612    -0.008
222.815    -235.504    -0.008
221.801    -234.398    -0.008
220.787    -233.292    -0.008
219.774    -232.185    -0.008
218.761    -231.078    -0.008
217.748    -229.971    -0.008
216.735    -228.864    -0.008
215.721    -227.758    -0.008
214.708    -226.650    -0.008
213.695    -225.544    -0.008
212.682    -224.437    -0.008
211.669    -223.330    -0.007
210.656    -222.224    -0.007
209.643    -221.116    -0.007
208.629    -220.009    -0.007
207.548    -218.829    -0.007
206.602    -217.797    -0.007
205.589    -216.689    -0.007
204.576    -215.582    -0.007
203.563    -214.476    -0.007
202.549    -213.369    -0.007
201.536    -212.261    -0.007
200.523    -211.155    -0.007
199.510    -210.048    -0.007
198.498    -208.941    -0.007
197.484    -207.835    -0.006
196.470    -206.728    -0.006
195.456    -205.622    -0.006
194.442    -204.516    -0.006
193.429    -203.410    -0.006
192.415    -202.302    -0.006
191.402    -201.196    -0.006
190.388    -200.090    -0.006
189.375    -198.984    -0.006
188.360    -197.877    -0.006
187.347    -196.771    -0.006
186.333    -195.664    -0.006
185.320    -194.558    -0.006
184.306    -193.452    -0.006
183.293    -192.345    -0.006
182.278    -191.239    -0.005
181.197    -190.058    -0.005
180.251    -189.026    -0.005
179.238    -187.919    -0.005
178.224    -186.813    -0.005
177.142    -185.633    -0.005
176.197    -184.601    -0.005
175.115    -183.420    -0.005
174.169    -182.387    -0.005
173.156    -181.281    -0.005
172.142    -180.175    -0.005
171.129    -179.069    -0.005
170.115    -177.961    -0.005
169.102    -176.855    -0.005
168.087    -175.749    -0.005
167.074    -174.643    -0.005
166.060    -173.536    -0.005
165.047    -172.429    -0.004
164.033    -171.323    -0.004
162.951    -170.143    -0.004
162.005    -169.111    -0.004
160.992    -168.004    -0.004
159.978    -166.897    -0.004
158.965    -165.791    -0.004
157.951    -164.685    -0.004
156.869    -163.505    -0.004
155.924    -162.472    -0.004
154.910    -161.366    -0.004
153.896    -160.260    -0.004
152.882    -159.153    -0.004
151.801    -157.974    -0.004
150.855    -156.941    -0.004
149.841    -155.834    -0.004
148.828    -154.728    -0.004
147.814    -153.621    -0.004
146.800    -152.515    -0.004
145.719    -151.334    -0.003
144.773    -150.302    -0.003
143.760    -149.195    -0.003
142.746    -148.089    -0.003
141.664    -146.909    -0.003
140.718    -145.877    -0.003
139.704    -144.770    -0.003
138.691    -143.663    -0.003
137.678    -142.557    -0.003
136.664    -141.451    -0.003
135.582    -140.271    -0.003
134.636    -139.238    -0.003
133.622    -138.131    -0.003
132.609    -137.025    -0.003
131.596    -135.919    -0.003
130.582    -134.812    -0.003
129.568    -133.706    -0.003
128.555    -132.600    -0.003
127.540    -131.493    -0.003
126.527    -130.387    -0.003
125.446    -129.207    -0.003
124.500    -128.174    -0.003
123.487    -127.067    -0.002
122.473    -125.961    -0.002
121.459    -124.855    -0.002
120.376    -123.676    -0.002
119.429    -122.644    -0.002
118.414    -121.539    -0.002
117.400    -120.434    -0.002
116.317    -119.254    -0.002
115.371    -118.221    -0.002
114.356    -117.116    -0.002
113.342    -116.011    -0.002
112.260    -114.831    -0.002
111.313    -113.799    -0.002
110.230    -112.619    -0.002
109.284    -111.588    -0.002
108.201    -110.409    -0.002
107.254    -109.376    -0.002
106.240    -108.271    -0.002
105.226    -107.165    -0.002
104.211    -106.060    -0.002
103.197    -104.954    -0.002
102.114    -103.775    -0.002
101.168    -102.743    -0.002
100.153    -101.638    -0.002
99.071    -100.458    -0.002
98.124    -99.426    -0.002
97.110    -98.320    -0.001
96.097    -97.214    -0.001
95.084    -96.107    -0.001
94.071    -95.000    -0.001
92.989    -93.820    -0.001
92.043    -92.786    -0.001
91.030    -91.680    -0.001
90.018    -90.572    -0.001
89.005    -89.465    -0.001
87.992    -88.359    -0.001
86.979    -87.252    -0.001
85.965    -86.145    -0.001
84.952    -85.038    -0.001
83.939    -83.931    -0.001
82.926    -82.824    -0.001
81.913    -81.717    -0.001
80.901    -80.609    -0.001
79.887    -79.503    -0.001
78.874    -78.396    -0.001
77.794    -77.214    -0.001
76.849    -76.181    -0.001
75.836    -75.074    -0.001
74.823    -73.967    -0.001
73.810    -72.860    -0.001
72.797    -71.753    -0.001
71.784    -70.646    -0.001
70.771    -69.539    -0.001
69.759    -68.432    -0.001
68.746    -67.325    -0.001
67.733    -66.217    -0.001
66.718    -65.111    -0.001
65.704    -64.005    -0.001
64.623    -62.825    -0.001
63.677    -61.792    -0.001
62.663    -60.686    -0.001
61.650    -59.580    -0.001
60.636    -58.474    -0.001
59.554    -57.294    -0.001
58.608    -56.261    -0.001
57.594    -55.155    -0.000
56.581    -54.049    -0.000
55.567    -52.942    -0.000
54.485    -51.762    -0.000
53.540    -50.729    -0.000
52.525    -49.623    -0.000
51.512    -48.517    -0.000
50.498    -47.410    -0.000
49.484    -46.304    -0.000
48.470    -45.198    -0.000
47.457    -44.092    -0.000
46.443    -42.986    -0.000
45.429    -41.878    -0.000
44.416    -40.772    -0.000
43.335    -39.592    -0.000
42.389    -38.559    -0.000
41.376    -37.452    -0.000
40.363    -36.346    -0.000
39.348    -35.239    -0.000
38.335    -34.133    -0.000
37.254    -32.953    -0.000
36.308    -31.919    -0.000
35.295    -30.813    -0.000
34.213    -29.633    -0.000
33.268    -28.600    -0.000
32.254    -27.493    -0.000
31.173    -26.314    -0.000
30.227    -25.280    -0.000
29.214    -24.174    -0.000
28.132    -22.994    -0.000
27.187    -21.960    -0.000
26.173    -20.854    -0.000
25.092    -19.674    -0.000
24.146    -18.641    -0.000
23.133    -17.534    -0.000
22.051    -16.354    -0.000
21.106    -15.321    -0.000
20.093    -14.215    -0.000
19.011    -13.035    -0.000
18.065    -12.001    -0.000
17.052    -10.895    -0.000
15.970    -9.715    -0.000
15.025    -8.681    -0.000
14.012    -7.575    -0.000
12.998    -6.469    -0.000
11.984    -5.362    -0.000
10.971    -4.256    -0.000
9.957    -3.149    -0.000
8.944    -2.042    -0.000
7.931    -0.936    -0.000
6.917    0.170    -0.000
5.903    1.278    -0.000
4.890    2.384    -0.000
3.876    3.490    -0.000
