-4.360    -3.999    -0.000
-5.345    -2.921    -0.000
-6.358    -1.813    -0.000
-7.438    -0.631    -0.000
-8.450    0.477    -0.000
-9.396    1.509    -0.000
-10.409    2.616    -0.000
-11.422    3.724    -0.000
-12.435    4.830    -0.000
-13.448    5.937    -0.000
-14.529    7.118    -0.000
-15.475    8.151    -0.000
-16.489    9.257    -0.000
-17.502    10.363    -0.000
-18.584    11.544    -0.000
-19.531    12.574    -0.000
-20.547    13.679    -0.000
-21.565    14.782    -0.000
-22.581    15.885    -0.000
-23.598    16.989    -0.000
-24.681    18.167    -0.000
-25.694    19.275    -0.000
-26.638    20.309    -0.000
-27.718    21.491    -0.000
-28.663    22.524    -0.000
-29.675    23.633    -0.000
-30.687    24.740    -0.000
-31.701    25.846    -0.000
-32.714    26.952    -0.000
-33.728    28.059    -0.000
-34.742    29.166    -0.000
-35.755    30.272    -0.000
-36.771    31.376    -0.000
-37.787    32.481    -0.000
-38.802    33.586    -0.000
-39.818    34.690    -0.000
-40.834    35.793    -0.000
-41.916    36.973    -0.000
-42.859    38.010    -0.000
-43.936    39.193    -0.000
-44.879    40.229    -0.000
-45.956    41.413    -0.000
-46.966    42.522    -0.000
-47.914    43.554    -0.000
-48.929    44.659    -0.000
-49.945    45.763    -0.000
-50.960    46.867    -0.000
-51.976    47.973    -0.000
-52.991    49.077    -0.000
-54.005    50.183    -0.000
-55.019    51.289    -0.000
-56.101    52.469    -0.000
-57.048    53.501    -0.000
-58.062    54.607    -0.000
-59.076    55.713    -0.001
-60.088    56.820    -0.001
-61.101    57.928    -0.001
-62.115    59.035    -0.001
-63.195    60.216    -0.001
-64.141    61.248    -0.001
-65.220    62.430    -0.001
-66.165    63.464    -0.001
-67.178    64.571    -0.001
-68.190    65.678    -0.001
-69.204    66.786    -0.001
-70.284    67.966    -0.001
-71.231    68.998    -0.001
-72.245    70.104    -0.001
-73.258    71.210    -0.001
-74.272    72.317    -0.001
-75.287    73.423    -0.001
-76.300    74.529    -0.001
-77.314    75.635    -0.001
-78.327    76.743    -0.001
-79.341    77.849    -0.001
-80.354    78.955    -0.001
-81.436    80.136    -0.001
-82.448    81.243    -0.001
-83.461    82.350    -0.001
-84.407    83.383    -0.001
-85.419    84.490    -0.001
-86.432    85.597    -0.001
-87.511    86.780    -0.001
-88.455    87.815    -0.001
-89.533    88.998    -0.001
-90.477    90.032    -0.001
-91.555    91.215    -0.001
-92.499    92.249    -0.001
-93.582    93.429    -0.001
-94.529    94.459    -0.001
-95.545    95.565    -0.001
-96.560    96.670    -0.001
-97.575    97.775    -0.001
-98.589    98.881    -0.002
-99.603    99.986    -0.002
-100.617    101.093    -0.002
-101.631    102.199    -0.002
-102.646    103.305    -0.002
-103.660    104.410    -0.002
-104.674    105.517    -0.002
-105.688    106.623    -0.002
-106.701    107.729    -0.002
-107.715    108.835    -0.002
-108.729    109.941    -0.002
-109.810    111.122    -0.002
-110.823    112.230    -0.002
-111.835    113.337    -0.002
-112.849    114.444    -0.002
-113.793    115.478    -0.002
-114.806    116.585    -0.002
-115.820    117.691    -0.002
-116.834    118.797    -0.002
-117.847    119.904    -0.002
-118.861    121.011    -0.002
-119.874    122.117    -0.002
-120.888    123.223    -0.002
-121.903    124.328    -0.002
-122.919    125.434    -0.002
-123.933    126.539    -0.002
-124.948    127.644    -0.003
-125.963    128.749    -0.003
-126.975    129.857    -0.003
-128.055    131.038    -0.003
-128.999    132.072    -0.003
-130.080    133.254    -0.003
-131.025    134.288    -0.003
-132.105    135.468    -0.003
-133.052    136.500    -0.003
-134.066    137.606    -0.003
-135.080    138.711    -0.003
-136.095    139.818    -0.003
-137.110    140.923    -0.003
-138.123    142.030    -0.003
-139.136    143.136    -0.003
-140.149    144.243    -0.003
-141.163    145.350    -0.003
-142.176    146.456    -0.003
-143.190    147.563    -0.003
-144.202    148.670    -0.003
-145.214    149.779    -0.003
-146.227    150.886    -0.003
-147.239    151.993    -0.004
-148.319    153.175    -0.004
-149.265    154.208    -0.004
-150.278    155.314    -0.004
-151.292    156.420    -0.004
-152.306    157.526    -0.004
-153.320    158.633    -0.004
-154.400    159.813    -0.004
-155.412    160.923    -0.004
-156.357    161.956    -0.004
-157.436    163.138    -0.004
-158.447    164.246    -0.004
-159.460    165.355    -0.004
-160.405    166.387    -0.004
-161.418    167.494    -0.004
-162.432    168.601    -0.004
-163.446    169.707    -0.004
-164.459    170.813    -0.004
-165.473    171.919    -0.004
-166.489    173.024    -0.005
-167.505    174.128    -0.005
-168.522    175.231    -0.005
-169.539    176.335    -0.005
-170.555    177.439    -0.005
-171.568    178.546    -0.005
-172.581    179.653    -0.005
-173.594    180.760    -0.005
-174.607    181.867    -0.005
-175.619    182.975    -0.005
-176.633    184.081    -0.005
-177.647    185.187    -0.005
-178.661    186.293    -0.005
-179.676    187.398    -0.005
-180.690    188.505    -0.005
-181.772    189.685    -0.005
-182.717    190.717    -0.005
-183.797    191.899    -0.006
-184.747    192.928    -0.006
-185.770    194.026    -0.006
-186.793    195.124    -0.006
-187.815    196.222    -0.006
-188.842    197.316    -0.006
-189.869    198.409    -0.006
-190.836    199.423    -0.006
-191.879    200.503    -0.006
-192.921    201.582    -0.006
-193.757    202.443    -0.006
-194.880    203.584    -0.006
-195.862    204.582    -0.006
-196.920    205.646    -0.006
-197.978    206.710    -0.006
-199.036    207.774    -0.006
-200.106    208.827    -0.007
-201.107    209.806    -0.007
-202.251    210.925    -0.007
-203.253    211.905    -0.007
-204.396    213.024    -0.007
-205.326    213.934    -0.007
-206.483    215.039    -0.007
-207.496    216.006    -0.007
-208.585    217.039    -0.007
-209.746    218.140    -0.007
-210.764    219.104    -0.007
-211.858    220.129    -0.007
-212.960    221.148    -0.007
-214.062    222.167    -0.007
-215.164    223.184    -0.008
-216.192    224.135    -0.008
-217.369    225.221    -0.008
-218.407    226.161    -0.008
-219.522    227.164    -0.008
-220.569    228.095    -0.008
-221.700    229.082    -0.008
-222.830    230.068    -0.008
-223.961    231.054    -0.008
-225.087    232.047    -0.008
-226.140    232.970    -0.008
-227.286    233.938    -0.008
-228.431    234.909    -0.008
-229.576    235.877    -0.009
-230.726    236.843    -0.009
-231.875    237.808    -0.009
-233.027    238.768    -0.009
-234.106    239.662    -0.009
-235.339    240.682    -0.009
-236.420    241.572    -0.009
-237.592    242.510    -0.009
-238.687    243.384    -0.009
-239.937    244.382    -0.009
-241.033    245.255    -0.009
-242.206    246.190    -0.009
-243.384    247.120    -0.009
-244.485    247.984    -0.010
-245.680    248.893    -0.010
-246.875    249.801    -0.010
-248.070    250.708    -0.010
-249.343    251.677    -0.010
-250.534    252.591    -0.010
-251.568    253.379    -0.010
-252.771    254.277    -0.010
-254.053    255.235    -0.010
-255.176    256.072    -0.010
-256.305    256.901    -0.010
-257.521    257.779    -0.010
-258.738    258.656    -0.011
-259.963    259.525    -0.011
-261.186    260.393    -0.011
-262.410    261.262    -0.011
-263.632    262.133    -0.011
-264.859    262.997    -0.011
-266.092    263.850    -0.011
-267.326    264.704    -0.011
-268.561    265.558    -0.011
-269.712    266.354    -0.011
-270.952    267.200    -0.011
-272.190    268.047    -0.011
-273.356    268.822    -0.012
-274.608    269.651    -0.012
-275.859    270.479    -0.012
-277.111    271.307    -0.012
-278.364    272.132    -0.012
-279.538    272.896    -0.012
-280.887    273.757    -0.012
-282.153    274.563    -0.012
-283.334    275.315    -0.012
-284.602    276.117    -0.012
-285.875    276.914    -0.012
-287.064    277.653    -0.013
-288.423    278.497    -0.013
-289.698    279.289    -0.013
-290.892    280.021    -0.013
-292.180    280.790    -0.013
-293.468    281.560    -0.013
-294.756    282.329    -0.013
-296.044    283.099    -0.013
-297.333    283.868    -0.013
-298.541    284.576    -0.013
-299.843    285.323    -0.013
-301.057    286.020    -0.014
-302.359    286.768    -0.014
-303.660    287.515    -0.014
-304.962    288.259    -0.014
-306.268    289.000    -0.014
-307.574    289.738    -0.014
-308.802    290.413    -0.014
-310.204    291.183    -0.014
-311.519    291.907    -0.014
-312.751    292.573    -0.014
-314.072    293.286    -0.014
-315.397    293.989    -0.015
-316.636    294.641    -0.015
-317.964    295.341    -0.015
-319.379    296.089    -0.015
-320.702    296.798    -0.015
-322.023    297.506    -0.015
-323.272    298.142    -0.015
-324.520    298.778    -0.015
-325.947    299.503    -0.015
-327.108    300.088    -0.015
-328.546    300.791    -0.016
-329.894    301.449    -0.016
-331.156    302.058    -0.016
-332.507    302.710    -0.016
-333.859    303.362    -0.016
-335.212    304.011    -0.016
-336.569    304.651    -0.016
-337.926    305.290    -0.016
-339.283    305.930    -0.016
-340.641    306.570    -0.016
-341.998    307.210    -0.017
-343.183    307.746    -0.017
-344.645    308.398    -0.017
-345.924    308.969    -0.017
-347.294    309.581    -0.017
-348.664    310.192    -0.017
-350.036    310.799    -0.017
-351.415    311.391    -0.017
-352.795    311.983    -0.017
-354.174    312.575    -0.018
-355.552    313.166    -0.018
-356.931    313.757    -0.018
-358.222    314.301    -0.018
-359.608    314.876    -0.018
-360.997    315.445    -0.018
-362.387    316.010    -0.018
-363.777    316.575    -0.018
-365.167    317.139    -0.018
-366.470    317.652    -0.018
-367.867    318.201    -0.019
-369.172    318.710    -0.019
-370.667    319.282    -0.019
-371.975    319.783    -0.019
-373.376    320.317    -0.019
-374.781    320.847    -0.019
-376.185    321.376    -0.019
-377.497    321.866    -0.019
-378.910    322.371    -0.019
-380.323    322.877    -0.020
-381.734    323.384    -0.020
-383.147    323.892    -0.020
-384.559    324.399    -0.020
-385.885    324.851    -0.020
-387.306    325.330    -0.020
-388.728    325.811    -0.020
-390.150    326.290    -0.020
-391.572    326.771    -0.020
-392.993    327.250    -0.021
-394.419    327.719    -0.021
-395.749    328.158    -0.021
-397.174    328.626    -0.021
-398.513    329.036    -0.021
-399.949    329.472    -0.021
-401.385    329.909    -0.021
-402.820    330.346    -0.021
-404.256    330.784    -0.021
-405.696    331.205    -0.022
-407.040    331.597    -0.022
-408.578    332.045    -0.022
-409.921    332.437    -0.022
-411.459    332.884    -0.022
-412.899    333.305    -0.022
-414.244    333.697    -0.022
-415.780    334.144    -0.022
-417.220    334.565    -0.022
-418.661    334.985    -0.023
-420.005    335.377    -0.023
-421.543    335.825    -0.023
-422.886    336.217    -0.023
-424.424    336.665    -0.023
-425.864    337.085    -0.023
-427.304    337.505    -0.023
-428.745    337.925    -0.023
-430.185    338.345    -0.023
-431.626    338.764    -0.024
-433.066    339.185    -0.024
-434.508    339.604    -0.024
-435.948    340.024    -0.024
-437.389    340.445    -0.024
-438.733    340.837    -0.024
-440.270    341.284    -0.024
-441.614    341.676    -0.024
-443.150    342.124    -0.025
-444.591    342.544    -0.025
-445.936    342.936    -0.025
-447.473    343.384    -0.025
-448.913    343.805    -0.025
-450.354    344.225    -0.025
-451.698    344.617    -0.025
-453.235    345.065    -0.025
-454.579    345.457    -0.026
-456.116    345.904    -0.026
-457.460    346.296    -0.026
-458.997    346.744    -0.026
-460.438    347.164    -0.026
-461.878    347.585    -0.026
-463.319    348.004    -0.026
-464.663    348.396    -0.026
-466.200    348.844    -0.027
-467.641    349.262    -0.027
-468.986    349.652    -0.027
-470.523    350.098    -0.027
-471.868    350.488    -0.027
-473.406    350.934    -0.027
-474.847    351.352    -0.027
-476.288    351.770    -0.027
-477.633    352.160    -0.028
-479.170    352.606    -0.028
-480.515    352.996    -0.028
-481.956    353.414    -0.028
-483.398    353.832    -0.028
-484.936    354.277    -0.028
-486.280    354.667    -0.028
-487.818    355.113    -0.029
-489.163    355.503    -0.029
-490.700    355.949    -0.029
-492.141    356.366    -0.029
-493.487    356.755    -0.029
-494.928    357.171    -0.029
-496.370    357.588    -0.029
-497.907    358.033    -0.029
-499.252    358.421    -0.030
-500.694    358.839    -0.030
-502.136    359.255    -0.030
-503.578    359.672    -0.030
-505.019    360.089    -0.030
-506.460    360.505    -0.030
-507.902    360.922    -0.030
-509.439    361.366    -0.031
-510.785    361.755    -0.031
-512.227    362.170    -0.031
-513.765    362.611    -0.031
-515.209    363.025    -0.031
-516.554    363.411    -0.031
-517.996    363.824    -0.031
-519.536    364.266    -0.032
-520.978    364.679    -0.032
-522.420    365.092    -0.032
-523.767    365.477    -0.032
-525.209    365.892    -0.032
-526.651    366.305    -0.032
-528.093    366.720    -0.032
-529.535    367.138    -0.033
-530.976    367.555    -0.033
-532.417    367.972    -0.033
-533.858    368.390    -0.033
-535.397    368.834    -0.033
-536.742    369.223    -0.033
-538.183    369.641    -0.033
-539.625    370.058    -0.034
-541.065    370.477    -0.034
-542.506    370.897    -0.034
-544.042    371.345    -0.034
-545.387    371.737    -0.034
-546.828    372.156    -0.034
-548.269    372.575    -0.034
-549.805    373.023    -0.035
-551.245    373.445    -0.035
-552.683    373.873    -0.035
-554.122    374.300    -0.035
-555.560    374.728    -0.035
-556.993    375.174    -0.035
-558.428    375.613    -0.036
-559.865    376.044    -0.036
-561.302    376.475    -0.036
-562.737    376.915    -0.036
-564.171    377.356    -0.036
-565.605    377.797    -0.036
-567.040    378.238    -0.036
-568.475    378.678    -0.037
-570.095    379.191    -0.037
-571.521    379.661    -0.037
-572.851    380.099    -0.037
-574.370    380.606    -0.037
-575.790    381.089    -0.037
-577.209    381.578    -0.038
-578.627    382.065    -0.038
-580.047    382.554    -0.038
-581.556    383.084    -0.038
-583.059    383.634    -0.038
-584.375    384.115    -0.038
-585.785    384.630    -0.039
-587.370    385.245    -0.039
-588.766    385.795    -0.039
-590.162    386.345    -0.039
-591.649    386.939    -0.039
-593.038    387.506    -0.039
-594.427    388.074    -0.040
-595.906    388.684    -0.040
-597.283    389.279    -0.040
-598.661    389.874    -0.040
-600.122    390.529    -0.040
-601.485    391.155    -0.040
-602.940    391.822    -0.041
-604.385    392.512    -0.041
-605.728    393.180    -0.041
-607.072    393.848    -0.041
-608.499    394.571    -0.041
-609.837    395.252    -0.041
-611.169    395.942    -0.042
-612.497    396.641    -0.042
-613.823    397.344    -0.042
-615.319    398.150    -0.042
-616.622    398.894    -0.042
-617.926    399.639    -0.042
-619.399    400.488    -0.043
-620.686    401.260    -0.043
-622.055    402.089    -0.043
-623.319    402.898    -0.043
-624.583    403.706    -0.043
-626.012    404.628    -0.044
-627.251    405.474    -0.044
-628.490    406.321    -0.044
-629.884    407.295    -0.044
-631.102    408.172    -0.044
-632.320    409.048    -0.044
-633.674    410.077    -0.045
-634.784    410.930    -0.045
-636.042    411.920    -0.045
-637.366    412.987    -0.045
-638.522    413.943    -0.045
-639.734    414.989    -0.046
-640.869    415.971    -0.046
-642.151    417.087    -0.046
-643.245    418.114    -0.046
-644.339    419.142    -0.046
-645.563    420.322    -0.047
-646.630    421.378    -0.047
-647.766    422.506    -0.047
-648.868    423.666    -0.047
-649.833    424.680    -0.047
-650.970    425.946    -0.047
-652.029    427.146    -0.048
-652.998    428.291    -0.048
-654.031    429.514    -0.048
-655.049    430.749    -0.048
-656.042    432.004    -0.048
-656.961    433.190    -0.049
-658.028    434.640    -0.049
-658.892    435.867    -0.049
-659.740    437.104    -0.049
-660.755    438.592    -0.049
-661.561    439.857    -0.049
-662.362    441.127    -0.050
-663.151    442.403    -0.050
-664.060    443.957    -0.050
-664.752    445.174    -0.050
-665.568    446.667    -0.050
-666.306    448.087    -0.051
-666.983    449.426    -0.051
-667.738    450.949    -0.051
-668.406    452.403    -0.051
-669.053    453.867    -0.051
-669.682    455.340    -0.051
-670.219    456.633    -0.052
-670.876    458.309    -0.052
-671.423    459.814    -0.052
-671.975    461.422    -0.052
-672.412    462.752    -0.052
-672.896    464.278    -0.052
-673.362    465.809    -0.053
-673.777    467.251    -0.053
-674.192    468.797    -0.053
-674.595    470.345    -0.053
-674.960    471.904    -0.053
-675.301    473.365    -0.053
-675.646    475.133    -0.054
-675.918    476.608    -0.054
-676.197    478.184    -0.054
-676.448    479.765    -0.054
-676.667    481.249    -0.054
-676.875    482.937    -0.054
-677.051    484.528    -0.054
-677.184    486.123    -0.054
-677.305    487.618    -0.055
-677.426    489.114    -0.055
-677.494    490.812    -0.055
-677.536    492.513    -0.055
-677.556    494.113    -0.055
-677.545    495.614    -0.055
-677.528    497.215    -0.055
-677.478    498.714    -0.056
-677.410    500.414    -0.056
-677.330    501.912    -0.056
-677.187    503.606    -0.056
-677.043    505.100    -0.056
-676.848    506.790    -0.056
-676.661    508.278    -0.056
-676.441    509.964    -0.056
-676.198    511.445    -0.056
-675.919    513.021    -0.056
-675.613    514.592    -0.057
-675.282    516.158    -0.057
-674.963    517.624    -0.057
-674.588    519.180    -0.057
-674.178    520.830    -0.057
-673.780    522.277    -0.057
-673.373    523.721    -0.057
-672.872    525.346    -0.057
-672.369    526.866    -0.057
-671.852    528.380    -0.057
-671.300    529.883    -0.057
-670.705    531.476    -0.057
-670.188    532.777    -0.057
-669.545    534.352    -0.058
-668.954    535.731    -0.058
-668.261    537.284    -0.058
-667.629    538.645    -0.058
-666.896    540.179    -0.058
-666.219    541.518    -0.058
-665.416    543.017    -0.058
-664.696    544.333    -0.058
-663.863    545.816    -0.058
-663.091    547.102    -0.058
-662.265    548.474    -0.058
-661.412    549.828    -0.058
-660.592    551.085    -0.058
-659.640    552.493    -0.058
-658.726    553.807    -0.058
-657.781    555.098    -0.058
-656.879    556.298    -0.058
-655.904    557.568    -0.058
-654.844    558.897    -0.058
-653.877    560.044    -0.058
-652.905    561.188    -0.058
-651.796    562.477    -0.058
-650.721    563.663    -0.058
-649.701    564.763    -0.058
-648.509    565.976    -0.058
-647.453    567.042    -0.058
-646.171    568.306    -0.058
-645.150    569.265    -0.058
-643.905    570.424    -0.058
-642.778    571.414    -0.058
-641.646    572.399    -0.058
-640.344    573.493    -0.058
-639.101    574.501    -0.058
-637.916    575.421    -0.058
-636.651    576.403    -0.058
-635.285    577.414    -0.058
-634.064    578.286    -0.058
-632.746    579.194    -0.058
-631.507    580.042    -0.058
-630.071    580.953    -0.058
-628.802    581.753    -0.058
-627.338    582.616    -0.058
-625.952    583.419    -0.057
-624.648    584.160    -0.057
-623.144    584.955    -0.057
-621.720    585.685    -0.057
-620.379    586.357    -0.057
-618.936    587.052    -0.057
-617.485    587.725    -0.057
-616.117    588.343    -0.057
-614.449    589.020    -0.057
-613.056    589.576    -0.057
-611.564    590.156    -0.057
-609.970    590.749    -0.057
-608.553    591.242    -0.056
-607.038    591.760    -0.056
-605.418    592.279    -0.056
-603.973    592.683    -0.056
-602.431    593.112    -0.056
-600.980    593.491    -0.056
-599.328    593.894    -0.056
-597.964    594.214    -0.056
-596.403    594.569    -0.056
-594.638    594.925    -0.056
-593.162    595.194    -0.055
-591.685    595.461    -0.055
-590.003    595.706    -0.055
-588.416    595.910    -0.055
-586.825    596.094    -0.055
-585.334    596.255    -0.055
-583.740    596.397    -0.055
-582.143    596.517    -0.055
-580.545    596.595    -0.054
-579.046    596.666    -0.054
-577.247    596.705    -0.054
-575.746    596.717    -0.054
-574.246    596.728    -0.054
-572.546    596.679    -0.054
-570.847    596.611    -0.054
-569.449    596.531    -0.053
-567.751    596.427    -0.053
-566.355    596.313    -0.053
-564.562    596.145    -0.053
-563.072    595.974    -0.053
-561.387    595.744    -0.053
-559.902    595.526    -0.052
-558.322    595.272    -0.052
-556.845    595.006    -0.052
-555.176    594.684    -0.052
-553.607    594.363    -0.052
-552.144    594.035    -0.052
-550.490    593.639    -0.051
-549.036    593.267    -0.051
-547.489    592.858    -0.051
-545.856    592.382    -0.051
-544.425    591.931    -0.051
-542.994    591.481    -0.051
-541.380    590.944    -0.050
-539.960    590.457    -0.050
-538.454    589.916    -0.050
-537.046    589.398    -0.050
-535.551    588.823    -0.050
-534.153    588.281    -0.050
-532.668    587.682    -0.049
-531.110    587.004    -0.049
-529.741    586.388    -0.049
-528.195    585.679    -0.049
-526.848    585.019    -0.049
-525.333    584.247    -0.048
-524.090    583.600    -0.048
-522.671    582.860    -0.048
-521.349    582.151    -0.048
-520.030    581.434    -0.048
-518.464    580.546    -0.048
-517.174    579.780    -0.047
-515.969    579.066    -0.047
-514.678    578.301    -0.047
-513.302    577.484    -0.047
-511.948    576.631    -0.047
-510.682    575.826    -0.047
-509.249    574.910    -0.046
-508.082    574.135    -0.046
-506.752    573.245    -0.046
-505.435    572.334    -0.046
-504.210    571.468    -0.046
-502.918    570.524    -0.045
-501.712    569.631    -0.045
-500.505    568.739    -0.045
-499.227    567.775    -0.045
-497.958    566.801    -0.045
-496.771    565.882    -0.045
-495.510    564.896    -0.044
-494.342    563.955    -0.044
-493.179    563.008    -0.044
-491.945    561.988    -0.044
-490.802    561.015    -0.044
-489.588    559.973    -0.043
-488.457    558.986    -0.043
-487.335    557.989    -0.043
-486.141    556.924    -0.043
-485.099    555.989    -0.043
-483.903    554.925    -0.043
-482.785    553.923    -0.042
-481.675    552.914    -0.042
-480.568    551.901    -0.042
-479.400    550.807    -0.042
-478.235    549.709    -0.042
-477.157    548.665    -0.042
-476.081    547.619    -0.041
-475.006    546.572    -0.041
-473.816    545.357    -0.041
-472.770    544.281    -0.041
-471.725    543.205    -0.041
-470.679    542.129    -0.040
-469.634    541.052    -0.040
-468.588    539.975    -0.040
-467.552    538.891    -0.040
-466.521    537.801    -0.040
-465.490    536.710    -0.040
-464.459    535.620    -0.039
-463.429    534.529    -0.039
-462.398    533.438    -0.039
-461.367    532.347    -0.039
-460.204    531.107    -0.039
-459.258    530.074    -0.039
-458.245    528.968    -0.038
-457.231    527.861    -0.038
-456.218    526.755    -0.038
-455.137    525.574    -0.038
-454.188    524.544    -0.038
-453.169    523.442    -0.038
-452.151    522.340    -0.037
-451.133    521.238    -0.037
-450.115    520.135    -0.037
-449.097    519.033    -0.037
-448.080    517.930    -0.037
-447.130    516.901    -0.037
-446.045    515.725    -0.036
-445.027    514.621    -0.036
-444.010    513.518    -0.036
-442.992    512.415    -0.036
-441.975    511.313    -0.036
-440.960    510.208    -0.036
-439.947    509.100    -0.036
-438.935    507.993    -0.035
-437.921    506.886    -0.035
-436.908    505.779    -0.035
-435.896    504.672    -0.035
-434.815    503.491    -0.035
-433.870    502.458    -0.035
-432.857    501.351    -0.034
-431.843    500.244    -0.034
-430.831    499.136    -0.034
-429.818    498.029    -0.034
-428.805    496.922    -0.034
-427.793    495.815    -0.034
-426.712    494.634    -0.034
-425.767    493.601    -0.033
-424.753    492.494    -0.033
-423.740    491.387    -0.033
-422.728    490.279    -0.033
-421.715    489.172    -0.033
-420.703    488.065    -0.033
-419.690    486.958    -0.032
-418.610    485.776    -0.032
-417.597    484.669    -0.032
-416.585    483.561    -0.032
-415.572    482.454    -0.032
-414.627    481.421    -0.032
-413.614    480.313    -0.032
-412.602    479.206    -0.031
-411.589    478.099    -0.031
-410.576    476.992    -0.031
-409.563    475.884    -0.031
-408.551    474.777    -0.031
-407.538    473.670    -0.031
-406.458    472.488    -0.030
-405.512    471.455    -0.030
-404.500    470.347    -0.030
-403.487    469.240    -0.030
-402.475    468.133    -0.030
-401.462    467.026    -0.030
-400.381    465.845    -0.030
-399.369    464.738    -0.029
-398.423    463.704    -0.029
-397.411    462.597    -0.029
-396.399    461.489    -0.029
-395.387    460.381    -0.029
-394.374    459.274    -0.029
-393.362    458.167    -0.029
-392.348    457.060    -0.028
-391.335    455.952    -0.028
-390.323    454.845    -0.028
-389.243    453.663    -0.028
-388.230    452.556    -0.028
-387.218    451.449    -0.028
-386.273    450.415    -0.028
-385.260    449.308    -0.028
-384.247    448.201    -0.027
-383.235    447.093    -0.027
-382.222    445.986    -0.027
-381.209    444.879    -0.027
-380.197    443.772    -0.027
-379.184    442.664    -0.027
-378.104    441.483    -0.027
-377.092    440.375    -0.026
-376.078    439.268    -0.026
-375.134    438.235    -0.026
-374.121    437.127    -0.026
-373.108    436.020    -0.026
-372.095    434.913    -0.026
-371.083    433.806    -0.026
-370.070    432.698    -0.025
-369.058    431.591    -0.025
-367.977    430.409    -0.025
-366.965    429.302    -0.025
-365.952    428.195    -0.025
-364.940    427.088    -0.025
-363.993    426.055    -0.025
-362.911    424.875    -0.025
-361.966    423.843    -0.024
-360.953    422.736    -0.024
-359.939    421.630    -0.024
-358.925    420.524    -0.024
-357.844    419.343    -0.024
-356.897    418.310    -0.024
-355.884    417.204    -0.024
-354.871    416.098    -0.023
-353.857    414.992    -0.023
-352.775    413.811    -0.023
-351.762    412.705    -0.023
-350.815    411.672    -0.023
-349.802    410.566    -0.023
-348.788    409.460    -0.023
-347.775    408.353    -0.023
-346.693    407.173    -0.022
-345.747    406.140    -0.022
-344.733    405.034    -0.022
-343.719    403.927    -0.022
-342.637    402.748    -0.022
-341.692    401.715    -0.022
-340.679    400.609    -0.022
-339.665    399.503    -0.022
-338.651    398.396    -0.021
-337.637    397.290    -0.021
-336.556    396.109    -0.021
-335.610    395.077    -0.021
-334.596    393.970    -0.021
-333.583    392.864    -0.021
-332.569    391.758    -0.021
-331.488    390.577    -0.021
-330.474    389.471    -0.020
-329.527    388.439    -0.020
-328.513    387.333    -0.020
-327.499    386.228    -0.020
-326.485    385.122    -0.020
-325.470    384.015    -0.020
-324.455    382.910    -0.020
-323.441    381.804    -0.020
-322.427    380.699    -0.020
-321.413    379.593    -0.019
-320.399    378.486    -0.019
-319.317    377.306    -0.019
-318.370    376.275    -0.019
-317.356    375.169    -0.019
-316.341    374.063    -0.019
-315.259    372.884    -0.019
-314.313    371.852    -0.019
-313.299    370.746    -0.018
-312.285    369.640    -0.018
-311.203    368.460    -0.018
-310.256    367.428    -0.018
-309.175    366.248    -0.018
-308.227    365.217    -0.018
-307.145    364.037    -0.018
-306.199    363.005    -0.018
-305.185    361.899    -0.018
-304.170    360.793    -0.017
-303.089    359.613    -0.017
-302.142    358.581    -0.017
-301.060    357.401    -0.017
-300.113    356.370    -0.017
-299.031    355.190    -0.017
-298.084    354.158    -0.017
-297.070    353.052    -0.017
-296.056    351.946    -0.017
-294.975    350.766    -0.016
-294.028    349.735    -0.016
-292.946    348.555    -0.016
-291.999    347.523    -0.016
-290.917    346.343    -0.016
-289.970    345.312    -0.016
-288.956    344.205    -0.016
-287.942    343.100    -0.016
-286.928    341.994    -0.016
-285.914    340.888    -0.016
-284.899    339.783    -0.015
-283.884    338.676    -0.015
-282.803    337.496    -0.015
-281.856    336.465    -0.015
-280.842    335.359    -0.015
-279.828    334.253    -0.015
-278.814    333.147    -0.015
-277.800    332.042    -0.015
-276.784    330.936    -0.015
-275.770    329.830    -0.015
-274.756    328.724    -0.014
-273.742    327.618    -0.014
-272.728    326.512    -0.014
-271.714    325.407    -0.014
-270.700    324.300    -0.014
-269.685    323.195    -0.014
-268.670    322.089    -0.014
-267.656    320.983    -0.014
-266.642    319.877    -0.014
-265.628    318.771    -0.014
-264.614    317.665    -0.013
-263.600    316.560    -0.013
-262.585    315.454    -0.013
-261.571    314.348    -0.013
-260.557    313.242    -0.013
-259.542    312.136    -0.013
-258.528    311.031    -0.013
-257.514    309.924    -0.013
-256.499    308.818    -0.013
-255.485    307.713    -0.013
-254.471    306.607    -0.012
-253.390    305.427    -0.012
-252.443    304.395    -0.012
-251.428    303.289    -0.012
-250.414    302.184    -0.012
-249.399    301.078    -0.012
-248.385    299.971    -0.012
-247.371    298.866    -0.012
-246.357    297.760    -0.012
-245.342    296.655    -0.012
-244.328    295.549    -0.012
-243.314    294.442    -0.011
-242.299    293.337    -0.011
-241.285    292.231    -0.011
-240.272    291.125    -0.011
-239.191    289.944    -0.011
-238.245    288.911    -0.011
-237.232    287.805    -0.011
-236.219    286.698    -0.011
-235.204    285.592    -0.011
-234.191    284.484    -0.011
-233.178    283.378    -0.011
-232.165    282.271    -0.010
-231.152    281.165    -0.010
-230.138    280.058    -0.010
-229.124    278.951    -0.010
-228.111    277.845    -0.010
-227.030    276.664    -0.010
-226.084    275.631    -0.010
-225.071    274.525    -0.010
-224.058    273.418    -0.010
-223.044    272.312    -0.010
-221.963    271.131    -0.010
-221.017    270.098    -0.010
-220.004    268.991    -0.009
-218.991    267.885    -0.009
-217.977    266.779    -0.009
-216.964    265.672    -0.009
-215.951    264.565    -0.009
-214.936    263.459    -0.009
-213.923    262.352    -0.009
-212.910    261.246    -0.009
-211.897    260.138    -0.009
-210.884    259.032    -0.009
-209.871    257.925    -0.009
-208.856    256.819    -0.009
-207.842    255.712    -0.009
-206.762    254.532    -0.008
-205.816    253.499    -0.008
-204.735    252.318    -0.008
-203.790    251.285    -0.008
-202.776    250.179    -0.008
-201.761    249.073    -0.008
-200.681    247.892    -0.008
-199.735    246.860    -0.008
-198.654    245.679    -0.008
-197.709    244.646    -0.008
-196.695    243.540    -0.008
-195.681    242.433    -0.008
-194.668    241.326    -0.008
-193.654    240.220    -0.007
-192.641    239.113    -0.007
-191.628    238.007    -0.007
-190.616    236.898    -0.007
-189.603    235.791    -0.007
-188.590    234.684    -0.007
-187.577    233.577    -0.007
-186.565    232.470    -0.007
-185.553    231.361    -0.007
-184.541    230.254    -0.007
-183.528    229.147    -0.007
-182.448    227.965    -0.007
-181.435    226.858    -0.007
-180.423    225.751    -0.007
-179.478    224.717    -0.006
-178.398    223.535    -0.006
-177.453    222.501    -0.006
-176.441    221.394    -0.006
-175.427    220.287    -0.006
-174.415    219.180    -0.006
-173.336    217.998    -0.006
-172.391    216.964    -0.006
-171.378    215.857    -0.006
-170.298    214.675    -0.006
-169.353    213.642    -0.006
-168.340    212.534    -0.006
-167.328    211.427    -0.006
-166.249    210.245    -0.006
-165.303    209.213    -0.006
-164.290    208.105    -0.006
-163.277    206.999    -0.005
-162.262    205.892    -0.005
-161.249    204.786    -0.005
-160.169    203.605    -0.005
-159.223    202.572    -0.005
-158.210    201.465    -0.005
-157.197    200.359    -0.005
-156.115    199.178    -0.005
-155.169    198.145    -0.005
-154.089    196.964    -0.005
-153.143    195.932    -0.005
-152.130    194.825    -0.005
-151.117    193.718    -0.005
-150.104    192.611    -0.005
-149.090    191.505    -0.005
-148.076    190.398    -0.005
-147.063    189.291    -0.005
-146.050    188.184    -0.004
-145.037    187.078    -0.004
-144.024    185.971    -0.004
-143.011    184.865    -0.004
-141.995    183.758    -0.004
-140.981    182.652    -0.004
-139.968    181.547    -0.004
-138.954    180.441    -0.004
-137.940    179.334    -0.004
-136.857    178.155    -0.004
-135.911    177.123    -0.004
-134.897    176.017    -0.004
-133.883    174.911    -0.004
-132.868    173.805    -0.004
-131.854    172.699    -0.004
-130.840    171.593    -0.004
-129.826    170.487    -0.004
-128.812    169.380    -0.004
-127.798    168.274    -0.004
-126.785    167.168    -0.003
-125.771    166.062    -0.003
-124.758    164.955    -0.003
-123.745    163.848    -0.003
-122.732    162.741    -0.003
-121.717    161.635    -0.003
-120.637    160.454    -0.003
-119.691    159.421    -0.003
-118.678    158.315    -0.003
-117.596    157.134    -0.003
-116.651    156.102    -0.003
-115.636    154.995    -0.003
-114.556    153.815    -0.003
-113.610    152.782    -0.003
-112.530    151.601    -0.003
-111.515    150.495    -0.003
-110.570    149.462    -0.003
-109.556    148.356    -0.003
-108.475    147.175    -0.003
-107.529    146.143    -0.003
-106.449    144.962    -0.003
-105.503    143.929    -0.003
-104.489    142.823    -0.002
-103.408    141.642    -0.002
-102.463    140.609    -0.002
-101.448    139.503    -0.002
-100.435    138.396    -0.002
-99.423    137.289    -0.002
-98.411    136.182    -0.002
-97.398    135.074    -0.002
-96.317    133.892    -0.002
-95.305    132.785    -0.002
-94.360    131.752    -0.002
-93.281    130.570    -0.002
-92.268    129.463    -0.002
-91.323    128.429    -0.002
-90.310    127.322    -0.002
-89.298    126.214    -0.002
-88.285    125.107    -0.002
-87.272    124.000    -0.002
-86.260    122.892    -0.002
-85.248    121.785    -0.002
-84.236    120.677    -0.002
-83.155    119.495    -0.002
-82.209    118.463    -0.002
-81.195    117.357    -0.002
-80.181    116.250    -0.002
-79.168    115.144    -0.002
-78.154    114.038    -0.002
-77.140    112.932    -0.001
-76.126    111.825    -0.001
-75.112    110.719    -0.001
-74.098    109.613    -0.001
-73.085    108.507    -0.001
-72.071    107.401    -0.001
-71.058    106.294    -0.001
-70.044    105.188    -0.001
-69.030    104.082    -0.001
-68.015    102.976    -0.001
-67.002    101.869    -0.001
-65.988    100.763    -0.001
-64.975    99.656    -0.001
-63.961    98.550    -0.001
-62.947    97.444    -0.001
-61.933    96.337    -0.001
-60.919    95.231    -0.001
-59.905    94.125    -0.001
-58.892    93.019    -0.001
-57.878    91.912    -0.001
-56.865    90.805    -0.001
-55.784    89.624    -0.001
-54.838    88.592    -0.001
-53.758    87.411    -0.001
-52.812    86.378    -0.001
-51.799    85.271    -0.001
-50.787    84.164    -0.001
-49.774    83.057    -0.001
-48.693    81.876    -0.001
-47.747    80.843    -0.001
-46.734    79.736    -0.001
-45.721    78.629    -0.001
-44.707    77.523    -0.001
-43.691    76.419    -0.001
-42.676    75.314    -0.001
-41.659    74.210    -0.001
-40.644    73.106    -0.001
-39.628    72.000    -0.001
-38.613    70.896    -0.001
-37.597    69.792    -0.000
-36.581    68.687    -0.000
-35.566    67.582    -0.000
-34.551    66.478    -0.000
-33.534    65.373    -0.000
-32.519    64.269    -0.000
-31.505    63.163    -0.000
-30.491    62.056    -0.000
-29.477    60.951    -0.000
-28.462    59.845    -0.000
-27.380    58.665    -0.000
-26.433    57.633    -0.000
-25.419    56.527    -0.000
-24.405    55.421    -0.000
-23.391    54.316    -0.000
-22.377    53.210    -0.000
-21.363    52.103    -0.000
-20.348    50.997    -0.000
-19.334    49.892    -0.000
-18.320    48.786    -0.000
-17.306    47.679    -0.000
-16.292    46.573    -0.000
-15.278    45.468    -0.000
-14.264    44.362    -0.000
-13.249    43.256    -0.000
-12.168    42.076    -0.000
-11.221    41.044    -0.000
-10.207    39.938    -0.000
-9.195    38.830    -0.000
-8.117    37.647    -0.000
-7.174    36.612    -0.000
-6.095    35.429    -0.000
-5.149    34.397    -0.000
-4.135    33.290    -0.000
-3.122    32.183    -0.000
-2.109    31.077    -0.000
-1.096    29.970    -0.000
-0.082    28.864    -0.000
0.999    27.683    -0.000
1.945    26.650    -0.000
2.958    25.544    -0.000
4.040    24.363    -0.000
4.985    23.330    -0.000
6.066    22.150    -0.000
7.012    21.117    -0.000
8.026    20.011    -0.000
9.039    18.903    -0.000
10.052    17.797    -0.000
11.065    16.690    -0.000
12.079    15.584    -0.000
13.093    14.478    -0.000
14.107    13.371    -0.000
15.120    12.264    -0.000
16.133    11.158    -0.000
17.146    10.051    -0.000
18.159    8.944    -0.000
19.172    7.837    -0.000
20.186    6.730    -0.000
21.266    5.549    -0.000
22.212    4.516    -0.000
23.225    3.409    -0.000
24.238    2.303    -0.000
25.251    1.196    -0.000
26.264    0.089    -0.000
27.278    -1.018    -0.000
28.291    -2.125    -0.000
29.371    -3.306    -0.000
30.317    -4.338    -0.000
31.330    -5.446    -0.000
32.411    -6.626    -0.000
33.357    -7.659    -0.000
34.370    -8.766    -0.000
35.382    -9.874    -0.000
36.395    -10.980    -0.000
37.409    -12.087    -0.000
38.421    -13.194    -0.000
39.434    -14.301    -0.000
40.448    -15.408    -0.000
41.461    -16.515    -0.000
42.474    -17.621    -0.000
43.487    -18.728    -0.000
44.500    -19.836    -0.000
45.513    -20.943    -0.000
46.527    -22.049    -0.000
47.540    -23.156    -0.000
48.554    -24.263    -0.000
49.635    -25.442    -0.000
50.582    -26.474    -0.000
51.596    -27.580    -0.000
52.609    -28.686    -0.000
53.624    -29.793    -0.000
54.638    -30.899    -0.000
55.651    -32.005    -0.000
56.665    -33.111    -0.000
57.679    -34.218    -0.000
58.693    -35.324    -0.000
59.706    -36.430    -0.000
60.721    -37.536    -0.000
61.734    -38.642    -0.000
62.748    -39.750    -0.000
63.761    -40.856    -0.000
64.774    -41.963    -0.000
65.855    -43.144    -0.000
66.801    -44.177    -0.001
67.814    -45.283    -0.001
68.828    -46.390    -0.001
69.841    -47.496    -0.001
70.922    -48.677    -0.001
71.867    -49.710    -0.001
72.949    -50.891    -0.001
73.895    -51.923    -0.001
74.908    -53.029    -0.001
75.921    -54.137    -0.001
76.934    -55.243    -0.001
77.948    -56.350    -0.001
78.961    -57.456    -0.001
79.974    -58.564    -0.001
80.988    -59.670    -0.001
82.001    -60.777    -0.001
83.014    -61.883    -0.001
84.028    -62.991    -0.001
85.041    -64.097    -0.001
86.054    -65.204    -0.001
87.068    -66.310    -0.001
88.082    -67.416    -0.001
89.097    -68.522    -0.001
90.111    -69.628    -0.001
91.125    -70.733    -0.001
92.139    -71.839    -0.001
93.153    -72.946    -0.001
94.168    -74.052    -0.001
95.182    -75.157    -0.001
96.196    -76.263    -0.001
97.277    -77.443    -0.001
98.224    -78.475    -0.001
99.239    -79.580    -0.001
100.253    -80.686    -0.001
101.268    -81.792    -0.001
102.282    -82.899    -0.001
103.296    -84.004    -0.001
104.310    -85.110    -0.001
105.324    -86.216    -0.001
106.337    -87.322    -0.001
107.350    -88.430    -0.002
108.365    -89.536    -0.002
109.378    -90.642    -0.002
110.392    -91.748    -0.002
111.406    -92.855    -0.002
112.487    -94.035    -0.002
113.432    -95.068    -0.002
114.447    -96.174    -0.002
115.460    -97.281    -0.002
116.474    -98.387    -0.002
117.488    -99.493    -0.002
118.569    -100.674    -0.002
119.514    -101.706    -0.002
120.528    -102.813    -0.002
121.543    -103.919    -0.002
122.556    -105.025    -0.002
123.569    -106.132    -0.002
124.583    -107.239    -0.002
125.596    -108.345    -0.002
126.609    -109.452    -0.002
127.621    -110.559    -0.002
128.702    -111.741    -0.002
129.647    -112.775    -0.002
130.726    -113.957    -0.002
131.671    -114.990    -0.002
132.683    -116.097    -0.002
133.696    -117.205    -0.002
134.709    -118.313    -0.003
135.721    -119.420    -0.003
136.733    -120.527    -0.003
137.745    -121.636    -0.003
138.758    -122.743    -0.003
139.770    -123.850    -0.003
140.850    -125.032    -0.003
141.795    -126.066    -0.003
142.808    -127.173    -0.003
143.823    -128.278    -0.003
144.837    -129.383    -0.003
145.851    -130.489    -0.003
146.865    -131.596    -0.003
147.881    -132.701    -0.003
148.895    -133.806    -0.003
149.909    -134.912    -0.003
150.923    -136.019    -0.003
151.936    -137.126    -0.003
153.017    -138.307    -0.003
153.962    -139.339    -0.003
154.975    -140.447    -0.003
155.988    -141.554    -0.003
157.001    -142.661    -0.004
158.014    -143.768    -0.004
159.026    -144.874    -0.004
160.039    -145.983    -0.004
161.120    -147.164    -0.004
162.132    -148.271    -0.004
163.145    -149.378    -0.004
164.090    -150.412    -0.004
165.103    -151.519    -0.004
166.115    -152.626    -0.004
167.128    -153.733    -0.004
168.142    -154.841    -0.004
169.154    -155.948    -0.004
170.167    -157.055    -0.004
171.179    -158.162    -0.004
172.192    -159.270    -0.004
173.204    -160.377    -0.004
174.218    -161.484    -0.004
175.230    -162.591    -0.004
176.243    -163.698    -0.005
177.256    -164.806    -0.005
178.268    -165.913    -0.005
179.281    -167.020    -0.005
180.293    -168.127    -0.005
181.308    -169.234    -0.005
182.323    -170.339    -0.005
183.404    -171.519    -0.005
184.352    -172.550    -0.005
185.366    -173.656    -0.005
186.380    -174.762    -0.005
187.395    -175.867    -0.005
188.410    -176.973    -0.005
189.424    -178.078    -0.005
190.439    -179.185    -0.005
191.453    -180.290    -0.005
192.535    -181.470    -0.005
193.481    -182.501    -0.006
194.496    -183.608    -0.006
195.509    -184.715    -0.006
196.522    -185.822    -0.006
197.602    -187.003    -0.006
198.547    -188.035    -0.006
199.560    -189.143    -0.006
200.573    -190.250    -0.006
201.654    -191.431    -0.006
202.600    -192.463    -0.006
203.613    -193.571    -0.006
204.626    -194.678    -0.006
205.707    -195.859    -0.006
206.651    -196.891    -0.006
207.664    -197.999    -0.006
208.678    -199.106    -0.007
209.692    -200.212    -0.007
210.706    -201.317    -0.007
211.720    -202.423    -0.007
212.734    -203.529    -0.007
213.749    -204.635    -0.007
214.764    -205.741    -0.007
215.778    -206.846    -0.007
216.792    -207.953    -0.007
217.873    -209.132    -0.007
218.820    -210.164    -0.007
219.835    -211.269    -0.007
220.849    -212.375    -0.007
221.931    -213.555    -0.007
222.878    -214.587    -0.008
223.892    -215.693    -0.008
224.906    -216.799    -0.008
225.920    -217.906    -0.008
227.002    -219.085    -0.008
227.948    -220.117    -0.008
228.962    -221.223    -0.008
229.976    -222.329    -0.008
230.990    -223.436    -0.008
232.004    -224.542    -0.008
233.018    -225.648    -0.008
234.100    -226.828    -0.008
235.046    -227.860    -0.008
236.062    -228.965    -0.008
237.076    -230.071    -0.009
238.090    -231.176    -0.009
239.104    -232.283    -0.009
240.119    -233.388    -0.009
241.133    -234.494    -0.009
242.215    -235.674    -0.009
243.229    -236.780    -0.009
244.175    -237.813    -0.009
245.255    -238.993    -0.009
246.201    -240.026    -0.009
247.214    -241.133    -0.009
248.227    -242.240    -0.009
249.241    -243.347    -0.010
250.254    -244.453    -0.010
251.268    -245.560    -0.010
252.281    -246.666    -0.010
253.294    -247.774    -0.010
254.307    -248.880    -0.010
255.320    -249.987    -0.010
256.334    -251.093    -0.010
257.347    -252.201    -0.010
258.360    -253.308    -0.010
259.441    -254.489    -0.010
260.386    -255.521    -0.010
261.399    -256.629    -0.011
262.413    -257.736    -0.011
263.426    -258.842    -0.011
264.439    -259.949    -0.011
265.452    -261.056    -0.011
266.532    -262.237    -0.011
267.477    -263.270    -0.011
268.490    -264.377    -0.011
269.504    -265.484    -0.011
270.583    -266.666    -0.011
271.528    -267.700    -0.011
272.540    -268.807    -0.011
273.621    -269.989    -0.012
274.565    -271.023    -0.012
275.578    -272.130    -0.012
276.590    -273.238    -0.012
277.602    -274.345    -0.012
278.615    -275.453    -0.012
279.695    -276.634    -0.012
280.639    -277.668    -0.012
281.652    -278.775    -0.012
282.665    -279.883    -0.012
283.677    -280.990    -0.013
284.690    -282.097    -0.013
285.702    -283.204    -0.013
286.783    -284.386    -0.013
287.796    -285.493    -0.013
288.808    -286.601    -0.013
289.821    -287.708    -0.013
290.766    -288.741    -0.013
291.778    -289.849    -0.013
292.791    -290.956    -0.013
293.803    -292.063    -0.013
294.816    -293.170    -0.014
295.829    -294.278    -0.014
296.842    -295.385    -0.014
297.857    -296.490    -0.014
298.872    -297.595    -0.014
299.888    -298.699    -0.014
300.903    -299.805    -0.014
301.918    -300.909    -0.014
302.934    -302.014    -0.014
303.950    -303.119    -0.014
304.965    -304.224    -0.015
305.980    -305.329    -0.015
306.995    -306.434    -0.015
308.010    -307.538    -0.015
309.025    -308.643    -0.015
310.042    -309.749    -0.015
311.057    -310.853    -0.015
312.072    -311.958    -0.015
313.153    -313.139    -0.015
314.097    -314.173    -0.015
315.110    -315.280    -0.016
316.190    -316.462    -0.016
317.135    -317.495    -0.016
318.147    -318.602    -0.016
319.160    -319.710    -0.016
320.172    -320.817    -0.016
321.253    -321.999    -0.016
322.197    -323.032    -0.016
323.211    -324.140    -0.016
324.292    -325.319    -0.017
325.238    -326.351    -0.017
326.252    -327.457    -0.017
327.267    -328.564    -0.017
328.349    -329.743    -0.017
329.294    -330.775    -0.017
330.309    -331.881    -0.017
331.323    -332.987    -0.017
332.405    -334.167    -0.017
333.351    -335.199    -0.018
334.365    -336.305    -0.018
335.379    -337.411    -0.018
336.461    -338.591    -0.018
337.408    -339.624    -0.018
338.422    -340.730    -0.018
339.503    -341.910    -0.018
340.449    -342.941    -0.018
341.464    -344.048    -0.018
342.478    -345.154    -0.019
343.492    -346.259    -0.019
344.506    -347.365    -0.019
345.521    -348.472    -0.019
346.602    -349.651    -0.019
347.548    -350.683    -0.019
348.562    -351.789    -0.019
349.576    -352.896    -0.019
350.591    -354.002    -0.019
351.672    -355.182    -0.020
352.619    -356.213    -0.020
353.633    -357.319    -0.020
354.647    -358.426    -0.020
355.661    -359.532    -0.020
356.675    -360.638    -0.020
357.757    -361.818    -0.020
358.770    -362.924    -0.020
359.784    -364.030    -0.021
360.731    -365.062    -0.021
361.745    -366.168    -0.021
362.759    -367.274    -0.021
363.773    -368.381    -0.021
364.787    -369.487    -0.021
365.801    -370.593    -0.021
366.815    -371.699    -0.021
367.897    -372.879    -0.022
368.843    -373.911    -0.022
369.857    -375.017    -0.022
370.872    -376.123    -0.022
371.885    -377.229    -0.022
372.899    -378.336    -0.022
373.913    -379.442    -0.022
374.927    -380.548    -0.022
375.940    -381.654    -0.023
376.954    -382.761    -0.023
377.969    -383.867    -0.023
378.982    -384.973    -0.023
379.996    -386.079    -0.023
381.009    -387.186    -0.023
382.023    -388.292    -0.023
383.036    -389.398    -0.023
384.118    -390.579    -0.024
385.132    -391.685    -0.024
386.079    -392.717    -0.024
387.093    -393.823    -0.024
388.107    -394.929    -0.024
389.189    -396.109    -0.024
390.135    -397.141    -0.024
391.148    -398.247    -0.024
392.163    -399.353    -0.025
393.177    -400.459    -0.025
394.191    -401.565    -0.025
395.205    -402.672    -0.025
396.218    -403.778    -0.025
397.230    -404.885    -0.025
398.244    -405.993    -0.025
399.256    -407.101    -0.026
400.268    -408.209    -0.026
401.280    -409.316    -0.026
402.292    -410.423    -0.026
403.373    -411.605    -0.026
404.317    -412.639    -0.026
405.397    -413.821    -0.026
406.342    -414.854    -0.026
407.354    -415.963    -0.027
408.366    -417.070    -0.027
409.445    -418.252    -0.027
410.389    -419.286    -0.027
411.402    -420.395    -0.027
412.414    -421.502    -0.027
413.426    -422.610    -0.027
414.508    -423.790    -0.028
415.454    -424.821    -0.028
416.467    -425.928    -0.028
417.481    -427.034    -0.028
418.496    -428.140    -0.028
419.509    -429.246    -0.028
420.589    -430.428    -0.028
421.602    -431.535    -0.029
422.547    -432.568    -0.029
423.560    -433.675    -0.029
424.574    -434.783    -0.029
425.586    -435.890    -0.029
426.668    -437.070    -0.029
427.615    -438.101    -0.029
428.629    -439.207    -0.030
429.643    -440.314    -0.030
430.657    -441.419    -0.030
431.672    -442.525    -0.030
432.684    -443.632    -0.030
433.696    -444.741    -0.030
434.708    -445.848    -0.030
435.789    -447.030    -0.031
436.733    -448.063    -0.031
437.813    -449.245    -0.031
438.758    -450.279    -0.031
439.837    -451.461    -0.031
440.784    -452.492    -0.031
441.866    -453.672    -0.031
442.813    -454.704    -0.032
443.827    -455.809    -0.032
444.842    -456.915    -0.032
445.923    -458.095    -0.032
446.871    -459.127    -0.032
447.885    -460.232    -0.032
448.900    -461.337    -0.033
449.915    -462.442    -0.033
450.930    -463.547    -0.033
451.946    -464.652    -0.033
452.961    -465.757    -0.033
453.977    -466.862    -0.033
454.992    -467.966    -0.033
456.007    -469.072    -0.034
457.022    -470.177    -0.034
458.037    -471.281    -0.034
459.053    -472.386    -0.034
460.069    -473.491    -0.034
461.082    -474.598    -0.034
462.162    -475.779    -0.035
463.108    -476.811    -0.035
464.122    -477.917    -0.035
465.135    -479.025    -0.035
466.149    -480.131    -0.035
467.162    -481.238    -0.035
468.242    -482.419    -0.035
469.188    -483.452    -0.036
470.269    -484.632    -0.036
471.214    -485.665    -0.036
472.229    -486.772    -0.036
473.242    -487.878    -0.036
474.255    -488.986    -0.036
475.266    -490.094    -0.037
476.340    -491.281    -0.037
477.279    -492.319    -0.037
478.287    -493.432    -0.037
479.360    -494.619    -0.037
480.300    -495.657    -0.037
481.370    -496.847    -0.038
482.369    -497.968    -0.038
483.368    -499.087    -0.038
484.366    -500.207    -0.038
485.361    -501.331    -0.038
486.414    -502.536    -0.038
487.402    -503.665    -0.039
488.389    -504.806    -0.039
489.361    -505.950    -0.039
490.333    -507.093    -0.039
491.369    -508.312    -0.039
492.334    -509.462    -0.039
493.290    -510.619    -0.040
494.421    -512.019    -0.040
495.222    -513.044    -0.040
496.156    -514.217    -0.040
497.151    -515.472    -0.040
498.073    -516.656    -0.040
498.996    -517.840    -0.041
499.919    -519.022    -0.041
500.833    -520.212    -0.041
501.803    -521.485    -0.041
502.709    -522.682    -0.041
503.615    -523.877    -0.041
504.513    -525.080    -0.042
505.459    -526.370    -0.042
506.340    -527.585    -0.042
507.219    -528.801    -0.042
508.129    -530.118    -0.042
509.028    -531.442    -0.043
509.865    -532.688    -0.043
510.745    -534.025    -0.043
511.553    -535.289    -0.043
512.413    -536.640    -0.043
513.212    -537.909    -0.043
514.043    -539.277    -0.044
514.816    -540.564    -0.044
515.615    -541.950    -0.044
516.358    -543.254    -0.044
517.098    -544.559    -0.044
517.927    -546.044    -0.044
518.649    -547.360    -0.045
519.353    -548.685    -0.045
520.093    -550.104    -0.045
520.777    -551.439    -0.045
521.493    -552.870    -0.045
522.148    -554.221    -0.046
522.871    -555.760    -0.046
523.495    -557.125    -0.046
524.134    -558.592    -0.046
524.729    -559.969    -0.046
525.358    -561.441    -0.046
525.934    -562.827    -0.047
526.514    -564.318    -0.047
527.075    -565.818    -0.047
527.584    -567.230    -0.047
528.103    -568.637    -0.047
528.669    -570.240    -0.047
529.100    -571.678    -0.048
529.582    -573.204    -0.048
530.040    -574.738    -0.048
530.478    -576.278    -0.048
530.861    -577.728    -0.048
531.243    -579.179    -0.048
531.644    -580.728    -0.049
532.050    -582.482    -0.049
532.329    -583.855    -0.049
532.631    -585.325    -0.049
532.951    -586.995    -0.049
533.230    -588.570    -0.050
533.465    -590.053    -0.050
533.704    -591.737    -0.050
533.906    -593.223    -0.050
534.106    -594.811    -0.050
534.268    -596.303    -0.050
534.410    -597.998    -0.050
534.527    -599.594    -0.051
534.632    -601.191    -0.051
534.694    -602.690    -0.051
534.731    -604.390    -0.051
534.743    -605.891    -0.051
534.756    -607.391    -0.051
534.706    -609.191    -0.052
534.658    -610.691    -0.052
534.570    -612.389    -0.052
534.478    -613.886    -0.052
534.338    -615.494    -0.052
534.167    -617.186    -0.052
533.967    -618.773    -0.052
533.775    -620.261    -0.053
533.555    -621.746    -0.053
533.260    -623.522    -0.053
533.011    -624.901    -0.053
532.676    -626.567    -0.053
532.368    -628.036    -0.053
532.013    -629.597    -0.053
531.584    -631.345    -0.053
531.219    -632.698    -0.054
530.802    -634.243    -0.054
530.357    -635.780    -0.054
529.918    -637.214    -0.054
529.383    -638.829    -0.054
528.890    -640.246    -0.054
528.319    -641.848    -0.054
527.750    -643.344    -0.054
527.161    -644.832    -0.054
526.530    -646.302    -0.055
525.977    -647.589    -0.055
525.242    -649.232    -0.055
524.599    -650.589    -0.055
523.887    -652.022    -0.055
523.062    -653.622    -0.055
522.330    -654.932    -0.055
521.648    -656.155    -0.055
520.914    -657.464    -0.055
520.010    -659.021    -0.055
519.210    -660.291    -0.055
518.357    -661.644    -0.055
517.413    -663.060    -0.056
516.567    -664.299    -0.056
515.593    -665.693    -0.056
514.711    -666.907    -0.056
513.698    -668.271    -0.056
512.835    -669.375    -0.056
511.710    -670.780    -0.056
510.744    -671.929    -0.056
509.643    -673.225    -0.056
508.637    -674.339    -0.056
507.630    -675.451    -0.056
506.522    -676.605    -0.056
505.332    -677.820    -0.056
504.264    -678.874    -0.056
503.114    -679.987    -0.056
501.950    -681.087    -0.056
500.839    -682.094    -0.056
499.641    -683.156    -0.056
498.351    -684.264    -0.056
497.198    -685.224    -0.056
495.947    -686.223    -0.056
494.686    -687.209    -0.056
493.329    -688.232    -0.056
492.111    -689.109    -0.056
490.882    -689.971    -0.056
489.553    -690.863    -0.056
488.308    -691.700    -0.056
486.875    -692.617    -0.056
485.511    -693.452    -0.056
484.134    -694.269    -0.056
482.743    -695.062    -0.056
481.430    -695.788    -0.056
479.929    -696.585    -0.056
478.498    -697.303    -0.056
477.155    -697.972    -0.056
475.624    -698.713    -0.056
474.160    -699.360    -0.056
472.781    -699.952    -0.056
471.215    -700.613    -0.056
469.915    -701.133    -0.056
468.327    -701.742    -0.056
466.918    -702.259    -0.056
465.309    -702.809    -0.056
463.781    -703.288    -0.056
462.348    -703.730    -0.056
460.819    -704.204    -0.056
459.278    -704.636    -0.056
457.732    -705.049    -0.056
456.177    -705.425    -0.055
454.711    -705.750    -0.055
453.045    -706.089    -0.055
451.573    -706.377    -0.055
449.900    -706.686    -0.055
448.519    -706.915    -0.055
446.836    -707.162    -0.055
445.248    -707.368    -0.055
443.659    -707.553    -0.055
442.066    -707.709    -0.055
440.471    -707.849    -0.055
438.973    -707.939    -0.055
437.375    -708.023    -0.054
435.776    -708.087    -0.054
434.276    -708.125    -0.054
432.676    -708.147    -0.054
430.877    -708.085    -0.054
429.277    -708.044    -0.054
427.779    -707.953    -0.054
426.281    -707.861    -0.054
424.784    -707.769    -0.054
422.988    -707.639    -0.053
421.496    -707.481    -0.053
419.810    -707.264    -0.053
418.326    -707.038    -0.053
416.843    -706.813    -0.053
415.164    -706.541    -0.053
413.687    -706.280    -0.053
412.014    -705.974    -0.052
410.451    -705.627    -0.052
408.892    -705.264    -0.052
407.340    -704.872    -0.052
405.892    -704.481    -0.052
404.444    -704.090    -0.052
402.903    -703.653    -0.052
401.277    -703.159    -0.051
399.764    -702.637    -0.051
398.349    -702.134    -0.051
396.846    -701.584    -0.051
395.259    -700.974    -0.051
393.879    -700.387    -0.051
392.491    -699.815    -0.051
390.944    -699.109    -0.050
389.579    -698.487    -0.050
388.132    -697.802    -0.050
386.694    -697.100    -0.050
385.354    -696.424    -0.050
383.944    -695.667    -0.050
382.461    -694.836    -0.049
381.080    -694.025    -0.049
379.709    -693.201    -0.049
378.434    -692.409    -0.049
377.160    -691.616    -0.049
375.745    -690.673    -0.049
374.508    -689.824    -0.048
373.121    -688.838    -0.048
371.911    -687.952    -0.048
370.628    -686.996    -0.048
369.360    -686.019    -0.048
368.036    -684.952    -0.048
366.882    -683.991    -0.047
365.603    -682.873    -0.047
364.491    -681.864    -0.047
363.381    -680.856    -0.047
362.212    -679.762    -0.047
360.989    -678.580    -0.046
359.866    -677.440    -0.046
358.763    -676.280    -0.046
357.675    -675.106    -0.046
356.733    -674.070    -0.046
355.615    -672.789    -0.046
354.576    -671.571    -0.045
353.611    -670.421    -0.045
352.596    -669.184    -0.045
351.547    -667.846    -0.045
350.651    -666.643    -0.045
349.761    -665.434    -0.044
348.778    -664.047    -0.044
347.869    -662.730    -0.044
347.039    -661.479    -0.044
346.127    -660.044    -0.044
345.334    -658.770    -0.043
344.499    -657.405    -0.043
343.679    -656.031    -0.043
342.836    -654.553    -0.043
342.121    -653.234    -0.043
341.414    -651.911    -0.043
340.672    -650.493    -0.042
339.987    -649.157    -0.042
339.280    -647.721    -0.042
338.574    -646.174    -0.042
337.957    -644.806    -0.042
337.346    -643.436    -0.041
336.668    -641.876    -0.041
336.101    -640.487    -0.041
335.540    -639.095    -0.041
334.951    -637.608    -0.041
334.399    -636.105    -0.041
333.887    -634.694    -0.040
333.349    -633.187    -0.040
332.882    -631.866    -0.040
332.338    -630.255    -0.040
331.865    -628.831    -0.040
331.358    -627.209    -0.040
330.937    -625.768    -0.039
330.524    -624.326    -0.039
330.112    -622.883    -0.039
329.675    -621.240    -0.039
329.323    -619.883    -0.039
328.900    -618.236    -0.039
328.558    -616.776    -0.038
328.194    -615.217    -0.038
327.878    -613.750    -0.038
327.562    -612.283    -0.038
327.232    -610.717    -0.038
326.934    -609.246    -0.038
326.623    -607.676    -0.037
326.364    -606.198    -0.037
326.089    -604.621    -0.037
325.820    -603.043    -0.037
325.591    -601.561    -0.037
325.369    -600.077    -0.037
325.158    -598.591    -0.036
324.941    -597.005    -0.036
324.749    -595.517    -0.036
324.572    -593.927    -0.036
324.410    -592.435    -0.036
324.245    -590.943    -0.036
324.102    -589.349    -0.036
323.967    -587.855    -0.035
323.830    -586.461    -0.035
323.681    -584.868    -0.035
323.548    -583.272    -0.035
323.424    -581.777    -0.035
323.317    -580.280    -0.035
323.210    -578.783    -0.035
323.108    -577.286    -0.034
323.006    -575.789    -0.034
322.910    -574.291    -0.034
322.814    -572.794    -0.034
322.728    -571.196    -0.034
322.645    -569.597    -0.034
322.577    -568.099    -0.034
322.512    -566.600    -0.033
322.447    -565.101    -0.033
322.404    -563.600    -0.033
322.358    -562.001    -0.033
322.318    -560.601    -0.033
322.275    -559.100    -0.033
322.232    -557.601    -0.033
322.198    -556.001    -0.032
322.169    -554.500    -0.032
322.140    -553.000    -0.032
322.112    -551.499    -0.032
322.082    -549.999    -0.032
322.053    -548.499    -0.032
322.024    -546.999    -0.032
321.996    -545.499    -0.032
321.968    -543.998    -0.031
321.941    -542.498    -0.031
321.913    -540.998    -0.031
321.886    -539.497    -0.031
321.859    -537.997    -0.031
321.832    -536.496    -0.031
321.806    -534.996    -0.031
321.778    -533.497    -0.030
321.751    -531.996    -0.030
321.724    -530.496    -0.030
321.697    -528.995    -0.030
321.670    -527.495    -0.030
321.643    -525.994    -0.030
321.614    -524.494    -0.030
321.586    -522.994    -0.030
321.558    -521.493    -0.029
321.530    -519.994    -0.029
321.502    -518.493    -0.029
321.473    -516.993    -0.029
321.445    -515.493    -0.029
321.417    -513.992    -0.029
321.387    -512.492    -0.029
321.356    -510.991    -0.029
321.324    -509.492    -0.029
321.291    -507.992    -0.028
321.265    -506.491    -0.028
321.242    -504.991    -0.028
321.219    -503.490    -0.028
321.196    -501.990    -0.028
321.169    -500.490    -0.028
321.142    -498.989    -0.028
321.117    -497.489    -0.028
321.095    -495.988    -0.027
321.073    -494.488    -0.027
321.050    -492.988    -0.027
321.022    -491.488    -0.027
320.995    -489.988    -0.027
320.970    -488.487    -0.027
320.946    -486.987    -0.027
320.925    -485.486    -0.027
320.906    -483.986    -0.026
320.880    -482.485    -0.026
320.846    -480.985    -0.026
320.811    -479.486    -0.026
320.779    -477.985    -0.026
320.752    -476.485    -0.026
320.724    -474.985    -0.026
320.698    -473.484    -0.026
320.673    -471.984    -0.026
320.647    -470.483    -0.025
320.616    -468.983    -0.025
320.586    -467.484    -0.025
320.565    -465.983    -0.025
320.544    -464.483    -0.025
320.519    -462.982    -0.025
320.493    -461.482    -0.025
320.468    -459.981    -0.025
320.443    -458.481    -0.025
320.417    -456.981    -0.024
320.390    -455.480    -0.024
320.363    -453.980    -0.024
320.333    -452.479    -0.024
320.300    -450.980    -0.024
320.265    -449.480    -0.024
320.226    -447.979    -0.024
320.186    -446.579    -0.024
320.139    -444.980    -0.024
320.089    -443.479    -0.023
320.040    -442.080    -0.023
319.985    -440.481    -0.023
319.923    -439.282    -0.023
319.833    -437.784    -0.023
319.729    -436.287    -0.023
319.624    -434.790    -0.023
319.511    -433.294    -0.023
319.406    -431.998    -0.023
319.243    -430.406    -0.023
319.097    -429.013    -0.022
318.933    -427.521    -0.022
318.779    -426.129    -0.022
318.605    -424.638    -0.022
318.431    -423.148    -0.022
318.240    -421.760    -0.022
318.034    -420.274    -0.022
317.829    -418.788    -0.022
317.616    -417.302    -0.022
317.403    -415.817    -0.021
317.176    -414.435    -0.021
316.931    -412.955    -0.021
316.692    -411.575    -0.021
316.440    -410.197    -0.021
316.169    -408.721    -0.021
315.877    -407.148    -0.021
315.633    -405.870    -0.021
315.318    -404.301    -0.021
315.028    -402.931    -0.021
314.732    -401.562    -0.020
314.406    -400.098    -0.020
314.092    -398.733    -0.020
313.747    -397.272    -0.020
313.383    -395.816    -0.020
313.014    -394.362    -0.020
312.641    -392.909    -0.020
312.266    -391.455    -0.020
311.939    -390.197    -0.020
311.535    -388.752    -0.019
311.130    -387.307    -0.019
310.720    -385.864    -0.019
310.324    -384.521    -0.019
309.896    -383.082    -0.019
309.460    -381.646    -0.019
309.019    -380.212    -0.019
308.576    -378.778    -0.019
308.149    -377.445    -0.019
307.710    -376.114    -0.019
307.229    -374.693    -0.018
306.778    -373.367    -0.018
306.276    -371.953    -0.018
305.767    -370.541    -0.018
305.264    -369.128    -0.018
304.794    -367.808    -0.018
304.284    -366.505    -0.018
303.734    -365.108    -0.018
303.144    -363.620    -0.018
302.600    -362.222    -0.017
302.119    -361.014    -0.017
301.537    -359.631    -0.017
300.994    -358.340    -0.017
300.405    -356.960    -0.017
299.813    -355.581    -0.017
299.208    -354.208    -0.017
298.676    -353.021    -0.017
298.041    -351.661    -0.017
297.406    -350.302    -0.017
296.813    -349.033    -0.016
296.157    -347.684    -0.016
295.457    -346.244    -0.016
294.837    -344.988    -0.016
294.167    -343.646    -0.016
293.493    -342.305    -0.016
292.862    -341.055    -0.016
292.212    -339.814    -0.016
291.520    -338.483    -0.016
290.817    -337.157    -0.016
290.107    -335.834    -0.015
289.492    -334.690    -0.015
288.749    -333.386    -0.015
288.007    -332.082    -0.015
287.264    -330.778    -0.015
286.512    -329.479    -0.015
285.804    -328.271    -0.015
285.029    -326.985    -0.015
284.261    -325.697    -0.015
283.517    -324.510    -0.015
282.770    -323.325    -0.014
282.015    -322.146    -0.014
281.137    -320.807    -0.014
280.369    -319.637    -0.014
279.537    -318.388    -0.014
278.700    -317.143    -0.014
277.908    -315.987    -0.014
277.060    -314.750    -0.014
276.208    -313.514    -0.014
275.401    -312.369    -0.014
274.483    -311.058    -0.014
273.667    -309.921    -0.013
272.787    -308.705    -0.013
271.908    -307.489    -0.013
271.081    -306.358    -0.013
270.187    -305.153    -0.013
269.339    -304.038    -0.013
268.369    -302.766    -0.013
267.516    -301.655    -0.013
266.594    -300.471    -0.013
265.718    -299.379    -0.013
264.835    -298.291    -0.012
263.878    -297.136    -0.012
263.041    -296.140    -0.012
262.047    -295.016    -0.012
261.052    -293.894    -0.012
260.054    -292.773    -0.012
259.050    -291.658    -0.012
258.112    -290.618    -0.012
257.040    -289.429    -0.012
256.103    -288.388    -0.012
255.099    -287.273    -0.012
254.093    -286.160    -0.011
253.076    -285.056    -0.011
252.059    -283.953    -0.011
251.042    -282.850    -0.011
250.025    -281.747    -0.011
249.011    -280.639    -0.011
247.998    -279.533    -0.011
246.985    -278.426    -0.011
245.972    -277.319    -0.011
244.959    -276.213    -0.011
243.946    -275.105    -0.011
242.932    -273.998    -0.011
241.919    -272.892    -0.010
240.906    -271.785    -0.010
239.893    -270.678    -0.010
238.879    -269.571    -0.010
237.866    -268.465    -0.010
236.853    -267.359    -0.010
235.839    -266.251    -0.010
234.825    -265.145    -0.010
233.812    -264.039    -0.010
232.798    -262.932    -0.010
231.785    -261.826    -0.010
230.771    -260.720    -0.010
229.756    -259.615    -0.009
228.740    -258.509    -0.009
227.726    -257.404    -0.009
226.711    -256.298    -0.009
225.696    -255.194    -0.009
224.680    -254.089    -0.009
223.665    -252.985    -0.009
222.649    -251.880    -0.009
221.633    -250.775    -0.009
220.618    -249.670    -0.009
219.605    -248.564    -0.009
218.592    -247.457    -0.009
217.579    -246.349    -0.008
216.566    -245.242    -0.008
215.552    -244.136    -0.008
214.540    -243.028    -0.008
213.529    -241.918    -0.008
212.518    -240.810    -0.008
211.440    -239.627    -0.008
210.496    -238.593    -0.008
209.485    -237.485    -0.008
208.469    -236.379    -0.008
207.453    -235.275    -0.008
206.438    -234.171    -0.008
205.422    -233.066    -0.008
204.407    -231.961    -0.008
203.393    -230.855    -0.007
202.381    -229.748    -0.007
201.367    -228.641    -0.007
200.355    -227.533    -0.007
199.342    -226.425    -0.007
198.330    -225.318    -0.007
197.319    -224.210    -0.007
196.307    -223.102    -0.007
195.295    -221.993    -0.007
194.283    -220.885    -0.007
193.272    -219.777    -0.007
192.259    -218.670    -0.007
191.247    -217.562    -0.007
190.234    -216.455    -0.007
189.220    -215.348    -0.006
188.207    -214.241    -0.006
187.195    -213.133    -0.006
186.183    -212.026    -0.006
185.171    -210.918    -0.006
184.159    -209.811    -0.006
183.147    -208.702    -0.006
182.134    -207.595    -0.006
181.121    -206.488    -0.006
180.107    -205.382    -0.006
179.094    -204.275    -0.006
178.081    -203.168    -0.006
177.068    -202.061    -0.006
176.053    -200.956    -0.006
175.038    -199.851    -0.006
174.023    -198.745    -0.005
173.007    -197.640    -0.005
171.992    -196.536    -0.005
170.977    -195.431    -0.005
169.963    -194.326    -0.005
168.947    -193.219    -0.005
167.933    -192.114    -0.005
166.919    -191.008    -0.005
165.904    -189.903    -0.005
164.892    -188.795    -0.005
163.882    -187.685    -0.005
162.872    -186.576    -0.005
161.861    -185.467    -0.005
160.851    -184.357    -0.005
159.841    -183.247    -0.005
158.828    -182.141    -0.005
157.815    -181.034    -0.005
156.802    -179.926    -0.004
155.788    -178.820    -0.004
154.775    -177.713    -0.004
153.761    -176.607    -0.004
152.746    -175.502    -0.004
151.731    -174.396    -0.004
150.717    -173.291    -0.004
149.702    -172.186    -0.004
148.687    -171.080    -0.004
147.672    -169.974    -0.004
146.658    -168.868    -0.004
145.644    -167.763    -0.004
144.630    -166.657    -0.004
143.615    -165.552    -0.004
142.602    -164.445    -0.004
141.588    -163.338    -0.004
140.575    -162.231    -0.004
139.563    -161.124    -0.004
138.549    -160.017    -0.004
137.536    -158.910    -0.003
136.523    -157.804    -0.003
135.508    -156.698    -0.003
134.493    -155.593    -0.003
133.480    -154.486    -0.003
132.466    -153.380    -0.003
131.453    -152.273    -0.003
130.441    -151.166    -0.003
129.429    -150.057    -0.003
128.416    -148.950    -0.003
127.404    -147.842    -0.003
126.392    -146.735    -0.003
125.379    -145.627    -0.003
124.366    -144.520    -0.003
123.353    -143.413    -0.003
122.340    -142.306    -0.003
121.327    -141.199    -0.003
120.316    -140.090    -0.003
119.305    -138.982    -0.003
118.294    -137.873    -0.003
117.283    -136.764    -0.003
116.272    -135.656    -0.003
115.258    -134.548    -0.002
114.243    -133.443    -0.002
113.229    -132.338    -0.002
112.214    -131.232    -0.002
111.199    -130.128    -0.002
110.184    -129.023    -0.002
109.168    -127.918    -0.002
108.151    -126.813    -0.002
107.135    -125.710    -0.002
106.119    -124.606    -0.002
105.103    -123.502    -0.002
104.088    -122.397    -0.002
103.075    -121.290    -0.002
102.061    -120.184    -0.002
101.046    -119.078    -0.002
100.032    -117.972    -0.002
99.019    -116.866    -0.002
98.006    -115.758    -0.002
96.993    -114.651    -0.002
95.981    -113.544    -0.002
94.967    -112.437    -0.002
93.954    -111.330    -0.002
92.940    -110.223    -0.002
91.925    -109.119    -0.002
90.909    -108.015    -0.002
89.894    -106.910    -0.002
88.878    -105.805    -0.001
87.861    -104.701    -0.001
86.847    -103.596    -0.001
85.833    -102.490    -0.001
84.819    -101.383    -0.001
83.804    -100.278    -0.001
82.790    -99.172    -0.001
81.776    -98.067    -0.001
80.761    -96.961    -0.001
79.746    -95.855    -0.001
78.731    -94.750    -0.001
77.717    -93.645    -0.001
76.702    -92.540    -0.001
75.689    -91.433    -0.001
74.676    -90.326    -0.001
73.662    -89.219    -0.001
72.649    -88.112    -0.001
71.636    -87.005    -0.001
70.622    -85.899    -0.001
69.608    -84.793    -0.001
68.594    -83.687    -0.001
67.581    -82.581    -0.001
66.565    -81.475    -0.001
65.551    -80.369    -0.001
64.539    -79.262    -0.001
63.527    -78.154    -0.001
62.515    -77.046    -0.001
61.502    -75.939    -0.001
60.489    -74.831    -0.001
59.477    -73.724    -0.001
58.464    -72.616    -0.001
57.452    -71.509    -0.001
56.439    -70.402    -0.001
55.427    -69.295    -0.001
54.414    -68.188    -0.001
53.400    -67.080    -0.001
52.387    -65.973    -0.001
51.374    -64.867    -0.001
50.361    -63.761    -0.001
49.348    -62.653    -0.000
48.334    -61.547    -0.000
47.319    -60.442    -0.000
46.304    -59.336    -0.000
45.290    -58.230    -0.000
44.275    -57.125    -0.000
43.260    -56.020    -0.000
42.245    -54.915    -0.000
41.231    -53.810    -0.000
40.215    -52.704    -0.000
39.200    -51.598    -0.000
38.186    -50.493    -0.000
37.173    -49.387    -0.000
36.162    -48.277    -0.000
35.152    -47.168    -0.000
34.142    -46.059    -0.000
33.064    -44.875    -0.000
32.120    -43.840    -0.000
31.107    -42.733    -0.000
30.093    -41.627    -0.000
29.079    -40.521    -0.000
28.065    -39.415    -0.000
27.050    -38.309    -0.000
26.036    -37.203    -0.000
25.022    -36.098    -0.000
24.007    -34.992    -0.000
22.993    -33.886    -0.000
21.978    -32.781    -0.000
20.964    -31.676    -0.000
19.950    -30.568    -0.000
18.940    -29.459    -0.000
17.930    -28.349    -0.000
16.920    -27.240    -0.000
15.910    -26.131    -0.000
14.899    -25.022    -0.000
13.885    -23.914    -0.000
12.871    -22.808    -0.000
11.858    -21.702    -0.000
10.844    -20.597    -0.000
9.829    -19.490    -0.000
8.816    -18.384    -0.000
7.802    -17.278    -0.000
6.788    -16.172    -0.000
5.774    -15.064    -0.000
4.761    -13.958    -0.000
3.747    -12.852    -0.000
2.734    -11.746    -0.000
1.720    -10.640    -0.000
0.707    -9.533    -0.000
-0.308    -8.427    -0.000
-1.322    -7.321    -0.000
-2.335    -6.215    -0.000
-3.347    -5.106    -0.000
-4.360    -3.999    -0.000
