-1.410    -1.322    -0.000
-2.425    -0.216    -0.000
-3.439    0.890    -0.000
-4.453    1.996    -0.000
-5.467    3.102    -0.000
-6.481    4.208    -0.000
-7.495    5.314    -0.000
-8.508    6.420    -0.000
-9.521    7.529    -0.000
-10.532    8.637    -0.000
-11.544    9.744    -0.000
-12.556    10.852    -0.000
-13.568    11.961    -0.000
-14.583    13.066    -0.000
-15.599    14.170    -0.000
-16.614    15.275    -0.000
-17.629    16.381    -0.000
-18.644    17.486    -0.000
-19.657    18.592    -0.000
-20.669    19.700    -0.000
-21.680    20.808    -0.000
-22.693    21.917    -0.000
-23.705    23.025    -0.000
-24.716    24.133    -0.000
-25.732    25.237    -0.000
-26.748    26.342    -0.000
-27.763    27.447    -0.000
-28.778    28.551    -0.000
-29.795    29.655    -0.000
-30.810    30.760    -0.000
-31.824    31.867    -0.000
-32.838    32.972    -0.000
-33.852    34.078    -0.000
-34.866    35.184    -0.000
-35.881    36.291    -0.000
-36.893    37.399    -0.000
-37.904    38.506    -0.000
-38.916    39.614    -0.000
-39.928    40.723    -0.000
-40.939    41.831    -0.000
-41.951    42.939    -0.000
-42.963    44.047    -0.000
-43.975    45.155    -0.000
-44.987    46.264    -0.000
-45.999    47.371    -0.000
-47.010    48.480    -0.000
-48.022    49.587    -0.000
-49.036    50.694    -0.000
-50.049    51.801    -0.000
-51.062    52.908    -0.000
-52.075    54.015    -0.000
-53.087    55.123    -0.000
-54.103    56.227    -0.000
-55.119    57.331    -0.000
-56.136    58.435    -0.001
-57.152    59.539    -0.001
-58.168    60.644    -0.001
-59.184    61.748    -0.001
-60.200    62.852    -0.001
-61.216    63.956    -0.001
-62.232    65.061    -0.001
-63.248    66.165    -0.001
-64.264    67.269    -0.001
-65.277    68.375    -0.001
-66.291    69.481    -0.001
-67.304    70.589    -0.001
-68.318    71.695    -0.001
-69.331    72.802    -0.001
-70.344    73.909    -0.001
-71.356    75.017    -0.001
-72.368    76.125    -0.001
-73.379    77.233    -0.001
-74.391    78.341    -0.001
-75.402    79.450    -0.001
-76.417    80.556    -0.001
-77.432    81.661    -0.001
-78.447    82.766    -0.001
-79.462    83.871    -0.001
-80.476    84.977    -0.001
-81.491    86.082    -0.001
-82.503    87.189    -0.001
-83.517    88.297    -0.001
-84.529    89.405    -0.001
-85.541    90.513    -0.001
-86.553    91.620    -0.001
-87.565    92.728    -0.001
-88.577    93.835    -0.001
-89.590    94.944    -0.001
-90.602    96.051    -0.001
-91.613    97.159    -0.001
-92.625    98.267    -0.001
-93.639    99.374    -0.001
-94.653    100.479    -0.001
-95.667    101.585    -0.002
-96.682    102.691    -0.002
-97.696    103.798    -0.002
-98.709    104.904    -0.002
-99.723    106.010    -0.002
-100.736    107.117    -0.002
-101.749    108.223    -0.002
-102.762    109.331    -0.002
-103.776    110.438    -0.002
-104.789    111.544    -0.002
-105.803    112.650    -0.002
-106.816    113.757    -0.002
-107.830    114.864    -0.002
-108.843    115.970    -0.002
-109.857    117.076    -0.002
-110.869    118.185    -0.002
-111.880    119.293    -0.002
-112.892    120.401    -0.002
-113.903    121.510    -0.002
-114.914    122.619    -0.002
-115.929    123.724    -0.002
-116.947    124.827    -0.002
-117.964    125.930    -0.002
-118.980    127.034    -0.002
-119.997    128.138    -0.002
-121.013    129.242    -0.002
-122.028    130.347    -0.003
-123.043    131.452    -0.003
-124.058    132.557    -0.003
-125.072    133.664    -0.003
-126.087    134.769    -0.003
-127.099    135.876    -0.003
-128.110    136.985    -0.003
-129.121    138.095    -0.003
-130.132    139.204    -0.003
-131.142    140.313    -0.003
-132.153    141.421    -0.003
-133.164    142.530    -0.003
-134.176    143.639    -0.003
-135.187    144.747    -0.003
-136.198    145.855    -0.003
-137.209    146.965    -0.003
-138.222    148.072    -0.003
-139.236    149.178    -0.003
-140.249    150.284    -0.003
-141.263    151.391    -0.003
-142.276    152.498    -0.003
-143.290    153.605    -0.003
-144.306    154.709    -0.004
-145.321    155.813    -0.004
-146.336    156.919    -0.004
-147.351    158.024    -0.004
-148.366    159.129    -0.004
-149.379    160.235    -0.004
-150.393    161.342    -0.004
-151.405    162.450    -0.004
-152.418    163.558    -0.004
-153.430    164.665    -0.004
-154.442    165.772    -0.004
-155.453    166.882    -0.004
-156.465    167.990    -0.004
-157.476    169.099    -0.004
-158.487    170.207    -0.004
-159.498    171.317    -0.004
-160.512    172.423    -0.004
-161.528    173.526    -0.004
-162.545    174.630    -0.004
-163.562    175.733    -0.005
-164.579    176.837    -0.005
-165.595    177.941    -0.005
-166.610    179.046    -0.005
-167.625    180.151    -0.005
-168.639    181.257    -0.005
-169.654    182.363    -0.005
-170.669    183.468    -0.005
-171.683    184.573    -0.005
-172.697    185.679    -0.005
-173.711    186.786    -0.005
-174.725    187.892    -0.005
-175.738    188.999    -0.005
-176.752    190.105    -0.005
-177.769    191.209    -0.005
-178.785    192.313    -0.005
-179.801    193.417    -0.005
-180.817    194.521    -0.006
-181.833    195.625    -0.006
-182.784    196.654    -0.006
-183.878    197.822    -0.006
-184.836    198.843    -0.006
-185.931    200.011    -0.006
-186.958    201.106    -0.006
-187.983    202.201    -0.006
-188.953    203.211    -0.006
-189.998    204.288    -0.006
-191.096    205.430    -0.006
-192.107    206.538    -0.006
-193.118    207.646    -0.006
-194.130    208.754    -0.006
-195.141    209.863    -0.006
-196.152    210.972    -0.007
-197.164    212.080    -0.007
-198.176    213.188    -0.007
-199.187    214.296    -0.007
-200.198    215.405    -0.007
-201.210    216.514    -0.007
-202.221    217.622    -0.007
-203.233    218.730    -0.007
-204.244    219.839    -0.007
-205.256    220.947    -0.007
-206.267    222.056    -0.007
-207.278    223.164    -0.007
-208.289    224.273    -0.007
-209.301    225.381    -0.007
-210.313    226.490    -0.007
-211.324    227.598    -0.008
-212.335    228.707    -0.008
-213.347    229.815    -0.008
-214.358    230.923    -0.008
-215.369    232.032    -0.008
-216.381    233.141    -0.008
-217.393    234.249    -0.008
-218.404    235.357    -0.008
-219.415    236.465    -0.008
-220.426    237.575    -0.008
-221.438    238.683    -0.008
-222.512    239.870    -0.008
-223.487    241.009    -0.008
-224.400    242.072    -0.009
-225.411    243.180    -0.009
-226.424    244.288    -0.009
-227.435    245.397    -0.009
-228.447    246.505    -0.009
-229.458    247.613    -0.009
-230.471    248.720    -0.009
-231.485    249.826    -0.009
-232.501    250.932    -0.009
-233.515    252.037    -0.009
-234.529    253.143    -0.009
-235.543    254.249    -0.009
-236.558    255.354    -0.010
-237.573    256.459    -0.010
-238.588    257.564    -0.010
-239.603    258.670    -0.010
-240.617    259.776    -0.010
-241.631    260.882    -0.010
-242.645    261.988    -0.010
-243.658    263.094    -0.010
-244.672    264.202    -0.010
-245.685    265.308    -0.010
-246.699    266.415    -0.010
-247.711    267.522    -0.010
-248.724    268.629    -0.011
-249.736    269.738    -0.011
-250.748    270.845    -0.011
-251.760    271.953    -0.011
-252.773    273.059    -0.011
-253.787    274.166    -0.011
-254.801    275.273    -0.011
-255.814    276.379    -0.011
-256.827    277.486    -0.011
-257.840    278.593    -0.011
-258.853    279.700    -0.011
-259.867    280.806    -0.011
-260.880    281.913    -0.012
-261.892    283.021    -0.012
-262.905    284.129    -0.012
-263.918    285.235    -0.012
-264.933    286.340    -0.012
-265.948    287.445    -0.012
-266.963    288.551    -0.012
-267.977    289.657    -0.012
-268.992    290.762    -0.012
-270.007    291.867    -0.012
-271.022    292.972    -0.013
-272.036    294.078    -0.013
-273.051    295.183    -0.013
-274.066    296.289    -0.013
-275.081    297.394    -0.013
-276.095    298.501    -0.013
-277.109    299.606    -0.013
-278.123    300.712    -0.013
-279.137    301.817    -0.013
-280.151    302.923    -0.013
-281.166    304.031    -0.013
-282.179    305.137    -0.014
-283.192    306.244    -0.014
-284.205    307.350    -0.014
-285.218    308.458    -0.014
-286.233    309.563    -0.014
-287.249    310.667    -0.014
-288.265    311.771    -0.014
-289.280    312.876    -0.014
-290.296    313.981    -0.014
-291.308    315.089    -0.014
-292.317    316.199    -0.015
-293.327    317.309    -0.015
-294.337    318.420    -0.015
-295.346    319.530    -0.015
-296.355    320.640    -0.015
-297.364    321.750    -0.015
-298.374    322.860    -0.015
-299.384    323.970    -0.015
-300.395    325.079    -0.015
-301.404    326.189    -0.015
-302.419    327.296    -0.016
-303.437    328.398    -0.016
-304.455    329.500    -0.016
-305.473    330.602    -0.016
-306.491    331.704    -0.016
-307.509    332.807    -0.016
-308.524    333.912    -0.016
-309.539    335.017    -0.016
-310.553    336.123    -0.016
-311.568    337.229    -0.017
-312.582    338.334    -0.017
-313.595    339.441    -0.017
-314.607    340.549    -0.017
-315.619    341.657    -0.017
-316.630    342.766    -0.017
-317.642    343.875    -0.017
-318.652    344.983    -0.017
-319.663    346.092    -0.017
-320.675    347.201    -0.018
-321.686    348.310    -0.018
-322.697    349.419    -0.018
-323.707    350.527    -0.018
-324.718    351.637    -0.018
-325.728    352.746    -0.018
-326.740    353.855    -0.018
-327.750    354.964    -0.018
-328.766    356.069    -0.018
-329.784    357.171    -0.019
-330.803    358.272    -0.019
-331.822    359.374    -0.019
-332.837    360.479    -0.019
-333.850    361.587    -0.019
-334.873    362.685    -0.019
-335.891    363.787    -0.019
-336.907    364.890    -0.019
-337.923    365.994    -0.019
-338.939    367.099    -0.020
-339.960    368.199    -0.020
-340.985    369.294    -0.020
-342.022    370.379    -0.020
-343.058    371.464    -0.020
-344.095    372.549    -0.020
-345.062    373.563    -0.020
-346.130    374.617    -0.020
-347.214    375.654    -0.021
-348.300    376.689    -0.021
-349.316    377.654    -0.021
-350.435    378.653    -0.021
-351.555    379.652    -0.021
-352.689    380.634    -0.021
-353.842    381.594    -0.021
-354.918    382.491    -0.021
-356.147    383.516    -0.022
-357.231    384.402    -0.022
-358.412    385.329    -0.022
-359.550    386.144    -0.022
-360.771    387.016    -0.022
-361.992    387.890    -0.022
-363.220    388.751    -0.022
-364.462    389.592    -0.022
-365.650    390.334    -0.022
-366.939    391.104    -0.023
-368.227    391.873    -0.023
-369.515    392.642    -0.023
-370.809    393.402    -0.023
-372.026    394.096    -0.023
-373.348    394.805    -0.023
-374.670    395.515    -0.023
-375.991    396.224    -0.023
-377.327    396.909    -0.024
-378.582    397.531    -0.024
-379.942    398.166    -0.024
-381.305    398.793    -0.024
-382.667    399.421    -0.024
-384.038    400.033    -0.024
-385.324    400.587    -0.024
-386.722    401.130    -0.024
-388.124    401.665    -0.024
-389.527    402.200    -0.025
-390.840    402.684    -0.025
-392.263    403.162    -0.025
-393.593    403.600    -0.025
-395.031    404.029    -0.025
-396.469    404.456    -0.025
-397.908    404.884    -0.025
-399.350    405.299    -0.025
-400.799    405.688    -0.026
-402.158    406.025    -0.026
-403.616    406.381    -0.026
-405.074    406.739    -0.026
-406.534    407.079    -0.026
-408.004    407.384    -0.026
-409.379    407.648    -0.026
-410.858    407.905    -0.026
-412.336    408.162    -0.026
-413.717    408.390    -0.027
-415.303    408.610    -0.027
-416.691    408.799    -0.027
-418.181    408.969    -0.027
-419.672    409.139    -0.027
-421.164    409.309    -0.027
-422.657    409.449    -0.027
-424.151    409.590    -0.027
-425.547    409.702    -0.027
-427.045    409.795    -0.027
-428.542    409.889    -0.028
-430.041    409.949    -0.028
-431.442    409.989    -0.028
-432.941    410.001    -0.028
-434.442    409.982    -0.028
-435.942    409.962    -0.028
-437.343    409.944    -0.028
-438.841    409.849    -0.028
-440.339    409.771    -0.028
-441.733    409.647    -0.028
-443.227    409.501    -0.029
-444.721    409.356    -0.029
-446.210    409.181    -0.029
-447.699    408.988    -0.029
-449.184    408.775    -0.029
-450.568    408.564    -0.029
-452.052    408.338    -0.029
-453.535    408.106    -0.029
-455.016    407.865    -0.029
-456.497    407.626    -0.029
-457.978    407.382    -0.029
-459.459    407.140    -0.030
-460.939    406.894    -0.030
-462.418    406.639    -0.030
-463.898    406.397    -0.030
-465.377    406.142    -0.030
-466.855    405.881    -0.030
-468.332    405.620    -0.030
-469.811    405.367    -0.030
-471.293    405.129    -0.030
-472.770    404.863    -0.030
-474.247    404.603    -0.030
-475.725    404.343    -0.031
-477.203    404.085    -0.031
-478.683    403.833    -0.031
-480.163    403.585    -0.031
-481.642    403.332    -0.031
-483.120    403.073    -0.031
-484.598    402.814    -0.031
-486.076    402.557    -0.031
-487.557    402.313    -0.031
-489.036    402.066    -0.031
-490.514    401.803    -0.032
-491.991    401.540    -0.032
-493.470    401.287    -0.032
-494.951    401.044    -0.032
-496.430    400.792    -0.032
-497.910    400.542    -0.032
-499.389    400.293    -0.032
-500.869    400.044    -0.032
-502.348    399.791    -0.032
-503.827    399.539    -0.032
-505.307    399.291    -0.033
-506.788    399.046    -0.033
-508.269    398.800    -0.033
-509.751    398.567    -0.033
-511.233    398.333    -0.033
-512.714    398.095    -0.033
-514.298    397.862    -0.033
-515.782    397.645    -0.033
-517.268    397.428    -0.033
-518.752    397.212    -0.033
-520.237    396.996    -0.034
-521.724    396.800    -0.034
-523.215    396.621    -0.034
-524.704    396.441    -0.034
-526.194    396.262    -0.034
-527.684    396.083    -0.034
-529.174    395.904    -0.034
-530.766    395.742    -0.034
-532.259    395.591    -0.034
-533.752    395.440    -0.035
-535.244    395.289    -0.035
-536.638    395.148    -0.035
-538.233    395.009    -0.035
-539.729    394.897    -0.035
-541.226    394.786    -0.035
-542.721    394.675    -0.035
-544.218    394.563    -0.035
-545.714    394.452    -0.036
-547.212    394.367    -0.036
-548.711    394.284    -0.036
-550.209    394.202    -0.036
-551.809    394.145    -0.036
-553.309    394.105    -0.036
-554.809    394.077    -0.036
-556.310    394.060    -0.036
-557.810    394.044    -0.037
-559.311    394.027    -0.037
-560.911    394.047    -0.037
-562.410    394.099    -0.037
-563.909    394.176    -0.037
-565.408    394.253    -0.037
-566.906    394.330    -0.037
-568.405    394.406    -0.038
-569.903    394.484    -0.038
-571.499    394.600    -0.038
-572.994    394.731    -0.038
-574.489    394.862    -0.038
-575.983    394.993    -0.038
-577.479    395.125    -0.038
-578.973    395.256    -0.039
-580.462    395.444    -0.039
-582.048    395.662    -0.039
-583.531    395.881    -0.039
-585.013    396.121    -0.039
-586.491    396.380    -0.039
-587.966    396.655    -0.039
-589.536    396.965    -0.040
-591.004    397.279    -0.040
-592.467    397.611    -0.040
-593.927    397.956    -0.040
-595.383    398.320    -0.040
-596.930    398.731    -0.040
-598.376    399.131    -0.041
-599.818    399.547    -0.041
-601.253    399.985    -0.041
-602.683    400.439    -0.041
-604.203    400.940    -0.041
-605.623    401.427    -0.041
-607.034    401.935    -0.042
-608.441    402.458    -0.042
-609.935    403.033    -0.042
-611.328    403.591    -0.042
-612.713    404.166    -0.042
-614.092    404.757    -0.042
-615.466    405.362    -0.043
-616.829    405.989    -0.043
-618.276    406.673    -0.043
-619.625    407.329    -0.043
-620.966    408.003    -0.043
-622.298    408.696    -0.043
-623.621    409.402    -0.044
-624.938    410.121    -0.044
-626.243    410.862    -0.044
-627.627    411.667    -0.044
-628.915    412.436    -0.044
-630.193    413.221    -0.045
-631.461    414.025    -0.045
-632.803    414.896    -0.045
-634.054    415.725    -0.045
-635.291    416.575    -0.045
-636.477    417.493    -0.045
-637.682    418.546    -0.046
-638.811    419.535    -0.046
-639.932    420.531    -0.046
-641.024    421.560    -0.046
-642.117    422.589    -0.046
-643.263    423.705    -0.047
-644.315    424.776    -0.047
-645.366    425.847    -0.047
-646.467    427.008    -0.047
-647.478    428.116    -0.047
-648.489    429.225    -0.047
-649.464    430.366    -0.048
-650.432    431.513    -0.048
-651.397    432.661    -0.048
-652.382    433.923    -0.048
-653.302    435.108    -0.048
-654.274    436.380    -0.048
-655.144    437.602    -0.049
-656.014    438.825    -0.049
-656.868    440.058    -0.049
-657.679    441.321    -0.049
-658.490    442.583    -0.049
-659.324    443.950    -0.050
-660.082    445.244    -0.050
-660.841    446.538    -0.050
-661.613    447.940    -0.050
-662.326    449.260    -0.050
-663.080    450.672    -0.050
-663.718    452.031    -0.051
-664.357    453.388    -0.051
-665.029    454.841    -0.051
-665.579    456.129    -0.051
-666.207    457.601    -0.051
-666.768    458.992    -0.051
-667.305    460.394    -0.052
-667.840    461.795    -0.052
-668.370    463.306    -0.052
-668.837    464.731    -0.052
-669.304    466.157    -0.052
-669.743    467.696    -0.052
-670.142    469.143    -0.052
-670.559    470.688    -0.053
-670.890    472.152    -0.053
-671.222    473.615    -0.053
-671.551    475.181    -0.053
-671.825    476.657    -0.053
-672.080    478.034    -0.053
-672.338    479.613    -0.053
-672.549    481.098    -0.054
-672.761    482.584    -0.054
-672.932    484.175    -0.054
-673.082    485.668    -0.054
-673.238    487.261    -0.054
-673.320    488.759    -0.054
-673.403    490.257    -0.054
-673.464    491.756    -0.055
-673.481    493.257    -0.055
-673.498    494.757    -0.055
-673.488    496.358    -0.055
-673.449    497.858    -0.055
-673.409    499.358    -0.055
-673.318    500.956    -0.055
-673.225    502.453    -0.055
-673.110    504.049    -0.055
-672.943    505.541    -0.056
-672.775    507.031    -0.056
-672.576    508.519    -0.056
-672.348    510.002    -0.056
-672.120    511.485    -0.056
-671.813    513.056    -0.056
-671.503    514.524    -0.056
-671.169    516.089    -0.056
-670.802    517.544    -0.056
-670.436    518.999    -0.056
-670.066    520.453    -0.056
-669.645    521.997    -0.057
-669.210    523.434    -0.057
-668.756    524.864    -0.057
-668.286    526.288    -0.057
-667.815    527.714    -0.057
-667.279    529.222    -0.057
-666.735    530.619    -0.057
-666.134    532.103    -0.057
-665.531    533.477    -0.057
-664.928    534.851    -0.057
-664.270    536.310    -0.057
-663.615    537.660    -0.057
-662.946    539.003    -0.057
-662.243    540.329    -0.057
-661.472    541.732    -0.057
-660.748    543.046    -0.057
-660.018    544.357    -0.057
-659.245    545.643    -0.057
-658.403    547.004    -0.057
-657.577    548.256    -0.058
-656.739    549.502    -0.058
-655.903    550.746    -0.058
-654.984    552.057    -0.058
-654.091    553.263    -0.058
-653.177    554.453    -0.058
-652.168    555.696    -0.058
-651.220    556.859    -0.058
-650.270    558.020    -0.058
-649.294    559.160    -0.058
-648.291    560.276    -0.058
-647.201    561.449    -0.058
-646.165    562.534    -0.058
-645.129    563.619    -0.058
-644.079    564.692    -0.058
-642.933    565.807    -0.058
-641.836    566.831    -0.058
-640.723    567.839    -0.058
-639.601    568.835    -0.057
-638.479    569.831    -0.057
-637.245    570.851    -0.057
-636.000    571.856    -0.057
-634.810    572.771    -0.057
-633.600    573.657    -0.057
-632.390    574.545    -0.057
-631.080    575.464    -0.057
-629.836    576.303    -0.057
-628.492    577.172    -0.057
-627.211    577.954    -0.057
-625.926    578.729    -0.057
-624.641    579.503    -0.057
-623.342    580.254    -0.057
-621.939    581.024    -0.057
-620.602    581.707    -0.057
-619.258    582.372    -0.057
-617.914    583.039    -0.057
-616.471    583.733    -0.057
-615.097    584.337    -0.056
-613.717    584.926    -0.056
-612.238    585.534    -0.056
-610.838    586.077    -0.056
-609.439    586.620    -0.056
-607.933    587.160    -0.056
-606.516    587.655    -0.056
-605.087    588.109    -0.056
-603.648    588.535    -0.056
-602.209    588.962    -0.056
-600.669    589.396    -0.056
-599.215    589.765    -0.055
-597.757    590.122    -0.055
-596.195    590.471    -0.055
-594.728    590.788    -0.055
-593.161    591.114    -0.055
-591.681    591.363    -0.055
-590.200    591.601    -0.055
-588.614    591.812    -0.055
-587.125    591.995    -0.055
-585.734    592.167    -0.054
-584.142    592.327    -0.054
-582.647    592.449    -0.054
-581.050    592.547    -0.054
-579.550    592.607    -0.054
-578.050    592.662    -0.054
-576.451    592.714    -0.054
-574.950    592.707    -0.054
-573.450    592.670    -0.053
-571.851    592.618    -0.053
-570.352    592.533    -0.053
-568.854    592.448    -0.053
-567.357    592.350    -0.053
-565.763    592.209    -0.053
-564.271    592.042    -0.053
-562.784    591.846    -0.052
-561.298    591.632    -0.052
-559.814    591.418    -0.052
-558.234    591.160    -0.052
-556.757    590.897    -0.052
-555.289    590.585    -0.052
-553.727    590.237    -0.051
-552.263    589.907    -0.051
-550.800    589.577    -0.051
-549.350    589.188    -0.051
-547.806    588.769    -0.051
-546.270    588.316    -0.051
-544.938    587.883    -0.050
-543.417    587.388    -0.050
-541.991    586.919    -0.050
-540.573    586.429    -0.050
-539.165    585.908    -0.050
-537.673    585.332    -0.050
-536.283    584.766    -0.049
-534.893    584.202    -0.049
-533.511    583.616    -0.049
-532.048    582.967    -0.049
-530.777    582.379    -0.049
-529.333    581.690    -0.049
-527.982    581.035    -0.048
-526.632    580.380    -0.048
-525.292    579.706    -0.048
-523.873    578.964    -0.048
-522.549    578.260    -0.048
-521.237    577.531    -0.048
-519.928    576.796    -0.047
-518.619    576.063    -0.047
-517.244    575.244    -0.047
-515.965    574.459    -0.047
-514.692    573.665    -0.047
-513.432    572.851    -0.046
-512.172    572.035    -0.046
-510.832    571.160    -0.046
-509.590    570.317    -0.046
-508.349    569.474    -0.046
-507.122    568.612    -0.046
-505.905    567.734    -0.045
-504.688    566.855    -0.045
-503.482    565.964    -0.045
-502.277    565.069    -0.045
-500.999    564.105    -0.045
-499.819    563.177    -0.045
-498.640    562.250    -0.044
-497.469    561.312    -0.044
-496.310    560.359    -0.044
-495.149    559.407    -0.044
-494.002    558.441    -0.044
-492.783    557.404    -0.043
-491.715    556.497    -0.043
-490.512    555.442    -0.043
-489.388    554.449    -0.043
-488.267    553.450    -0.043
-487.160    552.438    -0.043
-486.051    551.426    -0.042
-484.949    550.407    -0.042
-483.857    549.378    -0.042
-482.763    548.352    -0.042
-481.676    547.318    -0.042
-480.589    546.283    -0.042
-479.431    545.178    -0.041
-478.364    544.122    -0.041
-477.299    543.067    -0.041
-476.235    542.008    -0.041
-475.178    540.943    -0.041
-474.121    539.878    -0.041
-473.068    538.808    -0.040
-472.023    537.731    -0.040
-470.978    536.654    -0.040
-469.939    535.572    -0.040
-468.902    534.487    -0.040
-467.865    533.403    -0.040
-466.828    532.319    -0.039
-465.792    531.233    -0.039
-464.765    530.140    -0.039
-463.737    529.046    -0.039
-462.709    527.952    -0.039
-461.680    526.861    -0.039
-460.650    525.769    -0.038
-459.634    524.665    -0.038
-458.619    523.560    -0.038
-457.537    522.381    -0.038
-456.594    521.345    -0.038
-455.582    520.237    -0.038
-454.500    519.058    -0.037
-453.553    518.026    -0.037
-452.538    516.920    -0.037
-451.524    515.814    -0.037
-450.510    514.708    -0.037
-449.427    513.530    -0.037
-448.412    512.425    -0.036
-447.465    511.394    -0.036
-446.383    510.215    -0.036
-445.370    509.107    -0.036
-444.357    508.000    -0.036
-443.344    506.893    -0.036
-442.398    505.860    -0.035
-441.316    504.680    -0.035
-440.371    503.648    -0.035
-439.355    502.542    -0.035
-438.274    501.363    -0.035
-437.327    500.330    -0.035
-436.312    499.225    -0.035
-435.298    498.120    -0.034
-434.217    496.939    -0.034
-433.207    495.829    -0.034
-432.197    494.719    -0.034
-431.254    493.684    -0.034
-430.243    492.574    -0.034
-429.233    491.465    -0.033
-428.152    490.285    -0.033
-427.206    489.252    -0.033
-426.192    488.146    -0.033
-425.178    487.039    -0.033
-424.098    485.859    -0.033
-423.083    484.753    -0.032
-422.070    483.646    -0.032
-421.124    482.613    -0.032
-420.043    481.434    -0.032
-419.096    480.401    -0.032
-418.016    479.220    -0.032
-417.003    478.113    -0.032
-415.990    477.007    -0.031
-414.977    475.899    -0.031
-413.964    474.792    -0.031
-412.951    473.686    -0.031
-411.937    472.580    -0.031
-410.991    471.547    -0.031
-409.909    470.367    -0.031
-408.963    469.335    -0.030
-407.881    468.155    -0.030
-406.867    467.049    -0.030
-405.854    465.941    -0.030
-404.841    464.835    -0.030
-403.895    463.802    -0.030
-402.814    462.622    -0.030
-401.868    461.589    -0.029
-400.854    460.483    -0.029
-399.840    459.377    -0.029
-398.825    458.270    -0.029
-397.744    457.092    -0.029
-396.730    455.985    -0.029
-395.783    454.953    -0.029
-394.702    453.773    -0.028
-393.688    452.667    -0.028
-392.741    451.634    -0.028
-391.727    450.528    -0.028
-390.713    449.423    -0.028
-389.699    448.317    -0.028
-388.684    447.212    -0.028
-387.601    446.032    -0.027
-386.591    444.923    -0.027
-385.580    443.814    -0.027
-384.570    442.705    -0.027
-383.560    441.595    -0.027
-382.550    440.485    -0.027
-381.540    439.376    -0.027
-380.530    438.266    -0.026
-379.587    437.230    -0.026
-378.573    436.124    -0.026
-377.558    435.019    -0.026
-376.476    433.840    -0.026
-375.530    432.807    -0.026
-374.515    431.702    -0.026
-373.432    430.523    -0.025
-372.484    429.491    -0.025
-371.403    428.313    -0.025
-370.389    427.206    -0.025
-369.373    426.101    -0.025
-368.359    424.995    -0.025
-367.412    423.963    -0.025
-366.398    422.857    -0.025
-365.318    421.676    -0.024
-364.372    420.644    -0.024
-363.358    419.537    -0.024
-362.276    418.358    -0.024
-361.331    417.325    -0.024
-360.317    416.219    -0.024
-359.235    415.039    -0.024
-358.288    414.006    -0.024
-357.274    412.901    -0.023
-356.260    411.795    -0.023
-355.247    410.688    -0.023
-354.234    409.580    -0.023
-353.154    408.400    -0.023
-352.208    407.366    -0.023
-351.196    406.259    -0.023
-350.183    405.151    -0.023
-349.169    404.046    -0.022
-348.154    402.940    -0.022
-347.072    401.761    -0.022
-346.125    400.730    -0.022
-345.110    399.624    -0.022
-344.096    398.517    -0.022
-343.017    397.336    -0.022
-342.071    396.303    -0.022
-340.991    395.122    -0.021
-340.046    394.088    -0.021
-338.966    392.906    -0.021
-338.019    391.875    -0.021
-337.004    390.769    -0.021
-335.923    389.591    -0.021
-334.975    388.558    -0.021
-333.892    387.380    -0.021
-332.877    386.274    -0.020
-331.930    385.242    -0.020
-330.849    384.063    -0.020
-329.835    382.957    -0.020
-328.819    381.851    -0.020
-327.805    380.746    -0.020
-326.858    379.715    -0.020
-325.841    378.611    -0.020
-324.824    377.507    -0.019
-323.808    376.404    -0.019
-322.724    375.227    -0.019
-321.708    374.122    -0.019
-320.762    373.089    -0.019
-319.749    371.982    -0.019
-318.668    370.801    -0.019
-317.655    369.695    -0.019
-316.642    368.588    -0.019
-315.628    367.481    -0.018
-314.613    366.375    -0.018
-313.668    365.342    -0.018
-312.654    364.236    -0.018
-311.639    363.130    -0.018
-310.626    362.024    -0.018
-309.612    360.918    -0.018
-308.598    359.811    -0.018
-307.584    358.706    -0.018
-306.502    357.526    -0.017
-305.489    356.419    -0.017
-304.477    355.312    -0.017
-303.465    354.205    -0.017
-302.452    353.097    -0.017
-301.507    352.064    -0.017
-300.494    350.955    -0.017
-299.415    349.774    -0.017
-298.471    348.740    -0.017
-297.458    347.632    -0.016
-296.379    346.450    -0.016
-295.367    345.343    -0.016
-294.353    344.235    -0.016
-293.340    343.129    -0.016
-292.394    342.097    -0.016
-291.313    340.917    -0.016
-290.299    339.810    -0.016
-289.353    338.777    -0.016
-288.272    337.598    -0.015
-287.257    336.491    -0.015
-286.311    335.458    -0.015
-285.298    334.352    -0.015
-284.283    333.246    -0.015
-283.202    332.067    -0.015
-282.256    331.033    -0.015
-281.243    329.927    -0.015
-280.229    328.820    -0.015
-279.216    327.714    -0.015
-278.135    326.534    -0.014
-277.189    325.500    -0.014
-276.177    324.392    -0.014
-275.098    323.211    -0.014
-274.153    322.176    -0.014
-273.140    321.069    -0.014
-272.059    319.889    -0.014
-271.112    318.857    -0.014
-270.031    317.677    -0.014
-269.084    316.645    -0.014
-268.070    315.539    -0.013
-267.055    314.434    -0.013
-266.040    313.330    -0.013
-265.024    312.224    -0.013
-264.008    311.120    -0.013
-262.992    310.016    -0.013
-261.910    308.836    -0.013
-260.967    307.801    -0.013
-259.889    306.618    -0.013
-258.879    305.508    -0.013
-257.935    304.473    -0.013
-256.857    303.290    -0.012
-255.843    302.185    -0.012
-254.828    301.080    -0.012
-253.812    299.974    -0.012
-252.797    298.870    -0.012
-251.850    297.838    -0.012
-250.834    296.733    -0.012
-249.753    295.554    -0.012
-248.740    294.447    -0.012
-247.794    293.414    -0.012
-246.713    292.233    -0.011
-245.700    291.127    -0.011
-244.755    290.093    -0.011
-243.742    288.986    -0.011
-242.662    287.805    -0.011
-241.650    286.698    -0.011
-240.636    285.590    -0.011
-239.690    284.558    -0.011
-238.675    283.453    -0.011
-237.660    282.347    -0.011
-236.645    281.242    -0.011
-235.563    280.063    -0.011
-234.615    279.032    -0.010
-233.600    277.926    -0.010
-232.586    276.821    -0.010
-231.571    275.716    -0.010
-230.555    274.610    -0.010
-229.474    273.431    -0.010
-228.461    272.324    -0.010
-227.449    271.216    -0.010
-226.504    270.182    -0.010
-225.424    269.001    -0.010
-224.479    267.967    -0.010
-223.465    266.860    -0.010
-222.452    265.754    -0.009
-221.438    264.648    -0.009
-220.423    263.542    -0.009
-219.341    262.364    -0.009
-218.326    261.258    -0.009
-217.312    260.152    -0.009
-216.300    259.045    -0.009
-215.354    258.011    -0.009
-214.341    256.904    -0.009
-213.260    255.724    -0.009
-212.246    254.617    -0.009
-211.299    253.586    -0.009
-210.282    252.483    -0.008
-209.264    251.380    -0.008
-208.180    250.203    -0.008
-207.163    249.099    -0.008
-206.219    248.064    -0.008
-205.140    246.882    -0.008
-204.197    245.847    -0.008
-203.185    244.739    -0.008
-202.107    243.556    -0.008
-201.163    242.521    -0.008
-200.083    241.341    -0.008
-199.136    240.309    -0.008
-198.055    239.128    -0.008
-197.109    238.095    -0.008
-196.027    236.916    -0.007
-195.080    235.884    -0.007
-194.001    234.703    -0.007
-193.055    233.669    -0.007
-192.042    232.562    -0.007
-190.961    231.382    -0.007
-189.948    230.275    -0.007
-188.935    229.169    -0.007
-187.922    228.062    -0.007
-186.908    226.955    -0.007
-185.962    225.923    -0.007
-184.948    224.817    -0.007
-183.934    223.710    -0.007
-182.919    222.604    -0.007
-181.905    221.498    -0.006
-180.824    220.318    -0.006
-179.810    219.213    -0.006
-178.864    218.179    -0.006
-177.785    216.996    -0.006
-176.842    215.962    -0.006
-175.763    214.780    -0.006
-174.752    213.671    -0.006
-173.807    212.637    -0.006
-172.788    211.535    -0.006
-171.770    210.434    -0.006
-170.752    209.331    -0.006
-169.733    208.229    -0.006
-168.714    207.128    -0.006
-167.697    206.024    -0.006
-166.685    204.916    -0.005
-165.606    203.734    -0.005
-164.662    202.700    -0.005
-163.582    201.518    -0.005
-162.636    200.485    -0.005
-161.623    199.378    -0.005
-160.543    198.198    -0.005
-159.530    197.091    -0.005
-158.515    195.984    -0.005
-157.570    194.951    -0.005
-156.491    193.770    -0.005
-155.480    192.660    -0.005
-154.469    191.551    -0.005
-153.525    190.516    -0.005
-152.514    189.408    -0.005
-151.503    188.299    -0.005
-150.423    187.118    -0.005
-149.478    186.084    -0.004
-148.399    184.903    -0.004
-147.453    183.869    -0.004
-146.374    182.688    -0.004
-145.428    181.655    -0.004
-144.349    180.472    -0.004
-143.338    179.363    -0.004
-142.394    178.329    -0.004
-141.382    177.221    -0.004
-140.304    176.039    -0.004
-139.290    174.933    -0.004
-138.275    173.827    -0.004
-137.260    172.722    -0.004
-136.312    171.690    -0.004
-135.296    170.586    -0.004
-134.281    169.481    -0.004
-133.268    168.374    -0.004
-132.257    167.266    -0.004
-131.245    166.157    -0.004
-130.234    165.049    -0.003
-129.221    163.941    -0.003
-128.208    162.835    -0.003
-127.125    161.657    -0.003
-126.177    160.626    -0.003
-125.093    159.447    -0.003
-124.145    158.417    -0.003
-123.062    157.239    -0.003
-122.048    156.132    -0.003
-121.106    155.095    -0.003
-120.097    153.985    -0.003
-119.020    152.801    -0.003
-118.010    151.691    -0.003
-117.001    150.580    -0.003
-115.988    149.473    -0.003
-114.974    148.368    -0.003
-114.027    147.335    -0.003
-113.013    146.229    -0.003
-111.931    145.050    -0.003
-110.917    143.944    -0.003
-109.970    142.911    -0.003
-108.890    141.731    -0.003
-107.877    140.624    -0.002
-106.930    139.592    -0.002
-105.917    138.486    -0.002
-104.835    137.306    -0.002
-103.822    136.199    -0.002
-102.877    135.164    -0.002
-101.865    134.057    -0.002
-100.853    132.949    -0.002
-99.840    131.842    -0.002
-98.826    130.736    -0.002
-97.742    129.558    -0.002
-96.794    128.528    -0.002
-95.710    127.351    -0.002
-94.761    126.320    -0.002
-93.684    125.137    -0.002
-92.740    124.102    -0.002
-91.729    122.992    -0.002
-90.651    121.810    -0.002
-89.640    120.701    -0.002
-88.629    119.592    -0.002
-87.617    118.484    -0.002
-86.605    117.376    -0.002
-85.593    116.267    -0.002
-84.582    115.159    -0.002
-83.570    114.051    -0.002
-82.554    112.948    -0.002
-81.605    111.917    -0.002
-80.522    110.739    -0.001
-79.505    109.635    -0.001
-78.489    108.531    -0.001
-77.476    107.424    -0.001
-76.465    106.314    -0.001
-75.521    105.280    -0.001
-74.443    104.098    -0.001
-73.432    102.990    -0.001
-72.420    101.880    -0.001
-71.473    100.849    -0.001
-70.459    99.743    -0.001
-69.376    98.565    -0.001
-68.361    97.459    -0.001
-67.413    96.428    -0.001
-66.330    95.249    -0.001
-65.315    94.144    -0.001
-64.300    93.040    -0.001
-63.285    91.933    -0.001
-62.338    90.902    -0.001
-61.256    89.724    -0.001
-60.308    88.692    -0.001
-59.293    87.587    -0.001
-58.214    86.404    -0.001
-57.273    85.368    -0.001
-56.196    84.184    -0.001
-55.187    83.072    -0.001
-54.177    81.963    -0.001
-53.161    80.859    -0.001
-52.212    79.829    -0.001
-51.195    78.725    -0.001
-50.179    77.622    -0.001
-49.161    76.518    -0.001
-48.145    75.415    -0.001
-47.062    74.236    -0.001
-46.048    73.131    -0.001
-45.101    72.098    -0.001
-44.018    70.919    -0.001
-43.004    69.814    -0.001
-41.989    68.709    -0.001
-41.040    67.678    -0.000
-39.956    66.501    -0.000
-38.940    65.397    -0.000
-37.922    64.294    -0.000
-36.974    63.263    -0.000
-35.891    62.084    -0.000
-34.878    60.977    -0.000
-33.866    59.870    -0.000
-32.920    58.836    -0.000
-31.908    57.729    -0.000
-30.827    56.548    -0.000
-29.811    55.444    -0.000
-28.863    54.414    -0.000
-27.778    53.237    -0.000
-26.829    52.207    -0.000
-25.745    51.029    -0.000
-24.731    49.923    -0.000
-23.718    48.815    -0.000
-22.707    47.707    -0.000
-21.763    46.673    -0.000
-20.683    45.491    -0.000
-19.670    44.384    -0.000
-18.657    43.278    -0.000
-17.643    42.171    -0.000
-16.629    41.064    -0.000
-15.684    40.032    -0.000
-14.600    38.854    -0.000
-13.650    37.824    -0.000
-12.634    36.721    -0.000
-11.617    35.618    -0.000
-10.600    34.514    -0.000
-9.583    33.410    -0.000
-8.570    32.303    -0.000
-7.489    31.123    -0.000
-6.476    30.016    -0.000
-5.530    28.983    -0.000
-4.449    27.803    -0.000
-3.435    26.697    -0.000
-2.421    25.591    -0.000
-1.407    24.485    -0.000
-0.393    23.379    -0.000
0.554    22.346    -0.000
1.635    21.167    -0.000
2.649    20.061    -0.000
3.662    18.954    -0.000
4.675    17.846    -0.000
5.687    16.739    -0.000
6.700    15.632    -0.000
7.713    14.525    -0.000
8.726    13.417    -0.000
9.738    12.310    -0.000
10.684    11.277    -0.000
11.697    10.169    -0.000
12.777    8.989    -0.000
13.790    7.881    -0.000
14.803    6.775    -0.000
15.749    5.741    -0.000
16.830    4.562    -0.000
17.843    3.454    -0.000
18.856    2.347    -0.000
19.802    1.314    -0.000
20.882    0.133    -0.000
21.828    -0.900    -0.000
22.908    -2.081    -0.000
23.921    -3.188    -0.000
24.934    -4.294    -0.000
25.947    -5.401    -0.000
26.960    -6.509    -0.000
27.973    -7.616    -0.000
28.986    -8.723    -0.000
29.999    -9.830    -0.000
30.944    -10.864    -0.000
31.956    -11.971    -0.000
32.970    -13.078    -0.000
34.049    -14.259    -0.000
35.062    -15.367    -0.000
36.075    -16.473    -0.000
37.088    -17.581    -0.000
38.101    -18.687    -0.000
39.114    -19.795    -0.000
40.127    -20.902    -0.000
41.140    -22.008    -0.000
42.153    -23.115    -0.000
43.167    -24.222    -0.000
44.180    -25.329    -0.000
45.193    -26.436    -0.000
46.206    -27.542    -0.000
47.219    -28.649    -0.000
48.232    -29.757    -0.000
49.178    -30.789    -0.000
50.260    -31.969    -0.000
51.273    -33.076    -0.000
52.219    -34.109    -0.000
53.233    -35.215    -0.000
54.313    -36.396    -0.000
55.260    -37.429    -0.000
56.274    -38.535    -0.000
57.355    -39.715    -0.000
58.368    -40.821    -0.000
59.313    -41.854    -0.000
60.394    -43.035    -0.000
61.407    -44.143    -0.000
62.353    -45.175    -0.000
63.434    -46.356    -0.000
64.446    -47.463    -0.001
65.459    -48.570    -0.001
66.471    -49.679    -0.001
67.484    -50.786    -0.001
68.429    -51.820    -0.001
69.508    -53.000    -0.001
70.521    -54.109    -0.001
71.534    -55.216    -0.001
72.478    -56.250    -0.001
73.559    -57.430    -0.001
74.574    -58.535    -0.001
75.522    -59.566    -0.001
76.606    -60.744    -0.001
77.553    -61.776    -0.001
78.569    -62.880    -0.001
79.584    -63.985    -0.001
80.665    -65.165    -0.001
81.679    -66.271    -0.001
82.693    -67.377    -0.001
83.708    -68.484    -0.001
84.653    -69.516    -0.001
85.737    -70.695    -0.001
86.752    -71.799    -0.001
87.768    -72.903    -0.001
88.716    -73.934    -0.001
89.732    -75.038    -0.001
90.813    -76.220    -0.001
91.822    -77.329    -0.001
92.832    -78.440    -0.001
93.841    -79.550    -0.001
94.851    -80.659    -0.001
95.863    -81.767    -0.001
96.880    -82.872    -0.001
97.896    -83.976    -0.001
98.843    -85.006    -0.001
99.927    -86.184    -0.001
100.942    -87.289    -0.001
101.887    -88.324    -0.001
102.965    -89.507    -0.001
103.977    -90.615    -0.001
104.921    -91.650    -0.002
106.000    -92.832    -0.002
107.015    -93.936    -0.002
107.964    -94.967    -0.002
109.047    -96.145    -0.002
109.995    -97.176    -0.002
111.011    -98.280    -0.002
112.095    -99.458    -0.002
113.040    -100.492    -0.002
114.121    -101.672    -0.002
115.134    -102.779    -0.002
116.147    -103.886    -0.002
117.160    -104.993    -0.002
118.174    -106.099    -0.002
119.187    -107.207    -0.002
120.200    -108.313    -0.002
121.147    -109.345    -0.002
122.161    -110.452    -0.002
123.241    -111.631    -0.002
124.255    -112.739    -0.002
125.267    -113.846    -0.002
126.212    -114.880    -0.002
127.294    -116.059    -0.002
128.307    -117.167    -0.002
129.320    -118.274    -0.002
130.333    -119.380    -0.002
131.279    -120.413    -0.002
132.361    -121.593    -0.003
133.307    -122.625    -0.003
134.388    -123.805    -0.003
135.402    -124.912    -0.003
136.415    -126.018    -0.003
137.362    -127.051    -0.003
138.375    -128.157    -0.003
139.457    -129.337    -0.003
140.473    -130.441    -0.003
141.489    -131.546    -0.003
142.438    -132.576    -0.003
143.521    -133.753    -0.003
144.538    -134.857    -0.003
145.551    -135.964    -0.003
146.563    -137.073    -0.003
147.508    -138.106    -0.003
148.588    -139.287    -0.003
149.534    -140.321    -0.003
150.613    -141.502    -0.003
151.627    -142.609    -0.003
152.639    -143.716    -0.003
153.652    -144.823    -0.003
154.597    -145.857    -0.004
155.677    -147.038    -0.004
156.626    -148.068    -0.004
157.708    -149.247    -0.004
158.657    -150.278    -0.004
159.740    -151.457    -0.004
160.756    -152.561    -0.004
161.703    -153.593    -0.004
162.782    -154.774    -0.004
163.794    -155.883    -0.004
164.739    -156.915    -0.004
165.752    -158.023    -0.004
166.832    -159.204    -0.004
167.844    -160.312    -0.004
168.856    -161.420    -0.004
169.868    -162.528    -0.004
170.880    -163.635    -0.004
171.893    -164.743    -0.004
172.906    -165.851    -0.005
173.919    -166.957    -0.005
174.932    -168.064    -0.005
175.879    -169.097    -0.005
176.959    -170.277    -0.005
177.973    -171.383    -0.005
178.988    -172.489    -0.005
180.002    -173.594    -0.005
181.016    -174.700    -0.005
182.030    -175.807    -0.005
182.977    -176.838    -0.005
184.058    -178.018    -0.005
185.004    -179.052    -0.005
186.084    -180.233    -0.005
187.029    -181.266    -0.005
188.110    -182.446    -0.005
189.123    -183.553    -0.005
190.135    -184.662    -0.006
191.080    -185.696    -0.006
192.159    -186.878    -0.006
193.103    -187.913    -0.006
194.182    -189.095    -0.006
195.194    -190.202    -0.006
196.208    -191.308    -0.006
197.223    -192.413    -0.006
198.238    -193.518    -0.006
199.185    -194.551    -0.006
200.268    -195.730    -0.006
201.281    -196.836    -0.006
202.225    -197.872    -0.006
203.235    -198.981    -0.006
204.312    -200.164    -0.006
205.256    -201.199    -0.006
206.334    -202.382    -0.007
207.282    -203.413    -0.007
208.300    -204.516    -0.007
209.317    -205.618    -0.007
210.402    -206.795    -0.007
211.352    -207.825    -0.007
212.437    -209.002    -0.007
213.382    -210.035    -0.007
214.463    -211.216    -0.007
215.476    -212.322    -0.007
216.422    -213.356    -0.007
217.502    -214.536    -0.007
218.448    -215.569    -0.007
219.529    -216.749    -0.007
220.543    -217.856    -0.008
221.488    -218.889    -0.008
222.569    -220.070    -0.008
223.582    -221.176    -0.008
224.595    -222.283    -0.008
225.609    -223.390    -0.008
226.622    -224.497    -0.008
227.635    -225.604    -0.008
228.648    -226.710    -0.008
229.595    -227.743    -0.008
230.677    -228.922    -0.008
231.625    -229.953    -0.008
232.707    -231.132    -0.008
233.722    -232.237    -0.009
234.737    -233.344    -0.009
235.683    -234.376    -0.009
236.763    -235.557    -0.009
237.776    -236.663    -0.009
238.790    -237.770    -0.009
239.737    -238.802    -0.009
240.820    -239.980    -0.009
241.836    -241.084    -0.009
242.851    -242.189    -0.009
243.867    -243.294    -0.009
244.882    -244.399    -0.009
245.895    -245.506    -0.009
246.908    -246.613    -0.010
247.921    -247.721    -0.010
248.865    -248.754    -0.010
249.879    -249.861    -0.010
250.891    -250.969    -0.010
251.970    -252.150    -0.010
252.916    -253.184    -0.010
253.996    -254.365    -0.010
255.009    -255.472    -0.010
256.022    -256.578    -0.010
256.971    -257.609    -0.010
258.055    -258.786    -0.010
259.004    -259.816    -0.011
260.021    -260.920    -0.011
261.106    -262.096    -0.011
262.120    -263.203    -0.011
263.131    -264.311    -0.011
264.142    -265.420    -0.011
265.086    -266.455    -0.011
266.098    -267.563    -0.011
267.109    -268.671    -0.011
268.190    -269.852    -0.011
269.135    -270.886    -0.011
270.216    -272.066    -0.012
271.162    -273.099    -0.012
272.175    -274.206    -0.012
273.255    -275.387    -0.012
274.200    -276.421    -0.012
275.281    -277.601    -0.012
276.294    -278.708    -0.012
277.307    -279.815    -0.012
278.318    -280.923    -0.012
279.329    -282.032    -0.012
280.341    -283.141    -0.012
281.353    -284.249    -0.013
282.296    -285.283    -0.013
283.379    -286.462    -0.013
284.327    -287.494    -0.013
285.409    -288.673    -0.013
286.425    -289.777    -0.013
287.439    -290.884    -0.013
288.454    -291.988    -0.013
289.469    -293.093    -0.013
290.484    -294.198    -0.013
291.432    -295.230    -0.014
292.515    -296.408    -0.014
293.529    -297.515    -0.014
294.541    -298.623    -0.014
295.552    -299.730    -0.014
296.564    -300.839    -0.014
297.509    -301.873    -0.014
298.588    -303.054    -0.014
299.601    -304.161    -0.014
300.615    -305.268    -0.014
301.629    -306.375    -0.015
302.574    -307.407    -0.015
303.589    -308.514    -0.015
304.670    -309.692    -0.015
305.685    -310.798    -0.015
306.700    -311.904    -0.015
307.647    -312.935    -0.015
308.661    -314.041    -0.015
309.676    -315.147    -0.015
310.689    -316.254    -0.015
311.701    -317.362    -0.016
312.780    -318.543    -0.016
313.726    -319.577    -0.016
314.807    -320.758    -0.016
315.821    -321.863    -0.016
316.768    -322.896    -0.016
317.849    -324.074    -0.016
318.864    -325.181    -0.016
319.811    -326.212    -0.016
320.894    -327.391    -0.016
321.840    -328.424    -0.017
322.922    -329.602    -0.017
323.869    -330.635    -0.017
324.951    -331.814    -0.017
325.965    -332.919    -0.017
326.912    -333.952    -0.017
327.995    -335.131    -0.017
329.010    -336.236    -0.017
330.024    -337.342    -0.017
331.039    -338.447    -0.018
332.053    -339.554    -0.018
333.066    -340.660    -0.018
334.080    -341.766    -0.018
335.095    -342.871    -0.018
336.109    -343.977    -0.018
337.055    -345.010    -0.018
338.136    -346.190    -0.018
339.150    -347.296    -0.018
340.097    -348.329    -0.019
341.111    -349.435    -0.019
342.192    -350.615    -0.019
343.203    -351.723    -0.019
344.214    -352.832    -0.019
345.225    -353.942    -0.019
346.169    -354.976    -0.019
347.247    -356.158    -0.019
348.259    -357.267    -0.020
349.203    -358.302    -0.020
350.282    -359.484    -0.020
351.227    -360.518    -0.020
352.305    -361.700    -0.020
353.318    -362.807    -0.020
354.333    -363.913    -0.020
355.347    -365.019    -0.020
356.294    -366.050    -0.020
357.309    -367.157    -0.021
358.324    -368.262    -0.021
359.405    -369.441    -0.021
360.420    -370.546    -0.021
361.367    -371.579    -0.021
362.450    -372.757    -0.021
363.396    -373.790    -0.021
364.410    -374.896    -0.021
365.424    -376.003    -0.022
366.505    -377.181    -0.022
367.519    -378.289    -0.022
368.465    -379.321    -0.022
369.478    -380.428    -0.022
370.557    -381.610    -0.022
371.569    -382.718    -0.022
372.581    -383.826    -0.022
373.527    -384.859    -0.023
374.608    -386.039    -0.023
375.553    -387.072    -0.023
376.567    -388.178    -0.023
377.582    -389.284    -0.023
378.664    -390.463    -0.023
379.676    -391.570    -0.023
380.688    -392.679    -0.023
381.700    -393.787    -0.024
382.644    -394.821    -0.024
383.724    -396.003    -0.024
384.670    -397.037    -0.024
385.751    -398.216    -0.024
386.699    -399.247    -0.024
387.781    -400.426    -0.024
388.795    -401.532    -0.025
389.807    -402.641    -0.025
390.818    -403.749    -0.025
391.830    -404.857    -0.025
392.841    -405.965    -0.025
393.853    -407.074    -0.025
394.866    -408.182    -0.025
395.877    -409.290    -0.025
396.889    -410.398    -0.026
397.900    -411.507    -0.026
398.912    -412.615    -0.026
399.857    -413.648    -0.026
400.938    -414.828    -0.026
401.952    -415.935    -0.026
402.966    -417.041    -0.026
403.980    -418.147    -0.027
404.927    -419.179    -0.027
406.009    -420.357    -0.027
407.024    -421.463    -0.027
407.972    -422.494    -0.027
408.987    -423.600    -0.027
410.002    -424.704    -0.027
411.086    -425.883    -0.027
412.096    -426.992    -0.028
413.106    -428.102    -0.028
414.117    -429.211    -0.028
415.127    -430.321    -0.028
416.137    -431.430    -0.028
417.149    -432.538    -0.028
418.096    -433.570    -0.028
419.111    -434.676    -0.029
420.125    -435.781    -0.029
421.208    -436.960    -0.029
422.154    -437.993    -0.029
423.235    -439.173    -0.029
424.181    -440.206    -0.029
425.261    -441.386    -0.029
426.208    -442.419    -0.030
427.288    -443.599    -0.030
428.235    -444.632    -0.030
429.316    -445.812    -0.030
430.330    -446.918    -0.030
431.344    -448.024    -0.030
432.290    -449.057    -0.030
433.370    -450.238    -0.031
434.383    -451.346    -0.031
435.327    -452.380    -0.031
436.408    -453.560    -0.031
437.354    -454.594    -0.031
438.366    -455.701    -0.031
439.445    -456.883    -0.032
440.457    -457.990    -0.032
441.470    -459.099    -0.032
442.483    -460.205    -0.032
443.427    -461.239    -0.032
444.506    -462.421    -0.032
445.451    -463.456    -0.032
446.530    -464.637    -0.033
447.543    -465.745    -0.033
448.555    -466.852    -0.033
449.499    -467.887    -0.033
450.513    -468.994    -0.033
451.592    -470.175    -0.033
452.538    -471.209    -0.033
453.551    -472.316    -0.034
454.632    -473.496    -0.034
455.578    -474.528    -0.034
456.592    -475.634    -0.034
457.607    -476.741    -0.034
458.687    -477.921    -0.034
459.633    -478.953    -0.035
460.645    -480.061    -0.035
461.658    -481.169    -0.035
462.738    -482.350    -0.035
463.684    -483.383    -0.035
464.763    -484.565    -0.035
465.707    -485.600    -0.036
466.785    -486.781    -0.036
467.730    -487.816    -0.036
468.809    -488.998    -0.036
469.821    -490.106    -0.036
470.767    -491.140    -0.036
471.782    -492.245    -0.036
472.797    -493.349    -0.037
473.812    -494.454    -0.037
474.827    -495.560    -0.037
475.842    -496.665    -0.037
476.915    -497.852    -0.037
477.917    -498.969    -0.037
478.920    -500.085    -0.038
479.923    -501.202    -0.038
480.926    -502.318    -0.038
481.922    -503.439    -0.038
482.908    -504.571    -0.038
483.896    -505.701    -0.038
484.875    -506.838    -0.039
485.846    -507.981    -0.039
486.819    -509.125    -0.039
487.782    -510.274    -0.039
488.744    -511.426    -0.039
489.708    -512.576    -0.039
490.713    -513.823    -0.040
491.652    -514.992    -0.040
492.594    -516.160    -0.040
493.539    -517.326    -0.040
494.485    -518.490    -0.040
495.426    -519.659    -0.040
496.354    -520.839    -0.041
497.272    -522.027    -0.041
498.178    -523.222    -0.041
499.082    -524.420    -0.041
499.986    -525.617    -0.041
500.924    -526.914    -0.041
501.800    -528.133    -0.042
502.670    -529.354    -0.042
503.527    -530.587    -0.042
504.383    -531.819    -0.042
505.232    -533.056    -0.042
506.058    -534.309    -0.043
506.938    -535.646    -0.043
507.748    -536.909    -0.043
508.550    -538.177    -0.043
509.353    -539.445    -0.043
510.140    -540.722    -0.043
510.919    -542.005    -0.044
511.677    -543.300    -0.044
512.480    -544.684    -0.044
513.182    -545.896    -0.044
513.976    -547.286    -0.044
514.700    -548.600    -0.044
515.414    -549.920    -0.045
516.109    -551.250    -0.045
516.793    -552.585    -0.045
517.476    -553.921    -0.045
518.184    -555.357    -0.045
518.824    -556.714    -0.045
519.451    -558.077    -0.046
520.065    -559.447    -0.046
520.679    -560.815    -0.046
521.328    -562.279    -0.046
521.891    -563.669    -0.046
522.444    -565.064    -0.046
523.013    -566.560    -0.047
523.529    -567.969    -0.047
524.046    -569.378    -0.047
524.547    -570.793    -0.047
525.026    -572.214    -0.047
525.499    -573.639    -0.048
525.960    -575.171    -0.048
526.381    -576.612    -0.048
526.802    -578.052    -0.048
527.182    -579.503    -0.048
527.567    -581.057    -0.048
527.914    -582.517    -0.049
528.238    -583.981    -0.049
528.563    -585.447    -0.049
528.882    -587.014    -0.049
529.154    -588.490    -0.049
529.415    -589.968    -0.049
529.637    -591.554    -0.049
529.835    -593.041    -0.050
530.032    -594.528    -0.050
530.188    -596.021    -0.050
530.333    -597.615    -0.050
530.441    -599.110    -0.050
530.521    -600.610    -0.050
530.602    -602.108    -0.051
530.658    -603.707    -0.051
530.681    -605.207    -0.051
530.693    -606.708    -0.051
530.655    -608.308    -0.051
530.615    -609.808    -0.051
530.565    -611.307    -0.051
530.470    -612.805    -0.052
530.353    -614.401    -0.052
530.208    -615.894    -0.052
530.042    -617.386    -0.052
529.876    -618.878    -0.052
529.669    -620.464    -0.052
529.430    -621.945    -0.052
529.158    -623.523    -0.053
528.863    -624.994    -0.053
528.569    -626.465    -0.053
528.231    -628.030    -0.053
527.880    -629.489    -0.053
527.522    -630.946    -0.053
527.125    -632.392    -0.053
526.715    -633.836    -0.053
526.305    -635.280    -0.053
525.812    -636.802    -0.054
525.327    -638.222    -0.054
524.788    -639.729    -0.054
524.256    -641.131    -0.054
523.723    -642.535    -0.054
523.178    -643.933    -0.054
522.550    -645.405    -0.054
521.932    -646.772    -0.054
521.286    -648.126    -0.054
520.578    -649.562    -0.054
519.914    -650.908    -0.054
519.222    -652.238    -0.055
518.508    -653.559    -0.055
517.725    -654.955    -0.055
516.952    -656.241    -0.055
516.173    -657.523    -0.055
515.394    -658.805    -0.055
514.513    -660.141    -0.055
513.674    -661.386    -0.055
512.811    -662.613    -0.055
511.868    -663.906    -0.055
510.984    -665.119    -0.055
510.077    -666.315    -0.055
509.149    -667.493    -0.055
508.133    -668.729    -0.055
507.152    -669.865    -0.055
506.167    -670.997    -0.055
505.112    -672.200    -0.056
504.076    -673.287    -0.056
503.041    -674.373    -0.056
501.919    -675.513    -0.056
500.836    -676.553    -0.056
499.754    -677.592    -0.056
498.657    -678.615    -0.056
497.549    -679.627    -0.056
496.414    -680.610    -0.056
495.179    -681.627    -0.056
494.013    -682.572    -0.056
492.849    -683.518    -0.056
491.653    -684.423    -0.056
490.363    -685.372    -0.056
489.141    -686.241    -0.056
487.898    -687.082    -0.056
486.654    -687.923    -0.056
485.323    -688.812    -0.056
484.060    -689.620    -0.056
482.768    -690.385    -0.056
481.379    -691.180    -0.056
480.066    -691.905    -0.056
478.752    -692.630    -0.056
477.423    -693.326    -0.056
476.081    -693.997    -0.056
474.731    -694.651    -0.056
473.270    -695.308    -0.056
471.897    -695.912    -0.056
470.525    -696.518    -0.055
469.040    -697.116    -0.055
467.644    -697.666    -0.055
466.240    -698.197    -0.055
464.821    -698.684    -0.055
463.402    -699.170    -0.055
461.883    -699.675    -0.055
460.449    -700.116    -0.055
459.007    -700.532    -0.055
457.459    -700.938    -0.055
456.003    -701.302    -0.055
454.548    -701.667    -0.055
453.083    -701.994    -0.055
451.512    -702.298    -0.055
450.037    -702.572    -0.055
448.555    -702.810    -0.055
447.074    -703.047    -0.055
445.489    -703.274    -0.054
443.999    -703.445    -0.054
442.507    -703.614    -0.054
441.013    -703.744    -0.054
439.517    -703.853    -0.054
437.920    -703.969    -0.054
436.422    -704.042    -0.054
434.921    -704.092    -0.054
433.322    -704.115    -0.054
431.821    -704.096    -0.054
430.320    -704.077    -0.053
428.721    -704.036    -0.053
427.222    -703.958    -0.053
425.725    -703.857    -0.053
424.132    -703.712    -0.053
422.639    -703.550    -0.053
421.148    -703.388    -0.053
419.658    -703.213    -0.053
418.071    -703.003    -0.053
416.596    -702.730    -0.052
415.120    -702.458    -0.052
413.644    -702.184    -0.052
412.169    -701.911    -0.052
410.609    -701.554    -0.052
409.152    -701.198    -0.052
407.694    -700.841    -0.052
406.254    -700.421    -0.052
404.814    -699.998    -0.051
403.375    -699.573    -0.051
401.854    -699.075    -0.051
400.431    -698.598    -0.051
398.917    -698.081    -0.051
397.520    -697.532    -0.051
396.123    -696.984    -0.050
394.727    -696.434    -0.050
393.352    -695.834    -0.050
391.978    -695.231    -0.050
390.523    -694.565    -0.050
389.182    -693.890    -0.050
387.843    -693.215    -0.050
386.422    -692.478    -0.049
385.113    -691.745    -0.049
383.804    -691.012    -0.049
382.423    -690.202    -0.049
381.146    -689.414    -0.049
379.869    -688.627    -0.049
378.529    -687.753    -0.048
377.377    -686.956    -0.048
376.060    -686.045    -0.048
374.852    -685.157    -0.048
373.655    -684.252    -0.048
372.458    -683.347    -0.048
371.202    -682.354    -0.047
370.041    -681.404    -0.047
368.896    -680.434    -0.047
367.704    -679.366    -0.047
366.595    -678.356    -0.047
365.485    -677.346    -0.047
364.411    -676.298    -0.046
363.352    -675.236    -0.046
362.230    -674.094    -0.046
361.209    -672.994    -0.046
360.189    -671.894    -0.046
359.108    -670.713    -0.045
358.130    -669.575    -0.045
357.169    -668.424    -0.045
356.169    -667.173    -0.045
355.244    -665.992    -0.045
354.319    -664.810    -0.045
353.412    -663.615    -0.044
352.530    -662.401    -0.044
351.618    -661.087    -0.044
350.789    -659.836    -0.044
349.970    -658.578    -0.044
349.151    -657.322    -0.044
348.317    -655.955    -0.043
347.544    -654.669    -0.043
346.778    -653.379    -0.043
346.046    -652.069    -0.043
345.315    -650.759    -0.043
344.549    -649.354    -0.042
343.873    -648.013    -0.042
343.197    -646.674    -0.042
342.501    -645.233    -0.042
341.877    -643.868    -0.042
341.253    -642.504    -0.042
340.649    -641.130    -0.041
340.077    -639.743    -0.041
339.466    -638.263    -0.041
338.917    -636.867    -0.041
338.379    -635.466    -0.041
337.842    -634.065    -0.041
337.311    -632.555    -0.040
336.825    -631.136    -0.040
336.343    -629.715    -0.040
335.882    -628.287    -0.040
335.421    -626.859    -0.040
334.969    -625.428    -0.040
334.560    -623.984    -0.039
334.151    -622.541    -0.039
333.731    -620.996    -0.039
333.353    -619.544    -0.039
332.976    -618.091    -0.039
332.617    -616.635    -0.039
332.258    -615.075    -0.038
331.922    -613.613    -0.038
331.607    -612.146    -0.038
331.300    -610.677    -0.038
330.993    -609.208    -0.038
330.706    -607.735    -0.038
330.425    -606.262    -0.037
330.132    -604.688    -0.037
329.892    -603.207    -0.037
329.652    -601.725    -0.037
329.414    -600.243    -0.037
329.208    -598.757    -0.037
329.003    -597.271    -0.037
328.807    -595.783    -0.036
328.628    -594.294    -0.036
328.449    -592.803    -0.036
328.265    -591.214    -0.036
328.105    -589.721    -0.036
327.947    -588.230    -0.036
327.803    -586.736    -0.035
327.670    -585.241    -0.035
327.538    -583.747    -0.035
327.414    -582.251    -0.035
327.297    -580.755    -0.035
327.182    -579.259    -0.035
327.082    -577.762    -0.035
326.990    -576.264    -0.034
326.898    -574.766    -0.034
326.810    -573.168    -0.034
326.732    -571.670    -0.034
326.659    -570.271    -0.034
326.590    -568.672    -0.034
326.532    -567.172    -0.034
326.473    -565.673    -0.034
326.420    -564.174    -0.033
326.368    -562.674    -0.033
326.315    -561.174    -0.033
326.273    -559.674    -0.033
326.231    -558.175    -0.033
326.191    -556.674    -0.033
326.159    -555.174    -0.033
326.128    -553.674    -0.032
326.098    -552.174    -0.032
326.067    -550.674    -0.032
326.036    -549.173    -0.032
326.005    -547.673    -0.032
325.974    -546.173    -0.032
325.942    -544.672    -0.032
325.913    -543.172    -0.032
325.888    -541.673    -0.031
325.863    -540.172    -0.031
325.838    -538.672    -0.031
325.812    -537.171    -0.031
325.787    -535.671    -0.031
325.758    -534.170    -0.031
325.727    -532.670    -0.031
325.696    -531.170    -0.030
325.665    -529.670    -0.030
325.634    -528.170    -0.030
325.604    -526.670    -0.030
325.578    -525.169    -0.030
325.553    -523.669    -0.030
325.529    -522.168    -0.030
325.503    -520.668    -0.030
325.479    -519.167    -0.029
325.453    -517.667    -0.029
325.425    -516.167    -0.029
325.396    -514.667    -0.029
325.368    -513.167    -0.029
325.338    -511.666    -0.029
325.310    -510.166    -0.029
325.283    -508.666    -0.029
325.257    -507.165    -0.029
325.232    -505.665    -0.028
325.205    -504.164    -0.028
325.175    -502.665    -0.028
325.147    -501.165    -0.028
325.122    -499.664    -0.028
325.097    -498.164    -0.028
325.073    -496.663    -0.028
325.043    -495.163    -0.028
325.012    -493.662    -0.027
324.982    -492.162    -0.027
324.951    -490.662    -0.027
324.921    -489.162    -0.027
324.891    -487.662    -0.027
324.865    -486.162    -0.027
324.841    -484.661    -0.027
324.816    -483.161    -0.027
324.792    -481.660    -0.027
324.767    -480.160    -0.026
324.742    -478.659    -0.026
324.718    -477.159    -0.026
324.693    -475.659    -0.026
324.668    -474.158    -0.026
324.642    -472.659    -0.026
324.617    -471.158    -0.026
324.591    -469.658    -0.026
324.566    -468.157    -0.025
324.541    -466.657    -0.025
324.516    -465.157    -0.025
324.491    -463.656    -0.025
324.466    -462.156    -0.025
324.440    -460.655    -0.025
324.415    -459.155    -0.025
324.391    -457.655    -0.025
324.365    -456.155    -0.025
324.339    -454.655    -0.024
324.312    -453.154    -0.024
324.286    -451.654    -0.024
324.260    -450.153    -0.024
324.223    -448.653    -0.024
324.178    -447.154    -0.024
324.134    -445.653    -0.024
324.089    -444.153    -0.024
324.043    -442.654    -0.024
323.979    -441.155    -0.024
323.909    -439.756    -0.023
323.828    -438.157    -0.023
323.751    -436.658    -0.023
323.649    -435.262    -0.023
323.529    -433.767    -0.023
323.387    -432.273    -0.023
323.233    -430.780    -0.023
323.080    -429.288    -0.023
322.936    -427.894    -0.023
322.756    -426.304    -0.022
322.595    -424.913    -0.022
322.413    -423.424    -0.022
322.214    -421.936    -0.022
322.015    -420.449    -0.022
321.815    -418.961    -0.022
321.610    -417.475    -0.022
321.393    -415.990    -0.022
321.181    -414.606    -0.022
320.933    -413.127    -0.021
320.685    -411.647    -0.021
320.425    -410.169    -0.021
320.158    -408.692    -0.021
319.895    -407.113    -0.021
319.623    -405.740    -0.021
319.331    -404.268    -0.021
319.040    -402.795    -0.021
318.730    -401.328    -0.021
318.413    -399.861    -0.021
318.099    -398.495    -0.020
317.757    -397.035    -0.020
317.414    -395.573    -0.020
317.067    -394.114    -0.020
316.692    -392.661    -0.020
316.341    -391.305    -0.020
315.935    -389.860    -0.020
315.536    -388.414    -0.020
315.138    -386.967    -0.020
314.731    -385.523    -0.019
314.305    -384.085    -0.019
313.874    -382.647    -0.019
313.442    -381.210    -0.019
313.010    -379.773    -0.019
312.577    -378.336    -0.019
312.162    -376.998    -0.019
311.706    -375.569    -0.019
311.250    -374.140    -0.019
310.769    -372.718    -0.018
310.281    -371.300    -0.018
309.793    -369.880    -0.018
309.292    -368.466    -0.018
308.788    -367.052    -0.018
308.298    -365.741    -0.018
307.763    -364.338    -0.018
307.229    -362.936    -0.018
306.688    -361.537    -0.018
306.121    -360.148    -0.018
305.556    -358.757    -0.017
305.015    -357.466    -0.017
304.407    -356.094    -0.017
303.798    -354.723    -0.017
303.184    -353.353    -0.017
302.559    -351.989    -0.017
301.926    -350.629    -0.017
301.288    -349.270    -0.017
300.648    -347.914    -0.017
300.009    -346.556    -0.016
299.355    -345.204    -0.016
298.740    -343.947    -0.016
298.037    -342.509    -0.016
297.418    -341.253    -0.016
296.754    -339.907    -0.016
296.046    -338.472    -0.016
295.389    -337.235    -0.016
294.685    -335.909    -0.016
293.980    -334.585    -0.016
293.303    -333.359    -0.015
292.532    -331.957    -0.015
291.852    -330.732    -0.015
291.099    -329.434    -0.015
290.345    -328.136    -0.015
289.579    -326.846    -0.015
288.799    -325.564    -0.015
288.018    -324.283    -0.015
287.281    -323.092    -0.015
286.485    -321.820    -0.015
285.690    -320.548    -0.014
284.871    -319.290    -0.014
284.050    -318.034    -0.014
283.229    -316.778    -0.014
282.387    -315.536    -0.014
281.546    -314.293    -0.014
280.703    -313.052    -0.014
279.907    -311.900    -0.014
278.998    -310.583    -0.014
278.196    -309.435    -0.014
277.325    -308.213    -0.013
276.454    -306.991    -0.013
275.574    -305.775    -0.013
274.685    -304.567    -0.013
273.796    -303.358    -0.013
272.900    -302.155    -0.013
272.000    -300.953    -0.013
271.102    -299.752    -0.013
270.232    -298.654    -0.013
269.299    -297.478    -0.013
268.430    -296.381    -0.013
267.393    -295.161    -0.012
266.422    -294.017    -0.012
265.509    -292.955    -0.012
264.516    -291.831    -0.012
263.521    -290.706    -0.012
262.526    -289.583    -0.012
261.526    -288.465    -0.012
260.527    -287.345    -0.012
259.519    -286.234    -0.012
258.505    -285.127    -0.012
257.491    -284.021    -0.012
256.480    -282.913    -0.011
255.469    -281.803    -0.011
254.459    -280.694    -0.011
253.448    -279.585    -0.011
252.437    -278.476    -0.011
251.427    -277.366    -0.011
250.416    -276.257    -0.011
249.406    -275.148    -0.011
248.394    -274.040    -0.011
247.378    -272.936    -0.011
246.362    -271.832    -0.011
245.345    -270.728    -0.010
244.334    -269.620    -0.010
243.323    -268.511    -0.010
242.312    -267.401    -0.010
241.300    -266.294    -0.010
240.287    -265.187    -0.010
239.274    -264.080    -0.010
238.261    -262.972    -0.010
237.249    -261.864    -0.010
236.236    -260.757    -0.010
235.223    -259.651    -0.010
234.211    -258.543    -0.010
233.198    -257.436    -0.009
232.185    -256.329    -0.009
231.172    -255.222    -0.009
230.160    -254.114    -0.009
229.148    -253.006    -0.009
228.136    -251.898    -0.009
227.125    -250.790    -0.009
226.112    -249.683    -0.009
225.096    -248.578    -0.009
224.080    -247.474    -0.009
223.064    -246.370    -0.009
222.048    -245.266    -0.009
221.033    -244.160    -0.009
220.018    -243.055    -0.008
219.004    -241.948    -0.008
217.991    -240.841    -0.008
216.979    -239.735    -0.008
215.966    -238.627    -0.008
214.953    -237.520    -0.008
213.939    -236.414    -0.008
212.926    -235.308    -0.008
211.911    -234.201    -0.008
210.898    -233.094    -0.008
209.884    -231.988    -0.008
208.871    -230.882    -0.008
207.858    -229.775    -0.008
206.846    -228.667    -0.007
205.832    -227.560    -0.007
204.820    -226.453    -0.007
203.807    -225.346    -0.007
202.793    -224.239    -0.007
201.778    -223.134    -0.007
200.764    -222.028    -0.007
199.750    -220.922    -0.007
198.735    -219.816    -0.007
197.721    -218.710    -0.007
196.707    -217.605    -0.007
195.693    -216.499    -0.007
194.679    -215.393    -0.007
193.665    -214.286    -0.007
192.651    -213.181    -0.006
191.635    -212.076    -0.006
190.620    -210.971    -0.006
189.606    -209.865    -0.006
188.591    -208.759    -0.006
187.576    -207.654    -0.006
186.564    -206.547    -0.006
185.552    -205.440    -0.006
184.539    -204.331    -0.006
183.527    -203.223    -0.006
182.516    -202.115    -0.006
181.504    -201.007    -0.006
180.492    -199.899    -0.006
179.480    -198.791    -0.006
178.467    -197.684    -0.006
177.455    -196.576    -0.006
176.444    -195.467    -0.005
175.429    -194.362    -0.005
174.414    -193.257    -0.005
173.399    -192.152    -0.005
172.385    -191.046    -0.005
171.370    -189.940    -0.005
170.354    -188.836    -0.005
169.337    -187.733    -0.005
168.320    -186.630    -0.005
167.304    -185.525    -0.005
166.287    -184.422    -0.005
165.271    -183.318    -0.005
164.258    -182.210    -0.005
163.247    -181.102    -0.005
162.235    -179.993    -0.005
161.224    -178.885    -0.005
160.213    -177.777    -0.004
159.200    -176.670    -0.004
158.186    -175.563    -0.004
157.172    -174.457    -0.004
156.159    -173.350    -0.004
155.146    -172.244    -0.004
154.132    -171.136    -0.004
153.118    -170.031    -0.004
152.104    -168.926    -0.004
151.088    -167.820    -0.004
150.073    -166.715    -0.004
149.059    -165.609    -0.004
148.046    -164.502    -0.004
147.034    -163.394    -0.004
146.022    -162.287    -0.004
145.011    -161.178    -0.004
143.998    -160.070    -0.004
142.986    -158.962    -0.004
141.974    -157.855    -0.004
140.962    -156.747    -0.003
139.950    -155.639    -0.003
138.938    -154.531    -0.003
137.925    -153.424    -0.003
136.913    -152.316    -0.003
135.900    -151.209    -0.003
134.888    -150.101    -0.003
133.875    -148.994    -0.003
132.863    -147.887    -0.003
131.848    -146.780    -0.003
130.831    -145.677    -0.003
129.814    -144.574    -0.003
128.797    -143.471    -0.003
127.780    -142.367    -0.003
126.764    -141.264    -0.003
125.750    -140.157    -0.003
124.737    -139.051    -0.003
123.723    -137.944    -0.003
122.710    -136.837    -0.003
121.697    -135.730    -0.003
120.683    -134.625    -0.003
119.668    -133.520    -0.003
118.653    -132.414    -0.002
117.637    -131.308    -0.002
116.623    -130.203    -0.002
115.608    -129.098    -0.002
114.594    -127.992    -0.002
113.580    -126.885    -0.002
112.567    -125.779    -0.002
111.553    -124.674    -0.002
110.538    -123.567    -0.002
109.526    -122.459    -0.002
108.515    -121.350    -0.002
107.504    -120.242    -0.002
106.494    -119.133    -0.002
105.484    -118.023    -0.002
104.472    -116.914    -0.002
103.457    -115.809    -0.002
102.441    -114.705    -0.002
101.425    -113.601    -0.002
100.409    -112.497    -0.002
99.393    -111.392    -0.002
98.378    -110.288    -0.002
97.363    -109.183    -0.002
96.346    -108.078    -0.002
95.331    -106.973    -0.002
94.315    -105.869    -0.002
93.301    -104.764    -0.002
92.287    -103.658    -0.002
91.273    -102.551    -0.001
90.260    -101.445    -0.001
89.245    -100.338    -0.001
88.232    -99.232    -0.001
87.219    -98.124    -0.001
86.206    -97.018    -0.001
85.193    -95.911    -0.001
84.180    -94.804    -0.001
83.166    -93.697    -0.001
82.154    -92.589    -0.001
81.142    -91.482    -0.001
80.130    -90.374    -0.001
79.119    -89.266    -0.001
78.107    -88.157    -0.001
77.095    -87.049    -0.001
76.083    -85.941    -0.001
75.070    -84.835    -0.001
74.057    -83.727    -0.001
73.044    -82.620    -0.001
72.031    -81.514    -0.001
71.019    -80.406    -0.001
70.004    -79.300    -0.001
68.990    -78.194    -0.001
67.976    -77.088    -0.001
66.962    -75.982    -0.001
65.948    -74.876    -0.001
64.935    -73.769    -0.001
63.922    -72.662    -0.001
62.908    -71.556    -0.001
61.895    -70.449    -0.001
60.883    -69.341    -0.001
59.870    -68.234    -0.001
58.859    -67.126    -0.001
57.847    -66.018    -0.001
56.835    -64.908    -0.001
55.824    -63.800    -0.001
54.813    -62.692    -0.001
53.801    -61.584    -0.001
52.786    -60.479    -0.001
51.772    -59.372    -0.000
50.758    -58.267    -0.000
49.743    -57.161    -0.000
48.729    -56.055    -0.000
47.715    -54.949    -0.000
46.700    -53.843    -0.000
45.687    -52.737    -0.000
44.673    -51.631    -0.000
43.658    -50.525    -0.000
42.644    -49.418    -0.000
41.631    -48.312    -0.000
40.619    -47.205    -0.000
39.606    -46.098    -0.000
38.594    -44.990    -0.000
37.581    -43.883    -0.000
36.568    -42.775    -0.000
35.556    -41.668    -0.000
34.544    -40.559    -0.000
33.533    -39.451    -0.000
32.521    -38.343    -0.000
31.510    -37.235    -0.000
30.494    -36.129    -0.000
29.479    -35.024    -0.000
28.464    -33.919    -0.000
27.449    -32.814    -0.000
26.434    -31.709    -0.000
25.420    -30.603    -0.000
24.405    -29.498    -0.000
23.390    -28.392    -0.000
22.376    -27.286    -0.000
21.362    -26.180    -0.000
20.348    -25.074    -0.000
19.335    -23.967    -0.000
18.322    -22.860    -0.000
17.310    -21.753    -0.000
16.297    -20.645    -0.000
15.285    -19.537    -0.000
14.273    -18.430    -0.000
13.261    -17.322    -0.000
12.250    -16.213    -0.000
11.238    -15.105    -0.000
10.225    -13.997    -0.000
9.214    -12.889    -0.000
8.201    -11.782    -0.000
7.185    -10.678    -0.000
6.169    -9.574    -0.000
5.153    -8.469    -0.000
4.138    -7.365    -0.000
3.121    -6.260    -0.000
2.107    -5.154    -0.000
1.092    -4.049    -0.000
0.078    -2.944    -0.000
-0.937    -1.838    -0.000
