1.250    1.111    -0.000
0.238    2.218    -0.000
-0.776    3.326    -0.000
-1.789    4.433    -0.000
-2.802    5.539    -0.000
-3.815    6.646    -0.000
-4.828    7.753    -0.000
-5.841    8.860    -0.000
-6.855    9.967    -0.000
-7.868    11.074    -0.000
-8.881    12.180    -0.000
-9.895    13.287    -0.000
-10.909    14.393    -0.000
-11.923    15.499    -0.000
-12.936    16.605    -0.000
-13.951    17.712    -0.000
-14.964    18.818    -0.000
-15.977    19.925    -0.000
-16.990    21.032    -0.000
-18.003    22.138    -0.000
-19.017    23.245    -0.000
-20.030    24.352    -0.000
-21.044    25.459    -0.000
-22.056    26.566    -0.000
-23.069    27.673    -0.000
-24.082    28.780    -0.000
-25.096    29.886    -0.000
-26.112    30.990    -0.000
-27.129    32.094    -0.000
-28.145    33.198    -0.000
-29.162    34.302    -0.000
-30.178    35.406    -0.000
-31.191    36.512    -0.000
-32.202    37.621    -0.000
-33.214    38.730    -0.000
-34.226    39.838    -0.000
-35.238    40.946    -0.000
-36.249    42.055    -0.000
-37.263    43.160    -0.000
-38.278    44.265    -0.000
-39.293    45.370    -0.000
-40.308    46.475    -0.000
-41.324    47.581    -0.000
-42.338    48.686    -0.000
-43.353    49.791    -0.000
-44.368    50.896    -0.000
-45.382    52.003    -0.000
-46.397    53.108    -0.000
-47.412    54.213    -0.000
-48.425    55.320    -0.000
-49.437    56.427    -0.000
-50.449    57.536    -0.000
-51.462    58.643    -0.000
-52.474    59.751    -0.000
-53.486    60.858    -0.001
-54.500    61.966    -0.001
-55.513    63.072    -0.001
-56.525    64.179    -0.001
-57.538    65.286    -0.001
-58.552    66.393    -0.001
-59.564    67.500    -0.001
-60.577    68.607    -0.001
-61.590    69.714    -0.001
-62.603    70.821    -0.001
-63.616    71.929    -0.001
-64.629    73.036    -0.001
-65.643    74.141    -0.001
-66.658    75.246    -0.001
-67.674    76.352    -0.001
-68.689    77.457    -0.001
-69.704    78.562    -0.001
-70.717    79.668    -0.001
-71.728    80.777    -0.001
-72.739    81.886    -0.001
-73.750    82.994    -0.001
-74.762    84.103    -0.001
-75.774    85.211    -0.001
-76.787    86.318    -0.001
-77.801    87.424    -0.001
-78.814    88.530    -0.001
-79.828    89.636    -0.001
-80.842    90.743    -0.001
-81.857    91.849    -0.001
-82.872    92.954    -0.001
-83.886    94.059    -0.001
-84.901    95.164    -0.001
-85.916    96.270    -0.001
-86.931    97.375    -0.001
-87.945    98.481    -0.001
-88.958    99.588    -0.001
-89.971    100.696    -0.001
-90.984    101.803    -0.001
-91.997    102.909    -0.001
-93.010    104.016    -0.002
-94.023    105.123    -0.002
-95.038    106.229    -0.002
-96.052    107.335    -0.002
-97.065    108.441    -0.002
-98.079    109.547    -0.002
-99.092    110.655    -0.002
-100.105    111.761    -0.002
-101.118    112.868    -0.002
-102.132    113.974    -0.002
-103.146    115.082    -0.002
-104.159    116.188    -0.002
-105.172    117.295    -0.002
-106.185    118.402    -0.002
-107.198    119.508    -0.002
-108.212    120.616    -0.002
-109.225    121.722    -0.002
-110.239    122.828    -0.002
-111.253    123.934    -0.002
-112.267    125.040    -0.002
-113.281    126.146    -0.002
-114.295    127.252    -0.002
-115.310    128.357    -0.002
-116.325    129.464    -0.002
-117.339    130.569    -0.002
-118.354    131.675    -0.002
-119.368    132.780    -0.003
-120.382    133.885    -0.003
-121.396    134.992    -0.003
-122.409    136.100    -0.003
-123.420    137.208    -0.003
-124.432    138.316    -0.003
-125.443    139.425    -0.003
-126.455    140.533    -0.003
-127.468    141.640    -0.003
-128.481    142.747    -0.003
-129.494    143.854    -0.003
-130.507    144.961    -0.003
-131.520    146.068    -0.003
-132.534    147.174    -0.003
-133.547    148.280    -0.003
-134.561    149.387    -0.003
-135.576    150.493    -0.003
-136.589    151.599    -0.003
-137.603    152.705    -0.003
-138.616    153.813    -0.003
-139.629    154.919    -0.003
-140.643    156.025    -0.003
-141.657    157.132    -0.004
-142.670    158.238    -0.004
-143.683    159.346    -0.004
-144.694    160.454    -0.004
-145.706    161.562    -0.004
-146.717    162.670    -0.004
-147.729    163.779    -0.004
-148.741    164.888    -0.004
-149.757    165.991    -0.004
-150.773    167.095    -0.004
-151.789    168.200    -0.004
-152.805    169.304    -0.004
-153.822    170.407    -0.004
-154.837    171.512    -0.004
-155.853    172.616    -0.004
-156.868    173.722    -0.004
-157.883    174.827    -0.004
-158.898    175.932    -0.004
-159.913    177.037    -0.004
-160.925    178.146    -0.005
-161.937    179.254    -0.005
-162.950    180.361    -0.005
-163.962    181.469    -0.005
-164.973    182.576    -0.005
-165.986    183.684    -0.005
-167.000    184.790    -0.005
-168.014    185.896    -0.005
-169.029    187.001    -0.005
-170.044    188.108    -0.005
-171.058    189.213    -0.005
-172.072    190.319    -0.005
-173.086    191.424    -0.005
-174.101    192.530    -0.005
-175.115    193.636    -0.005
-176.130    194.742    -0.005
-177.146    195.845    -0.005
-178.169    196.944    -0.006
-179.191    198.042    -0.006
-180.213    199.141    -0.006
-181.235    200.240    -0.006
-182.257    201.338    -0.006
-183.276    202.439    -0.006
-184.293    203.542    -0.006
-185.310    204.647    -0.006
-186.326    205.751    -0.006
-187.342    206.855    -0.006
-188.356    207.960    -0.006
-189.292    209.003    -0.006
-190.360    210.195    -0.006
-191.362    211.312    -0.006
-192.364    212.429    -0.006
-193.374    213.539    -0.007
-194.387    214.645    -0.007
-195.401    215.751    -0.007
-196.415    216.857    -0.007
-197.431    217.963    -0.007
-198.446    219.068    -0.007
-199.461    220.172    -0.007
-200.476    221.277    -0.007
-201.491    222.382    -0.007
-202.505    223.489    -0.007
-203.518    224.595    -0.007
-204.532    225.702    -0.007
-205.545    226.808    -0.007
-206.558    227.916    -0.007
-207.571    229.023    -0.007
-208.584    230.130    -0.008
-209.597    231.237    -0.008
-210.610    232.345    -0.008
-211.623    233.452    -0.008
-212.635    234.559    -0.008
-213.648    235.666    -0.008
-214.662    236.772    -0.008
-215.676    237.879    -0.008
-216.689    238.985    -0.008
-217.704    240.091    -0.008
-218.718    241.197    -0.008
-219.732    242.303    -0.008
-220.702    243.363    -0.008
-221.715    244.470    -0.009
-222.728    245.578    -0.009
-223.741    246.685    -0.009
-224.753    247.792    -0.009
-225.767    248.899    -0.009
-226.779    250.006    -0.009
-227.791    251.115    -0.009
-228.803    252.222    -0.009
-229.815    253.330    -0.009
-230.829    254.435    -0.009
-231.846    255.540    -0.009
-232.863    256.643    -0.009
-233.880    257.747    -0.010
-234.896    258.850    -0.010
-235.912    259.954    -0.010
-236.925    261.062    -0.010
-237.938    262.169    -0.010
-238.951    263.275    -0.010
-239.965    264.382    -0.010
-240.978    265.490    -0.010
-242.059    266.669    -0.010
-243.005    267.702    -0.010
-244.019    268.808    -0.010
-245.033    269.914    -0.010
-246.046    271.021    -0.011
-247.059    272.128    -0.011
-248.070    273.237    -0.011
-249.082    274.345    -0.011
-250.093    275.454    -0.011
-251.104    276.563    -0.011
-252.114    277.671    -0.011
-253.129    278.778    -0.011
-254.143    279.884    -0.011
-255.157    280.990    -0.011
-256.172    282.095    -0.011
-257.186    283.201    -0.011
-258.200    284.308    -0.012
-259.213    285.414    -0.012
-260.227    286.520    -0.012
-261.240    287.627    -0.012
-262.253    288.733    -0.012
-263.266    289.841    -0.012
-264.280    290.948    -0.012
-265.293    292.053    -0.012
-266.376    293.233    -0.012
-267.323    294.266    -0.012
-268.336    295.372    -0.013
-269.349    296.479    -0.013
-270.360    297.587    -0.013
-271.371    298.696    -0.013
-272.382    299.805    -0.013
-273.394    300.914    -0.013
-274.404    302.023    -0.013
-275.418    303.129    -0.013
-276.431    304.236    -0.013
-277.444    305.343    -0.013
-278.458    306.449    -0.013
-279.472    307.556    -0.014
-280.485    308.663    -0.014
-281.499    309.769    -0.014
-282.513    310.875    -0.014
-283.526    311.981    -0.014
-284.608    313.161    -0.014
-285.553    314.195    -0.014
-286.566    315.302    -0.014
-287.579    316.409    -0.014
-288.591    317.516    -0.014
-289.603    318.624    -0.015
-290.615    319.732    -0.015
-291.628    320.839    -0.015
-292.643    321.945    -0.015
-293.724    323.125    -0.015
-294.670    324.158    -0.015
-295.683    325.264    -0.015
-296.697    326.370    -0.015
-297.714    327.473    -0.015
-298.731    328.577    -0.015
-299.816    329.754    -0.016
-300.765    330.784    -0.016
-301.849    331.962    -0.016
-302.795    332.995    -0.016
-303.808    334.102    -0.016
-304.820    335.209    -0.016
-305.833    336.316    -0.016
-306.846    337.423    -0.016
-307.858    338.532    -0.016
-308.940    339.711    -0.017
-309.887    340.742    -0.017
-310.970    341.922    -0.017
-311.916    342.954    -0.017
-312.930    344.059    -0.017
-313.947    345.164    -0.017
-315.030    346.342    -0.017
-315.978    347.372    -0.017
-316.994    348.478    -0.017
-318.009    349.582    -0.018
-319.024    350.687    -0.018
-320.035    351.795    -0.018
-321.047    352.905    -0.018
-322.057    354.014    -0.018
-323.068    355.123    -0.018
-324.078    356.232    -0.018
-325.091    357.340    -0.018
-326.104    358.446    -0.018
-327.118    359.553    -0.019
-328.131    360.659    -0.019
-329.144    361.766    -0.019
-330.158    362.873    -0.019
-331.174    363.977    -0.019
-332.190    365.081    -0.019
-333.274    366.259    -0.019
-334.222    367.290    -0.019
-335.305    368.468    -0.019
-336.331    369.564    -0.020
-337.358    370.657    -0.020
-338.386    371.750    -0.020
-339.414    372.842    -0.020
-340.443    373.936    -0.020
-341.480    375.020    -0.020
-342.539    376.082    -0.020
-343.598    377.145    -0.020
-344.746    378.261    -0.021
-345.831    379.298    -0.021
-346.916    380.334    -0.021
-348.033    381.336    -0.021
-349.155    382.332    -0.021
-350.358    383.387    -0.021
-351.507    384.352    -0.021
-352.657    385.318    -0.021
-353.824    386.259    -0.022
-355.015    387.172    -0.022
-356.206    388.085    -0.022
-357.499    389.028    -0.022
-358.719    389.902    -0.022
-360.023    390.830    -0.022
-361.273    391.660    -0.022
-362.522    392.490    -0.022
-363.782    393.306    -0.023
-365.055    394.100    -0.023
-366.328    394.896    -0.023
-367.608    395.678    -0.023
-368.981    396.500    -0.023
-370.291    397.232    -0.023
-371.604    397.959    -0.023
-372.917    398.685    -0.023
-374.327    399.442    -0.024
-375.668    400.115    -0.024
-377.016    400.775    -0.024
-378.372    401.418    -0.024
-379.730    402.054    -0.024
-381.090    402.691    -0.024
-382.557    403.328    -0.024
-383.941    403.907    -0.024
-385.428    404.502    -0.025
-386.826    405.044    -0.025
-388.225    405.588    -0.025
-389.636    406.099    -0.025
-391.053    406.590    -0.025
-392.571    407.099    -0.025
-394.004    407.543    -0.025
-395.438    407.988    -0.025
-396.873    408.424    -0.025
-398.317    408.835    -0.026
-399.866    409.235    -0.026
-401.322    409.600    -0.026
-402.778    409.963    -0.026
-404.233    410.327    -0.026
-405.697    410.656    -0.026
-407.263    410.992    -0.026
-408.735    411.282    -0.026
-410.212    411.544    -0.026
-411.689    411.806    -0.027
-413.269    412.058    -0.027
-414.755    412.269    -0.027
-416.242    412.469    -0.027
-417.835    412.636    -0.027
-419.327    412.790    -0.027
-420.820    412.944    -0.027
-422.313    413.086    -0.027
-423.809    413.207    -0.027
-425.307    413.301    -0.028
-426.805    413.380    -0.028
-428.304    413.459    -0.028
-429.904    413.506    -0.028
-431.403    413.532    -0.028
-433.004    413.529    -0.028
-434.504    413.507    -0.028
-436.005    413.486    -0.028
-437.504    413.437    -0.028
-439.102    413.341    -0.029
-440.599    413.242    -0.029
-442.095    413.117    -0.029
-443.590    412.988    -0.029
-445.183    412.848    -0.029
-446.576    412.694    -0.029
-448.166    412.515    -0.029
-449.654    412.316    -0.029
-451.138    412.097    -0.029
-452.622    411.878    -0.029
-454.105    411.647    -0.029
-455.587    411.408    -0.030
-457.068    411.167    -0.030
-458.547    410.916    -0.030
-460.125    410.649    -0.030
-461.506    410.414    -0.030
-462.984    410.157    -0.030
-464.561    409.883    -0.030
-465.942    409.648    -0.030
-467.421    409.397    -0.030
-468.901    409.148    -0.030
-470.478    408.875    -0.030
-471.956    408.616    -0.031
-473.336    408.377    -0.031
-474.816    408.129    -0.031
-476.296    407.881    -0.031
-477.775    407.631    -0.031
-479.352    407.358    -0.031
-480.831    407.101    -0.031
-482.310    406.850    -0.031
-483.691    406.619    -0.031
-485.171    406.371    -0.031
-486.651    406.123    -0.032
-488.131    405.875    -0.032
-489.709    405.608    -0.032
-491.188    405.351    -0.032
-492.666    405.094    -0.032
-494.145    404.837    -0.032
-495.624    404.589    -0.032
-497.005    404.357    -0.032
-498.485    404.108    -0.032
-500.063    403.842    -0.032
-501.543    403.594    -0.033
-502.925    403.366    -0.033
-504.407    403.123    -0.033
-505.887    402.879    -0.033
-507.368    402.635    -0.033
-508.848    402.392    -0.033
-510.330    402.154    -0.033
-511.813    401.926    -0.033
-513.296    401.698    -0.033
-514.779    401.470    -0.033
-516.262    401.242    -0.034
-517.745    401.015    -0.034
-519.232    400.811    -0.034
-520.718    400.608    -0.034
-522.206    400.405    -0.034
-523.692    400.202    -0.034
-525.178    399.999    -0.034
-526.667    399.807    -0.034
-528.156    399.623    -0.034
-529.646    399.440    -0.035
-531.038    399.295    -0.035
-532.531    399.140    -0.035
-534.024    398.984    -0.035
-535.516    398.831    -0.035
-537.009    398.679    -0.035
-538.503    398.539    -0.035
-539.998    398.415    -0.035
-541.494    398.291    -0.035
-542.990    398.182    -0.036
-544.487    398.080    -0.036
-545.885    397.985    -0.036
-547.383    397.911    -0.036
-548.882    397.839    -0.036
-550.381    397.771    -0.036
-551.882    397.728    -0.036
-553.381    397.700    -0.036
-554.882    397.683    -0.037
-556.382    397.670    -0.037
-557.883    397.657    -0.037
-559.283    397.653    -0.037
-560.784    397.663    -0.037
-562.283    397.704    -0.037
-563.783    397.749    -0.037
-565.283    397.794    -0.037
-566.683    397.841    -0.038
-568.181    397.922    -0.038
-569.680    398.003    -0.038
-571.176    398.106    -0.038
-572.672    398.239    -0.038
-574.166    398.373    -0.038
-575.559    398.512    -0.038
-577.050    398.679    -0.039
-578.542    398.847    -0.039
-580.029    399.043    -0.039
-581.516    399.247    -0.039
-583.002    399.452    -0.039
-584.383    399.685    -0.039
-585.862    399.938    -0.039
-587.339    400.202    -0.040
-588.809    400.507    -0.040
-590.278    400.812    -0.040
-591.647    401.105    -0.040
-593.109    401.441    -0.040
-594.567    401.800    -0.040
-596.018    402.180    -0.041
-597.467    402.571    -0.041
-598.818    402.937    -0.041
-600.260    403.354    -0.041
-601.598    403.769    -0.041
-603.120    404.261    -0.041
-604.555    404.699    -0.042
-605.888    405.128    -0.042
-607.309    405.612    -0.042
-608.722    406.119    -0.042
-610.126    406.647    -0.042
-611.429    407.160    -0.042
-612.817    407.731    -0.042
-614.195    408.323    -0.043
-615.474    408.894    -0.043
-616.835    409.528    -0.043
-618.184    410.182    -0.043
-619.525    410.858    -0.043
-620.852    411.556    -0.044
-622.082    412.227    -0.044
-623.388    412.966    -0.044
-624.682    413.725    -0.044
-625.880    414.451    -0.044
-627.150    415.248    -0.044
-628.409    416.066    -0.045
-629.572    416.846    -0.045
-630.806    417.701    -0.045
-632.025    418.575    -0.045
-633.230    419.470    -0.045
-634.231    420.299    -0.045
-635.285    421.221    -0.046
-636.410    422.214    -0.046
-637.528    423.215    -0.046
-638.555    424.167    -0.046
-639.644    425.200    -0.046
-640.653    426.170    -0.046
-641.769    427.319    -0.047
-642.815    428.395    -0.047
-643.784    429.404    -0.047
-644.803    430.506    -0.047
-645.800    431.628    -0.047
-646.716    432.687    -0.047
-647.687    433.832    -0.048
-648.657    434.975    -0.048
-649.590    436.151    -0.048
-650.453    437.254    -0.048
-651.361    438.448    -0.048
-652.223    439.676    -0.049
-653.080    440.909    -0.049
-653.878    442.060    -0.049
-654.710    443.308    -0.049
-655.527    444.566    -0.049
-656.263    445.758    -0.049
-657.023    447.052    -0.050
-657.784    448.345    -0.050
-658.467    449.568    -0.050
-659.171    450.893    -0.050
-659.864    452.224    -0.050
-660.515    453.575    -0.050
-661.110    454.843    -0.050
-661.745    456.203    -0.051
-662.348    457.576    -0.051
-662.923    458.962    -0.051
-663.447    460.262    -0.051
-663.976    461.666    -0.051
-664.505    463.069    -0.051
-665.009    464.483    -0.052
-665.454    465.811    -0.052
-665.903    467.242    -0.052
-666.316    468.685    -0.052
-666.691    470.035    -0.052
-667.089    471.481    -0.052
-667.432    472.942    -0.052
-667.771    474.404    -0.053
-668.058    475.774    -0.053
-668.329    477.250    -0.053
-668.599    478.726    -0.053
-668.833    480.106    -0.053
-669.053    481.591    -0.053
-669.258    483.078    -0.053
-669.416    484.468    -0.054
-669.563    485.962    -0.054
-669.710    487.456    -0.054
-669.821    488.952    -0.054
-669.893    490.451    -0.054
-669.959    491.850    -0.054
-669.964    493.350    -0.054
-669.969    494.851    -0.054
-669.960    496.251    -0.055
-669.927    497.751    -0.055
-669.868    499.250    -0.055
-669.777    500.647    -0.055
-669.653    502.144    -0.055
-669.529    503.639    -0.055
-669.376    505.132    -0.055
-669.222    506.523    -0.055
-669.032    508.012    -0.055
-668.778    509.491    -0.055
-668.525    510.969    -0.056
-668.275    512.449    -0.056
-667.998    513.821    -0.056
-667.679    515.288    -0.056
-667.351    516.649    -0.056
-666.987    518.105    -0.056
-666.618    519.559    -0.056
-666.227    521.008    -0.056
-665.841    522.354    -0.056
-665.400    523.788    -0.056
-664.941    525.111    -0.056
-664.416    526.623    -0.056
-663.931    527.937    -0.056
-663.387    529.335    -0.056
-662.833    530.730    -0.057
-662.284    532.018    -0.057
-661.672    533.388    -0.057
-661.058    534.757    -0.057
-660.403    536.107    -0.057
-659.774    537.359    -0.057
-659.092    538.695    -0.057
-658.407    539.917    -0.057
-657.625    541.313    -0.057
-656.938    542.534    -0.057
-656.163    543.819    -0.057
-655.374    545.095    -0.057
-654.621    546.275    -0.057
-653.783    547.520    -0.057
-652.946    548.766    -0.057
-652.138    549.909    -0.057
-651.251    551.120    -0.057
-650.349    552.319    -0.057
-649.475    553.414    -0.057
-648.513    554.564    -0.057
-647.551    555.715    -0.057
-646.571    556.852    -0.057
-645.584    557.982    -0.057
-644.645    559.020    -0.057
-643.594    560.092    -0.057
-642.544    561.164    -0.057
-641.555    562.156    -0.057
-640.481    563.204    -0.057
-639.385    564.228    -0.057
-638.344    565.165    -0.057
-637.208    566.144    -0.057
-636.070    567.124    -0.057
-634.915    568.081    -0.057
-633.753    569.031    -0.057
-632.651    569.895    -0.057
-631.439    570.778    -0.057
-630.222    571.656    -0.057
-629.074    572.460    -0.057
-627.835    573.304    -0.057
-626.569    574.113    -0.057
-625.380    574.851    -0.057
-624.097    575.628    -0.057
-622.813    576.405    -0.057
-621.511    577.152    -0.056
-620.284    577.826    -0.056
-618.960    578.534    -0.056
-617.620    579.207    -0.056
-616.274    579.870    -0.056
-615.012    580.477    -0.056
-613.647    581.101    -0.056
-612.268    581.693    -0.056
-610.978    582.238    -0.056
-609.580    582.782    -0.056
-608.182    583.325    -0.056
-606.865    583.803    -0.056
-605.442    584.282    -0.056
-604.013    584.736    -0.055
-602.576    585.168    -0.055
-601.137    585.592    -0.055
-599.790    585.976    -0.055
-598.333    586.338    -0.055
-596.871    586.675    -0.055
-595.504    586.978    -0.055
-594.032    587.271    -0.055
-592.562    587.567    -0.055
-591.178    587.792    -0.055
-589.697    588.032    -0.054
-588.216    588.266    -0.054
-586.726    588.444    -0.054
-585.235    588.620    -0.054
-583.842    588.756    -0.054
-582.346    588.863    -0.054
-580.849    588.970    -0.054
-579.451    589.044    -0.054
-577.950    589.083    -0.053
-576.450    589.122    -0.053
-575.050    589.108    -0.053
-573.450    589.091    -0.053
-572.049    589.076    -0.053
-570.551    588.998    -0.053
-569.054    588.901    -0.053
-567.657    588.803    -0.052
-566.163    588.656    -0.052
-564.670    588.509    -0.052
-563.282    588.326    -0.052
-561.798    588.100    -0.052
-560.315    587.874    -0.052
-558.834    587.634    -0.052
-557.454    587.395    -0.051
-555.984    587.093    -0.051
-554.522    586.756    -0.051
-553.060    586.415    -0.051
-551.600    586.073    -0.051
-550.249    585.703    -0.051
-548.801    585.307    -0.051
-547.354    584.910    -0.050
-546.022    584.479    -0.050
-544.598    584.008    -0.050
-543.175    583.532    -0.050
-541.765    583.015    -0.050
-540.357    582.500    -0.050
-539.044    582.011    -0.049
-537.650    581.454    -0.049
-536.257    580.897    -0.049
-534.872    580.320    -0.049
-533.588    579.762    -0.049
-532.223    579.140    -0.049
-530.866    578.499    -0.048
-529.517    577.840    -0.048
-528.170    577.181    -0.048
-526.923    576.544    -0.048
-525.594    575.845    -0.048
-524.273    575.135    -0.048
-522.966    574.399    -0.047
-521.658    573.664    -0.047
-520.351    572.926    -0.047
-519.155    572.197    -0.047
-517.874    571.415    -0.047
-516.593    570.633    -0.047
-515.329    569.825    -0.046
-514.067    569.013    -0.046
-512.891    568.252    -0.046
-511.652    567.405    -0.046
-510.415    566.558    -0.046
-509.183    565.700    -0.045
-507.970    564.817    -0.045
-506.757    563.933    -0.045
-505.634    563.098    -0.045
-504.351    562.140    -0.045
-503.230    561.302    -0.045
-502.054    560.368    -0.044
-500.879    559.436    -0.044
-499.706    558.499    -0.044
-498.540    557.555    -0.044
-497.375    556.610    -0.044
-496.306    555.705    -0.044
-495.167    554.728    -0.043
-494.027    553.752    -0.043
-492.898    552.764    -0.043
-491.770    551.774    -0.043
-490.643    550.784    -0.043
-489.532    549.775    -0.043
-488.423    548.765    -0.042
-487.388    547.820    -0.042
-486.295    546.793    -0.042
-485.201    545.765    -0.042
-484.114    544.731    -0.042
-483.036    543.688    -0.042
-481.957    542.645    -0.041
-480.892    541.588    -0.041
-479.833    540.525    -0.041
-478.773    539.462    -0.041
-477.714    538.399    -0.041
-476.655    537.336    -0.040
-475.672    536.338    -0.040
-474.635    535.254    -0.040
-473.598    534.169    -0.040
-472.561    533.085    -0.040
-471.524    532.001    -0.040
-470.487    530.916    -0.040
-469.448    529.833    -0.039
-468.407    528.753    -0.039
-467.377    527.662    -0.039
-466.353    526.565    -0.039
-465.328    525.468    -0.039
-464.304    524.371    -0.039
-463.280    523.274    -0.038
-462.259    522.175    -0.038
-461.242    521.072    -0.038
-460.224    519.970    -0.038
-459.207    518.866    -0.038
-458.189    517.764    -0.038
-457.170    516.662    -0.037
-456.157    515.555    -0.037
-455.147    514.446    -0.037
-454.137    513.336    -0.037
-453.126    512.227    -0.037
-452.116    511.117    -0.037
-451.104    510.010    -0.036
-450.088    508.904    -0.036
-449.073    507.799    -0.036
-448.058    506.694    -0.036
-447.043    505.589    -0.036
-446.030    504.482    -0.036
-445.017    503.376    -0.035
-444.003    502.269    -0.035
-442.991    501.162    -0.035
-441.978    500.055    -0.035
-440.966    498.946    -0.035
-439.957    497.836    -0.035
-438.947    496.726    -0.034
-437.937    495.617    -0.034
-436.927    494.506    -0.034
-435.917    493.396    -0.034
-434.905    492.289    -0.034
-433.891    491.184    -0.034
-432.876    490.077    -0.034
-431.862    488.972    -0.033
-430.847    487.866    -0.033
-429.833    486.761    -0.033
-428.818    485.656    -0.033
-427.803    484.549    -0.033
-426.789    483.444    -0.033
-425.774    482.339    -0.032
-424.759    481.234    -0.032
-423.745    480.127    -0.032
-422.732    479.020    -0.032
-421.720    477.912    -0.032
-420.708    476.805    -0.032
-419.695    475.697    -0.032
-418.682    474.590    -0.031
-417.667    473.485    -0.031
-416.653    472.379    -0.031
-415.638    471.274    -0.031
-414.624    470.168    -0.031
-413.609    469.062    -0.031
-412.595    467.957    -0.031
-411.583    466.850    -0.030
-410.569    465.742    -0.030
-409.556    464.636    -0.030
-408.543    463.529    -0.030
-407.530    462.422    -0.030
-406.516    461.316    -0.030
-405.501    460.210    -0.030
-404.487    459.105    -0.029
-403.472    457.999    -0.029
-402.458    456.893    -0.029
-401.444    455.786    -0.029
-400.432    454.679    -0.029
-399.419    453.572    -0.029
-398.407    452.465    -0.029
-397.395    451.357    -0.028
-396.381    450.250    -0.028
-395.367    449.144    -0.028
-394.354    448.037    -0.028
-393.340    446.931    -0.028
-392.326    445.824    -0.028
-391.313    444.718    -0.028
-390.299    443.611    -0.027
-389.287    442.504    -0.027
-388.275    441.396    -0.027
-387.262    440.289    -0.027
-386.250    439.182    -0.027
-385.237    438.075    -0.027
-384.223    436.969    -0.027
-383.208    435.862    -0.026
-382.194    434.757    -0.026
-381.180    433.651    -0.026
-380.166    432.545    -0.026
-379.152    431.438    -0.026
-378.138    430.332    -0.026
-377.124    429.227    -0.026
-376.109    428.121    -0.025
-375.095    427.015    -0.025
-374.081    425.908    -0.025
-373.068    424.802    -0.025
-372.054    423.696    -0.025
-371.041    422.590    -0.025
-370.026    421.483    -0.025
-369.013    420.376    -0.025
-368.001    419.269    -0.024
-366.989    418.161    -0.024
-365.978    417.052    -0.024
-364.966    415.944    -0.024
-363.954    414.836    -0.024
-362.940    413.730    -0.024
-361.924    412.626    -0.024
-360.908    411.521    -0.024
-359.892    410.417    -0.023
-358.876    409.313    -0.023
-357.861    408.209    -0.023
-356.848    407.100    -0.023
-355.836    405.992    -0.023
-354.825    404.884    -0.023
-353.813    403.776    -0.023
-352.802    402.667    -0.022
-351.790    401.559    -0.022
-350.776    400.454    -0.022
-349.761    399.348    -0.022
-348.747    398.242    -0.022
-347.733    397.136    -0.022
-346.719    396.030    -0.022
-345.707    394.922    -0.022
-344.695    393.814    -0.022
-343.684    392.705    -0.021
-342.671    391.597    -0.021
-341.660    390.489    -0.021
-340.646    389.383    -0.021
-339.630    388.278    -0.021
-338.614    387.175    -0.021
-337.598    386.071    -0.021
-336.581    384.967    -0.021
-335.565    383.863    -0.020
-334.550    382.757    -0.020
-333.536    381.651    -0.020
-332.522    380.546    -0.020
-331.507    379.441    -0.020
-330.493    378.335    -0.020
-329.477    377.229    -0.020
-328.463    376.124    -0.020
-327.448    375.019    -0.019
-326.433    373.914    -0.019
-325.418    372.808    -0.019
-324.403    371.703    -0.019
-323.391    370.595    -0.019
-322.379    369.488    -0.019
-321.366    368.380    -0.019
-320.355    367.272    -0.019
-319.343    366.163    -0.019
-318.328    365.059    -0.018
-317.312    363.955    -0.018
-316.296    362.850    -0.018
-315.280    361.745    -0.018
-314.264    360.641    -0.018
-313.249    359.537    -0.018
-312.234    358.431    -0.018
-311.220    357.325    -0.018
-310.206    356.219    -0.018
-309.192    355.113    -0.017
-308.177    354.007    -0.017
-307.165    352.899    -0.017
-306.153    351.792    -0.017
-305.140    350.685    -0.017
-304.128    349.578    -0.017
-303.116    348.469    -0.017
-302.101    347.363    -0.017
-301.087    346.257    -0.017
-300.073    345.151    -0.016
-299.060    344.045    -0.016
-298.046    342.938    -0.016
-297.032    341.832    -0.016
-296.019    340.726    -0.016
-295.004    339.620    -0.016
-293.991    338.513    -0.016
-292.977    337.406    -0.016
-291.964    336.300    -0.016
-290.951    335.193    -0.015
-289.939    334.086    -0.015
-288.927    332.978    -0.015
-287.913    331.870    -0.015
-286.901    330.764    -0.015
-285.888    329.657    -0.015
-284.875    328.549    -0.015
-283.862    327.442    -0.015
-282.849    326.336    -0.015
-281.835    325.229    -0.015
-280.821    324.123    -0.014
-279.805    323.018    -0.014
-278.790    321.914    -0.014
-277.774    320.809    -0.014
-276.759    319.705    -0.014
-275.745    318.598    -0.014
-274.731    317.492    -0.014
-273.717    316.385    -0.014
-272.704    315.279    -0.014
-271.691    314.171    -0.014
-270.678    313.065    -0.013
-269.667    311.957    -0.013
-268.656    310.848    -0.013
-267.644    309.739    -0.013
-266.633    308.630    -0.013
-265.622    307.522    -0.013
-264.609    306.415    -0.013
-263.594    305.310    -0.013
-262.580    304.204    -0.013
-261.564    303.099    -0.013
-260.549    301.993    -0.012
-259.535    300.888    -0.012
-258.520    299.782    -0.012
-257.505    298.677    -0.012
-256.490    297.572    -0.012
-255.478    296.465    -0.012
-254.466    295.357    -0.012
-253.454    294.248    -0.012
-252.442    293.140    -0.012
-251.430    292.032    -0.012
-250.418    290.925    -0.012
-249.406    289.817    -0.011
-248.393    288.710    -0.011
-247.380    287.602    -0.011
-246.368    286.495    -0.011
-245.356    285.387    -0.011
-244.341    284.281    -0.011
-243.327    283.176    -0.011
-242.312    282.071    -0.011
-241.296    280.966    -0.011
-240.281    279.860    -0.011
-239.267    278.754    -0.011
-238.254    277.648    -0.011
-237.241    276.542    -0.010
-236.228    275.434    -0.010
-235.215    274.328    -0.010
-234.200    273.221    -0.010
-233.187    272.115    -0.010
-232.174    271.008    -0.010
-231.161    269.900    -0.010
-230.148    268.794    -0.010
-229.136    267.686    -0.010
-228.121    266.580    -0.010
-227.106    265.474    -0.010
-226.092    264.369    -0.009
-225.077    263.264    -0.009
-224.062    262.159    -0.009
-223.048    261.053    -0.009
-222.033    259.948    -0.009
-221.018    258.842    -0.009
-220.005    257.736    -0.009
-218.991    256.630    -0.009
-217.977    255.523    -0.009
-216.963    254.417    -0.009
-215.950    253.311    -0.009
-214.936    252.205    -0.009
-213.921    251.098    -0.009
-212.908    249.992    -0.008
-211.894    248.885    -0.008
-210.882    247.779    -0.008
-209.869    246.672    -0.008
-208.856    245.564    -0.008
-207.843    244.458    -0.008
-206.829    243.351    -0.008
-205.816    242.244    -0.008
-204.802    241.137    -0.008
-203.788    240.032    -0.008
-202.774    238.926    -0.008
-201.760    237.820    -0.008
-200.745    236.715    -0.008
-199.730    235.608    -0.007
-198.716    234.502    -0.007
-197.702    233.397    -0.007
-196.688    232.291    -0.007
-195.674    231.184    -0.007
-194.660    230.079    -0.007
-193.645    228.973    -0.007
-192.631    227.867    -0.007
-191.617    226.760    -0.007
-190.603    225.655    -0.007
-189.590    224.549    -0.007
-188.577    223.442    -0.007
-187.565    222.334    -0.007
-186.551    221.226    -0.007
-185.539    220.119    -0.007
-184.526    219.012    -0.006
-183.511    217.907    -0.006
-182.497    216.801    -0.006
-181.482    215.696    -0.006
-180.468    214.591    -0.006
-179.452    213.485    -0.006
-178.438    212.380    -0.006
-177.426    211.271    -0.006
-176.413    210.164    -0.006
-175.401    209.057    -0.006
-174.388    207.950    -0.006
-173.375    206.842    -0.006
-172.359    205.738    -0.006
-171.342    204.635    -0.006
-170.326    203.531    -0.006
-169.309    202.428    -0.005
-168.292    201.323    -0.005
-167.277    200.219    -0.005
-166.265    199.111    -0.005
-165.254    198.002    -0.005
-164.243    196.893    -0.005
-163.232    195.784    -0.005
-162.221    194.676    -0.005
-161.210    193.568    -0.005
-160.196    192.460    -0.005
-159.182    191.354    -0.005
-158.169    190.247    -0.005
-157.156    189.141    -0.005
-156.143    188.034    -0.005
-155.130    186.926    -0.005
-154.118    185.819    -0.005
-153.104    184.712    -0.005
-152.091    183.605    -0.004
-151.079    182.497    -0.004
-150.066    181.390    -0.004
-149.053    180.284    -0.004
-148.040    179.177    -0.004
-147.027    178.070    -0.004
-146.013    176.963    -0.004
-145.000    175.856    -0.004
-143.987    174.749    -0.004
-142.975    173.642    -0.004
-141.963    172.534    -0.004
-140.951    171.426    -0.004
-139.938    170.319    -0.004
-138.924    169.212    -0.004
-137.909    168.106    -0.004
-136.895    167.002    -0.004
-135.880    165.897    -0.004
-134.865    164.792    -0.004
-133.850    163.686    -0.004
-132.837    162.578    -0.003
-131.826    161.470    -0.003
-130.814    160.362    -0.003
-129.803    159.254    -0.003
-128.792    158.144    -0.003
-127.780    157.037    -0.003
-126.767    155.929    -0.003
-125.755    154.822    -0.003
-124.743    153.713    -0.003
-123.731    152.605    -0.003
-122.718    151.499    -0.003
-121.703    150.394    -0.003
-120.689    149.288    -0.003
-119.673    148.183    -0.003
-118.658    147.078    -0.003
-117.644    145.972    -0.003
-116.630    144.866    -0.003
-115.617    143.759    -0.003
-114.603    142.653    -0.003
-113.590    141.547    -0.003
-112.575    140.440    -0.003
-111.562    139.333    -0.003
-110.550    138.225    -0.002
-109.538    137.118    -0.002
-108.525    136.011    -0.002
-107.513    134.903    -0.002
-106.499    133.796    -0.002
-105.487    132.689    -0.002
-104.474    131.582    -0.002
-103.461    130.475    -0.002
-102.449    129.367    -0.002
-101.436    128.260    -0.002
-100.422    127.154    -0.002
-99.406    126.049    -0.002
-98.391    124.943    -0.002
-97.377    123.838    -0.002
-96.362    122.733    -0.002
-95.348    121.628    -0.002
-94.336    120.519    -0.002
-93.323    119.411    -0.002
-92.312    118.303    -0.002
-91.300    117.195    -0.002
-90.289    116.087    -0.002
-89.278    114.977    -0.002
-88.268    113.868    -0.002
-87.257    112.759    -0.002
-86.246    111.650    -0.002
-85.236    110.540    -0.002
-84.223    109.433    -0.001
-83.208    108.328    -0.001
-82.194    107.223    -0.001
-81.180    106.116    -0.001
-80.164    105.011    -0.001
-79.150    103.905    -0.001
-78.136    102.799    -0.001
-77.122    101.694    -0.001
-76.108    100.587    -0.001
-75.095    99.481    -0.001
-74.081    98.375    -0.001
-73.068    97.268    -0.001
-72.055    96.159    -0.001
-71.043    95.052    -0.001
-70.031    93.944    -0.001
-69.020    92.837    -0.001
-68.006    91.730    -0.001
-66.990    90.624    -0.001
-65.976    89.519    -0.001
-64.962    88.413    -0.001
-63.948    87.307    -0.001
-62.934    86.201    -0.001
-61.919    85.095    -0.001
-60.905    83.990    -0.001
-59.891    82.884    -0.001
-58.876    81.777    -0.001
-57.862    80.672    -0.001
-56.847    79.567    -0.001
-55.832    78.462    -0.001
-54.817    77.357    -0.001
-53.802    76.252    -0.001
-52.785    75.148    -0.001
-51.768    74.045    -0.001
-50.750    72.942    -0.001
-49.733    71.839    -0.001
-48.715    70.736    -0.001
-47.698    69.633    -0.001
-46.685    68.527    -0.001
-45.671    67.421    -0.001
-44.657    66.313    -0.001
-43.644    65.207    -0.000
-42.631    64.100    -0.000
-41.617    62.995    -0.000
-40.601    61.890    -0.000
-39.586    60.785    -0.000
-38.570    59.680    -0.000
-37.555    58.575    -0.000
-36.540    57.470    -0.000
-35.526    56.364    -0.000
-34.512    55.258    -0.000
-33.498    54.152    -0.000
-32.484    53.046    -0.000
-31.469    51.941    -0.000
-30.455    50.834    -0.000
-29.441    49.728    -0.000
-28.427    48.622    -0.000
-27.413    47.517    -0.000
-26.399    46.410    -0.000
-25.385    45.304    -0.000
-24.370    44.199    -0.000
-23.355    43.093    -0.000
-22.341    41.988    -0.000
-21.327    40.881    -0.000
-20.313    39.775    -0.000
-19.299    38.670    -0.000
-18.284    37.564    -0.000
-17.269    36.458    -0.000
-16.255    35.352    -0.000
-15.241    34.246    -0.000
-14.227    33.141    -0.000
-13.213    32.034    -0.000
-12.199    30.928    -0.000
-11.185    29.823    -0.000
-10.170    28.717    -0.000
-9.156    27.611    -0.000
-8.143    26.503    -0.000
-7.132    25.395    -0.000
-6.120    24.287    -0.000
-5.109    23.179    -0.000
-4.096    22.071    -0.000
-3.084    20.963    -0.000
-2.070    19.858    -0.000
-1.055    18.753    -0.000
-0.040    17.648    -0.000
0.976    16.542    -0.000
1.991    15.437    -0.000
3.004    14.330    -0.000
4.014    13.221    -0.000
5.024    12.110    -0.000
6.034    11.001    -0.000
7.044    9.892    -0.000
8.055    8.783    -0.000
9.070    7.676    -0.000
10.084    6.571    -0.000
11.098    5.465    -0.000
12.112    4.359    -0.000
13.126    3.252    -0.000
14.139    2.146    -0.000
15.152    1.039    -0.000
16.166    -0.067    -0.000
17.179    -1.174    -0.000
18.191    -2.282    -0.000
19.204    -3.389    -0.000
20.216    -4.496    -0.000
21.229    -5.603    -0.000
22.242    -6.711    -0.000
23.255    -7.819    -0.000
24.267    -8.926    -0.000
25.281    -10.031    -0.000
26.296    -11.138    -0.000
27.310    -12.243    -0.000
28.325    -13.348    -0.000
29.340    -14.454    -0.000
30.355    -15.559    -0.000
31.368    -16.666    -0.000
32.381    -17.773    -0.000
33.395    -18.878    -0.000
34.409    -19.984    -0.000
35.422    -21.092    -0.000
36.436    -22.198    -0.000
37.448    -23.306    -0.000
38.461    -24.413    -0.000
39.473    -25.521    -0.000
40.486    -26.628    -0.000
41.498    -27.735    -0.000
42.513    -28.841    -0.000
43.527    -29.947    -0.000
44.541    -31.053    -0.000
45.555    -32.159    -0.000
46.569    -33.265    -0.000
47.583    -34.371    -0.000
48.597    -35.478    -0.000
49.611    -36.584    -0.000
50.625    -37.690    -0.000
51.638    -38.796    -0.000
52.652    -39.903    -0.000
53.665    -41.010    -0.000
54.679    -42.116    -0.000
55.692    -43.222    -0.000
56.706    -44.329    -0.000
57.720    -45.436    -0.000
58.733    -46.542    -0.000
59.746    -47.649    -0.000
60.759    -48.756    -0.000
61.772    -49.863    -0.000
62.786    -50.970    -0.001
63.798    -52.077    -0.001
64.811    -53.184    -0.001
65.823    -54.292    -0.001
66.835    -55.400    -0.001
67.847    -56.507    -0.001
68.860    -57.615    -0.001
69.873    -58.722    -0.001
70.885    -59.830    -0.001
71.898    -60.937    -0.001
72.910    -62.045    -0.001
73.923    -63.151    -0.001
74.938    -64.257    -0.001
75.954    -65.362    -0.001
76.969    -66.466    -0.001
77.984    -67.571    -0.001
78.999    -68.676    -0.001
80.013    -69.783    -0.001
81.026    -70.890    -0.001
82.039    -71.996    -0.001
83.053    -73.103    -0.001
84.066    -74.210    -0.001
85.080    -75.316    -0.001
86.094    -76.422    -0.001
87.109    -77.527    -0.001
88.124    -78.632    -0.001
89.139    -79.738    -0.001
90.154    -80.843    -0.001
91.168    -81.949    -0.001
92.182    -83.055    -0.001
93.196    -84.161    -0.001
94.210    -85.267    -0.001
95.224    -86.373    -0.001
96.238    -87.478    -0.001
97.253    -88.584    -0.001
98.267    -89.691    -0.001
99.280    -90.797    -0.001
100.294    -91.903    -0.001
101.308    -93.010    -0.001
102.320    -94.118    -0.002
103.332    -95.225    -0.002
104.345    -96.333    -0.002
105.357    -97.440    -0.002
106.369    -98.549    -0.002
107.382    -99.655    -0.002
108.396    -100.761    -0.002
109.410    -101.867    -0.002
110.425    -102.973    -0.002
111.438    -104.080    -0.002
112.452    -105.186    -0.002
113.466    -106.292    -0.002
114.481    -107.397    -0.002
115.495    -108.504    -0.002
116.509    -109.609    -0.002
117.525    -110.714    -0.002
118.540    -111.819    -0.002
119.555    -112.924    -0.002
120.570    -114.030    -0.002
121.584    -115.135    -0.002
122.599    -116.240    -0.002
123.612    -117.346    -0.002
124.626    -118.455    -0.002
125.638    -119.562    -0.002
126.650    -120.670    -0.002
127.662    -121.777    -0.002
128.674    -122.885    -0.002
129.688    -123.991    -0.003
130.702    -125.098    -0.003
131.715    -126.204    -0.003
132.729    -127.310    -0.003
133.742    -128.418    -0.003
134.755    -129.525    -0.003
135.768    -130.631    -0.003
136.781    -131.738    -0.003
137.794    -132.846    -0.003
138.807    -133.953    -0.003
139.820    -135.060    -0.003
140.833    -136.166    -0.003
141.846    -137.273    -0.003
142.860    -138.380    -0.003
143.873    -139.486    -0.003
144.887    -140.593    -0.003
145.902    -141.698    -0.003
146.916    -142.804    -0.003
147.931    -143.909    -0.003
148.946    -145.015    -0.003
149.960    -146.120    -0.003
150.976    -147.226    -0.003
151.986    -148.335    -0.004
152.997    -149.444    -0.004
154.007    -150.553    -0.004
155.017    -151.663    -0.004
156.027    -152.772    -0.004
157.040    -153.880    -0.004
158.057    -154.983    -0.004
159.074    -156.086    -0.004
160.091    -157.190    -0.004
161.108    -158.293    -0.004
162.124    -159.397    -0.004
163.136    -160.504    -0.004
164.149    -161.612    -0.004
165.162    -162.720    -0.004
166.175    -163.827    -0.004
167.187    -164.934    -0.004
168.199    -166.042    -0.004
169.211    -167.150    -0.004
170.223    -168.257    -0.004
171.237    -169.365    -0.005
172.248    -170.472    -0.005
173.261    -171.581    -0.005
174.273    -172.687    -0.005
175.286    -173.794    -0.005
176.299    -174.901    -0.005
177.312    -176.008    -0.005
178.326    -177.115    -0.005
179.340    -178.221    -0.005
180.356    -179.325    -0.005
181.371    -180.431    -0.005
182.386    -181.536    -0.005
183.401    -182.640    -0.005
184.416    -183.745    -0.005
185.428    -184.853    -0.005
186.440    -185.963    -0.005
187.451    -187.071    -0.006
188.463    -188.179    -0.006
189.474    -189.287    -0.006
190.487    -190.395    -0.006
191.503    -191.500    -0.006
192.517    -192.605    -0.006
193.532    -193.710    -0.006
194.547    -194.815    -0.006
195.561    -195.921    -0.006
196.573    -197.029    -0.006
197.584    -198.137    -0.006
198.597    -199.245    -0.006
199.608    -200.354    -0.006
200.620    -201.462    -0.006
201.634    -202.567    -0.006
202.649    -203.672    -0.006
203.664    -204.778    -0.007
204.680    -205.883    -0.007
205.695    -206.988    -0.007
206.707    -208.095    -0.007
207.718    -209.204    -0.007
208.729    -210.313    -0.007
209.740    -211.422    -0.007
210.751    -212.530    -0.007
211.764    -213.638    -0.007
212.779    -214.743    -0.007
213.795    -215.847    -0.007
214.811    -216.952    -0.007
215.826    -218.056    -0.007
216.842    -219.161    -0.007
217.857    -220.266    -0.008
218.873    -221.371    -0.008
219.888    -222.476    -0.008
220.902    -223.581    -0.008
221.917    -224.687    -0.008
222.931    -225.792    -0.008
223.942    -226.901    -0.008
224.954    -228.010    -0.008
225.964    -229.120    -0.008
226.975    -230.229    -0.008
227.985    -231.338    -0.008
228.997    -232.445    -0.008
230.012    -233.551    -0.008
231.026    -234.657    -0.009
232.042    -235.762    -0.009
233.056    -236.868    -0.009
234.070    -237.973    -0.009
235.086    -239.078    -0.009
236.102    -240.182    -0.009
237.117    -241.287    -0.009
238.133    -242.391    -0.009
239.150    -243.496    -0.009
240.165    -244.601    -0.009
241.179    -245.707    -0.009
242.193    -246.813    -0.009
243.207    -247.918    -0.009
244.221    -249.025    -0.010
245.234    -250.131    -0.010
246.248    -251.238    -0.010
247.261    -252.344    -0.010
248.274    -253.452    -0.010
249.287    -254.559    -0.010
250.300    -255.665    -0.010
251.315    -256.770    -0.010
252.331    -257.875    -0.010
253.346    -258.981    -0.010
254.361    -260.086    -0.010
255.375    -261.191    -0.010
256.390    -262.297    -0.011
257.402    -263.405    -0.011
258.415    -264.511    -0.011
259.429    -265.618    -0.011
260.441    -266.725    -0.011
261.454    -267.834    -0.011
262.467    -268.940    -0.011
263.481    -270.045    -0.011
264.495    -271.151    -0.011
265.509    -272.258    -0.011
266.523    -273.365    -0.011
267.538    -274.470    -0.012
268.554    -275.573    -0.012
269.571    -276.677    -0.012
270.587    -277.781    -0.012
271.603    -278.885    -0.012
272.620    -279.989    -0.012
273.630    -281.098    -0.012
274.639    -282.209    -0.012
275.648    -283.320    -0.012
276.657    -284.431    -0.012
277.665    -285.541    -0.012
278.675    -286.651    -0.013
279.687    -287.760    -0.013
280.699    -288.868    -0.013
281.710    -289.976    -0.013
282.722    -291.084    -0.013
283.733    -292.193    -0.013
284.747    -293.299    -0.013
285.762    -294.405    -0.013
286.776    -295.511    -0.013
287.790    -296.618    -0.013
288.803    -297.724    -0.014
289.818    -298.829    -0.014
290.832    -299.934    -0.014
291.846    -301.040    -0.014
292.862    -302.146    -0.014
293.876    -303.252    -0.014
294.889    -304.358    -0.014
295.900    -305.467    -0.014
296.911    -306.576    -0.014
297.922    -307.685    -0.014
298.934    -308.793    -0.014
299.945    -309.901    -0.015
300.962    -311.005    -0.015
301.980    -312.108    -0.015
302.997    -313.210    -0.015
304.015    -314.313    -0.015
305.033    -315.415    -0.015
306.048    -316.521    -0.015
307.061    -317.628    -0.015
308.073    -318.736    -0.015
309.085    -319.843    -0.016
310.097    -320.952    -0.016
311.110    -322.058    -0.016
312.124    -323.164    -0.016
313.139    -324.270    -0.016
314.153    -325.376    -0.016
315.167    -326.482    -0.016
316.181    -327.588    -0.016
317.196    -328.693    -0.016
318.210    -329.799    -0.016
319.225    -330.904    -0.017
320.241    -332.010    -0.017
321.255    -333.115    -0.017
322.267    -334.222    -0.017
323.280    -335.331    -0.017
324.292    -336.438    -0.017
325.305    -337.545    -0.017
326.317    -338.652    -0.017
327.332    -339.758    -0.017
328.346    -340.864    -0.018
329.361    -341.970    -0.018
330.375    -343.075    -0.018
331.389    -344.180    -0.018
332.404    -345.287    -0.018
333.419    -346.392    -0.018
334.435    -347.496    -0.018
335.450    -348.601    -0.018
336.465    -349.705    -0.018
337.480    -350.812    -0.019
338.491    -351.920    -0.019
339.503    -353.028    -0.019
340.515    -354.136    -0.019
341.527    -355.245    -0.019
342.538    -356.353    -0.019
343.550    -357.460    -0.019
344.563    -358.568    -0.019
345.575    -359.676    -0.020
346.588    -360.783    -0.020
347.601    -361.890    -0.020
348.614    -362.997    -0.020
349.627    -364.103    -0.020
350.640    -365.211    -0.020
351.653    -366.318    -0.020
352.666    -367.425    -0.020
353.680    -368.530    -0.020
354.696    -369.636    -0.021
355.711    -370.741    -0.021
356.726    -371.845    -0.021
357.741    -372.950    -0.021
358.755    -374.057    -0.021
359.769    -375.162    -0.021
360.784    -376.268    -0.021
361.798    -377.375    -0.021
362.811    -378.481    -0.022
363.825    -379.588    -0.022
364.837    -380.695    -0.022
365.849    -381.802    -0.022
366.862    -382.909    -0.022
367.876    -384.017    -0.022
368.888    -385.125    -0.022
369.903    -386.230    -0.022
370.918    -387.335    -0.023
371.932    -388.439    -0.023
372.947    -389.545    -0.023
373.962    -390.650    -0.023
374.977    -391.756    -0.023
375.990    -392.863    -0.023
377.002    -393.971    -0.023
378.015    -395.078    -0.023
379.027    -396.185    -0.024
380.040    -397.292    -0.024
381.053    -398.401    -0.024
382.066    -399.508    -0.024
383.078    -400.615    -0.024
384.091    -401.722    -0.024
385.103    -402.830    -0.024
386.115    -403.938    -0.025
387.126    -405.046    -0.025
388.139    -406.154    -0.025
389.150    -407.262    -0.025
390.162    -408.370    -0.025
391.173    -409.479    -0.025
392.184    -410.587    -0.025
393.195    -411.696    -0.025
394.207    -412.805    -0.026
395.218    -413.913    -0.026
396.230    -415.021    -0.026
397.244    -416.127    -0.026
398.259    -417.233    -0.026
399.274    -418.338    -0.026
400.289    -419.443    -0.026
401.304    -420.549    -0.027
402.317    -421.656    -0.027
403.329    -422.763    -0.027
404.341    -423.871    -0.027
405.354    -424.978    -0.027
406.366    -426.085    -0.027
407.381    -427.192    -0.027
408.395    -428.297    -0.027
409.409    -429.403    -0.028
410.423    -430.509    -0.028
411.437    -431.616    -0.028
412.452    -432.721    -0.028
413.466    -433.826    -0.028
414.482    -434.932    -0.028
415.496    -436.037    -0.028
416.511    -437.143    -0.029
417.525    -438.248    -0.029
418.535    -439.358    -0.029
419.545    -440.467    -0.029
420.556    -441.578    -0.029
421.565    -442.688    -0.029
422.575    -443.797    -0.029
423.587    -444.905    -0.030
424.602    -446.011    -0.030
425.617    -447.115    -0.030
426.633    -448.219    -0.030
427.649    -449.324    -0.030
428.664    -450.430    -0.030
429.678    -451.536    -0.030
430.692    -452.642    -0.031
431.706    -453.747    -0.031
432.720    -454.853    -0.031
433.733    -455.961    -0.031
434.746    -457.068    -0.031
435.759    -458.175    -0.031
436.771    -459.283    -0.032
437.783    -460.391    -0.032
438.795    -461.499    -0.032
439.806    -462.606    -0.032
440.819    -463.714    -0.032
441.831    -464.823    -0.032
442.843    -465.930    -0.032
443.855    -467.038    -0.033
444.868    -468.145    -0.033
445.880    -469.253    -0.033
446.894    -470.359    -0.033
447.907    -471.466    -0.033
448.920    -472.573    -0.033
449.932    -473.681    -0.033
450.944    -474.789    -0.034
451.956    -475.897    -0.034
452.968    -477.005    -0.034
453.980    -478.112    -0.034
454.992    -479.221    -0.034
456.004    -480.329    -0.034
457.016    -481.437    -0.035
458.027    -482.544    -0.035
459.039    -483.653    -0.035
460.053    -484.760    -0.035
461.070    -485.863    -0.035
462.087    -486.966    -0.035
463.104    -488.069    -0.036
464.121    -489.173    -0.036
465.138    -490.276    -0.036
466.151    -491.383    -0.036
467.162    -492.492    -0.036
468.172    -493.602    -0.036
469.183    -494.711    -0.036
470.194    -495.819    -0.037
471.203    -496.929    -0.037
472.208    -498.044    -0.037
473.214    -499.158    -0.037
474.218    -500.272    -0.037
475.223    -501.388    -0.037
476.227    -502.502    -0.038
477.224    -503.624    -0.038
478.216    -504.750    -0.038
479.141    -505.801    -0.038
480.199    -507.002    -0.038
481.125    -508.053    -0.038
482.110    -509.184    -0.039
483.087    -510.324    -0.039
484.064    -511.463    -0.039
485.035    -512.606    -0.039
486.006    -513.750    -0.039
486.976    -514.896    -0.039
487.931    -516.052    -0.040
488.883    -517.212    -0.040
489.834    -518.374    -0.040
490.703    -519.472    -0.040
491.696    -520.727    -0.040
492.563    -521.827    -0.040
493.474    -523.019    -0.041
494.386    -524.211    -0.041
495.287    -525.410    -0.041
496.182    -526.615    -0.041
497.077    -527.820    -0.041
497.963    -529.030    -0.041
498.842    -530.246    -0.042
499.721    -531.462    -0.042
500.583    -532.691    -0.042
501.388    -533.837    -0.042
502.245    -535.069    -0.042
503.083    -536.314    -0.042
503.921    -537.558    -0.043
504.740    -538.815    -0.043
505.536    -540.087    -0.043
506.333    -541.359    -0.043
507.063    -542.555    -0.043
507.838    -543.839    -0.043
508.592    -545.136    -0.044
509.339    -546.437    -0.044
510.086    -547.739    -0.044
510.825    -549.045    -0.044
511.549    -550.359    -0.044
512.273    -551.673    -0.044
512.925    -552.913    -0.045
513.609    -554.248    -0.045
514.292    -555.584    -0.045
514.956    -556.930    -0.045
515.563    -558.192    -0.045
516.198    -559.551    -0.045
516.811    -560.921    -0.046
517.421    -562.292    -0.046
518.027    -563.665    -0.046
518.610    -565.048    -0.046
519.137    -566.345    -0.046
519.680    -567.743    -0.046
520.195    -569.154    -0.047
520.710    -570.563    -0.047
521.169    -571.886    -0.047
521.640    -573.310    -0.047
522.104    -574.737    -0.047
522.531    -576.176    -0.047
522.911    -577.524    -0.048
523.316    -578.968    -0.048
523.685    -580.423    -0.048
524.037    -581.882    -0.048
524.377    -583.344    -0.048
524.678    -584.711    -0.048
525.022    -586.274    -0.049
525.304    -587.645    -0.049
525.581    -589.120    -0.049
525.846    -590.597    -0.049
526.049    -591.983    -0.049
526.259    -593.469    -0.049
526.463    -594.955    -0.050
526.601    -596.349    -0.050
526.740    -597.843    -0.050
526.851    -599.340    -0.050
526.930    -600.838    -0.050
527.008    -602.337    -0.050
527.058    -603.736    -0.050
527.086    -605.236    -0.051
527.103    -606.737    -0.051
527.078    -608.136    -0.051
527.036    -609.636    -0.051
526.989    -611.136    -0.051
526.911    -612.634    -0.051
526.805    -614.031    -0.051
526.662    -615.525    -0.052
526.495    -617.015    -0.052
526.327    -618.507    -0.052
526.139    -619.895    -0.052
525.914    -621.379    -0.052
525.679    -622.861    -0.052
525.386    -624.332    -0.052
525.109    -625.704    -0.052
524.798    -627.173    -0.053
524.455    -628.633    -0.053
524.092    -629.986    -0.053
523.674    -631.427    -0.053
523.242    -632.863    -0.053
522.808    -634.301    -0.053
522.375    -635.633    -0.053
521.903    -637.056    -0.053
521.408    -638.474    -0.053
520.906    -639.780    -0.053
520.368    -641.181    -0.054
519.822    -642.579    -0.054
519.238    -643.961    -0.054
518.674    -645.242    -0.054
518.021    -646.594    -0.054
517.352    -647.936    -0.054
516.683    -649.280    -0.054
516.040    -650.524    -0.054
515.325    -651.843    -0.054
514.570    -653.140    -0.054
513.849    -654.340    -0.054
513.068    -655.621    -0.054
512.287    -656.903    -0.054
511.473    -658.163    -0.055
510.688    -659.323    -0.055
509.835    -660.558    -0.055
508.948    -661.768    -0.055
508.062    -662.979    -0.055
507.226    -664.102    -0.055
506.359    -665.202    -0.055
505.332    -666.430    -0.055
504.417    -667.490    -0.055
503.429    -668.619    -0.055
502.439    -669.748    -0.055
501.437    -670.863    -0.055
500.459    -671.867    -0.055
499.473    -672.860    -0.055
498.394    -673.903    -0.055
497.315    -674.946    -0.055
496.289    -675.900    -0.055
495.164    -676.893    -0.055
494.035    -677.880    -0.055
492.959    -678.776    -0.055
491.712    -679.781    -0.055
490.545    -680.723    -0.055
489.427    -681.568    -0.055
488.303    -682.402    -0.055
487.080    -683.272    -0.055
485.836    -684.110    -0.055
484.590    -684.948    -0.055
483.423    -685.720    -0.055
482.147    -686.510    -0.055
480.862    -687.286    -0.055
479.650    -687.986    -0.055
478.338    -688.714    -0.055
477.026    -689.442    -0.055
475.788    -690.098    -0.055
474.450    -690.777    -0.055
473.102    -691.434    -0.055
471.828    -692.016    -0.055
470.455    -692.621    -0.055
469.081    -693.225    -0.055
467.781    -693.746    -0.055
466.383    -694.292    -0.055
464.977    -694.815    -0.055
463.651    -695.267    -0.055
462.232    -695.752    -0.055
460.808    -696.226    -0.055
459.371    -696.658    -0.055
458.024    -697.044    -0.055
456.575    -697.431    -0.055
455.121    -697.802    -0.055
453.666    -698.172    -0.054
452.299    -698.468    -0.054
450.828    -698.770    -0.054
449.356    -699.061    -0.054
447.973    -699.277    -0.054
446.490    -699.507    -0.054
445.104    -699.711    -0.054
443.615    -699.897    -0.054
442.123    -700.055    -0.054
440.728    -700.172    -0.054
439.231    -700.271    -0.054
437.733    -700.368    -0.054
436.234    -700.433    -0.053
434.834    -700.484    -0.053
433.334    -700.518    -0.053
431.834    -700.505    -0.053
430.334    -700.491    -0.053
428.933    -700.465    -0.053
427.435    -700.389    -0.053
426.037    -700.302    -0.053
424.542    -700.172    -0.053
423.051    -700.007    -0.053
421.559    -699.843    -0.052
420.170    -699.672    -0.052
418.684    -699.461    -0.052
417.203    -699.221    -0.052
415.826    -698.967    -0.052
414.354    -698.673    -0.052
412.883    -698.378    -0.052
411.517    -698.072    -0.052
410.056    -697.726    -0.051
408.607    -697.336    -0.051
407.259    -696.956    -0.051
405.816    -696.545    -0.051
404.277    -696.108    -0.051
402.945    -695.676    -0.051
401.616    -695.231    -0.051
400.202    -694.731    -0.051
398.897    -694.221    -0.050
397.505    -693.660    -0.050
396.114    -693.099    -0.050
394.736    -692.506    -0.050
393.456    -691.936    -0.050
392.099    -691.297    -0.050
390.758    -690.623    -0.049
389.507    -689.995    -0.049
388.172    -689.308    -0.049
386.861    -688.579    -0.049
385.645    -687.884    -0.049
384.354    -687.119    -0.049
383.084    -686.320    -0.049
381.813    -685.522    -0.048
380.636    -684.764    -0.048
379.397    -683.919    -0.048
378.259    -683.102    -0.048
377.053    -682.209    -0.048
375.852    -681.309    -0.048
374.652    -680.409    -0.047
373.547    -679.548    -0.047
372.378    -678.608    -0.047
371.241    -677.628    -0.047
370.191    -676.701    -0.047
369.077    -675.697    -0.047
367.962    -674.691    -0.046
366.950    -673.724    -0.046
365.877    -672.675    -0.046
364.817    -671.613    -0.046
363.797    -670.513    -0.046
362.850    -669.481    -0.046
361.835    -668.376    -0.045
360.857    -667.239    -0.045
359.955    -666.167    -0.045
359.005    -665.005    -0.045
358.092    -663.815    -0.045
357.177    -662.625    -0.045
356.338    -661.504    -0.044
355.473    -660.278    -0.044
354.617    -659.046    -0.044
353.841    -657.880    -0.044
353.025    -656.621    -0.044
352.210    -655.360    -0.043
351.425    -654.081    -0.043
350.706    -652.880    -0.043
349.951    -651.584    -0.043
349.225    -650.270    -0.043
348.498    -648.957    -0.043
347.823    -647.731    -0.042
347.141    -646.394    -0.042
346.475    -645.049    -0.042
345.819    -643.700    -0.042
345.191    -642.337    -0.042
344.562    -640.974    -0.042
343.983    -639.699    -0.041
343.395    -638.319    -0.041
342.833    -636.927    -0.041
342.286    -635.530    -0.041
341.786    -634.222    -0.041
341.250    -632.821    -0.041
340.740    -631.410    -0.040
340.247    -629.993    -0.040
339.755    -628.574    -0.040
339.329    -627.240    -0.040
338.878    -625.809    -0.040
338.429    -624.378    -0.040
338.020    -622.933    -0.039
337.619    -621.488    -0.039
337.254    -620.136    -0.039
336.854    -618.586    -0.039
336.505    -617.230    -0.039
336.148    -615.772    -0.039
335.818    -614.309    -0.039
335.496    -612.843    -0.038
335.182    -611.375    -0.038
334.872    -609.908    -0.038
334.562    -608.439    -0.038
334.293    -607.065    -0.038
334.021    -605.589    -0.038
333.748    -604.114    -0.037
333.496    -602.634    -0.037
333.252    -601.154    -0.037
333.009    -599.673    -0.037
332.814    -598.287    -0.037
332.603    -596.801    -0.037
332.392    -595.315    -0.037
332.207    -593.826    -0.036
332.021    -592.337    -0.036
331.841    -590.848    -0.036
331.678    -589.356    -0.036
331.539    -587.963    -0.036
331.395    -586.469    -0.036
331.248    -584.875    -0.035
331.111    -583.381    -0.035
330.991    -581.986    -0.035
330.877    -580.489    -0.035
330.763    -578.993    -0.035
330.660    -577.496    -0.035
330.572    -575.998    -0.035
330.482    -574.500    -0.035
330.400    -573.002    -0.034
330.322    -571.504    -0.034
330.244    -570.005    -0.034
330.180    -568.606    -0.034
330.125    -567.106    -0.034
330.069    -565.607    -0.034
330.020    -564.107    -0.034
329.973    -562.608    -0.033
329.927    -561.107    -0.033
329.885    -559.607    -0.033
329.843    -558.108    -0.033
329.802    -556.607    -0.033
329.766    -555.107    -0.033
329.730    -553.608    -0.033
329.695    -552.107    -0.032
329.659    -550.607    -0.032
329.623    -549.107    -0.032
329.589    -547.607    -0.032
329.558    -546.107    -0.032
329.526    -544.606    -0.032
329.496    -543.106    -0.032
329.465    -541.606    -0.032
329.435    -540.105    -0.031
329.406    -538.605    -0.031
329.380    -537.105    -0.031
329.355    -535.605    -0.031
329.330    -534.105    -0.031
329.304    -532.604    -0.031
329.278    -531.104    -0.031
329.253    -529.603    -0.031
329.227    -528.103    -0.030
329.202    -526.602    -0.030
329.177    -525.102    -0.030
329.152    -523.602    -0.030
329.126    -522.101    -0.030
329.100    -520.602    -0.030
329.075    -519.101    -0.030
329.050    -517.601    -0.030
329.025    -516.101    -0.029
328.999    -514.600    -0.029
328.974    -513.100    -0.029
328.947    -511.599    -0.029
328.921    -510.099    -0.029
328.895    -508.598    -0.029
328.868    -507.098    -0.029
328.842    -505.598    -0.029
328.815    -504.098    -0.028
328.786    -502.598    -0.028
328.758    -501.097    -0.028
328.730    -499.597    -0.028
328.701    -498.097    -0.028
328.673    -496.596    -0.028
328.646    -495.096    -0.028
328.621    -493.595    -0.028
328.596    -492.095    -0.028
328.571    -490.596    -0.027
328.546    -489.095    -0.027
328.521    -487.595    -0.027
328.496    -486.094    -0.027
328.471    -484.594    -0.027
328.446    -483.093    -0.027
328.421    -481.593    -0.027
328.396    -480.093    -0.027
328.370    -478.592    -0.026
328.343    -477.092    -0.026
328.317    -475.591    -0.026
328.290    -474.092    -0.026
328.263    -472.592    -0.026
328.237    -471.091    -0.026
328.211    -469.591    -0.026
328.186    -468.090    -0.026
328.161    -466.590    -0.026
328.136    -465.089    -0.025
328.111    -463.589    -0.025
328.085    -462.089    -0.025
328.060    -460.588    -0.025
328.035    -459.088    -0.025
328.009    -457.588    -0.025
327.984    -456.088    -0.025
327.959    -454.588    -0.025
327.929    -453.087    -0.025
327.887    -451.587    -0.024
327.844    -450.088    -0.024
327.802    -448.587    -0.024
327.759    -447.087    -0.024
327.717    -445.588    -0.024
327.666    -444.087    -0.024
327.602    -442.588    -0.024
327.533    -440.989    -0.024
327.449    -439.491    -0.024
327.355    -437.994    -0.023
327.260    -436.496    -0.023
327.168    -434.998    -0.023
327.062    -433.502    -0.023
326.938    -432.006    -0.023
326.803    -430.511    -0.023
326.668    -429.018    -0.023
326.533    -427.523    -0.023
326.360    -425.931    -0.023
326.191    -424.441    -0.023
326.018    -422.950    -0.022
325.826    -421.462    -0.022
325.635    -419.973    -0.022
325.438    -418.486    -0.022
325.215    -416.901    -0.022
324.971    -415.421    -0.022
324.730    -413.940    -0.022
324.492    -412.458    -0.022
324.253    -410.977    -0.022
324.000    -409.497    -0.021
323.735    -408.021    -0.021
323.454    -406.547    -0.021
323.162    -405.075    -0.021
322.866    -403.603    -0.021
322.570    -402.132    -0.021
322.256    -400.665    -0.021
321.912    -399.102    -0.021
321.579    -397.639    -0.021
321.237    -396.178    -0.020
320.894    -394.717    -0.020
320.550    -393.256    -0.020
320.192    -391.799    -0.020
319.830    -390.344    -0.020
319.460    -388.889    -0.020
319.071    -387.439    -0.020
318.683    -385.990    -0.020
318.251    -384.449    -0.020
317.855    -383.106    -0.019
317.401    -381.571    -0.019
316.967    -380.134    -0.019
316.516    -378.703    -0.019
316.066    -377.272    -0.019
315.606    -375.844    -0.019
315.136    -374.418    -0.019
314.666    -372.994    -0.019
314.181    -371.574    -0.019
313.654    -370.063    -0.018
313.193    -368.740    -0.018
312.648    -367.235    -0.018
312.132    -365.826    -0.018
311.616    -364.417    -0.018
311.075    -363.018    -0.018
310.534    -361.617    -0.018
309.990    -360.219    -0.018
309.423    -358.829    -0.018
308.858    -357.440    -0.018
308.287    -356.052    -0.017
307.702    -354.670    -0.017
307.119    -353.288    -0.017
306.487    -351.817    -0.017
305.875    -350.447    -0.017
305.263    -349.077    -0.017
304.636    -347.714    -0.017
303.996    -346.357    -0.017
303.355    -345.000    -0.017
302.700    -343.650    -0.016
302.035    -342.305    -0.016
301.370    -340.960    -0.016
300.650    -339.530    -0.016
300.013    -338.283    -0.016
299.286    -336.857    -0.016
298.584    -335.531    -0.016
297.878    -334.206    -0.016
297.172    -332.883    -0.016
296.451    -331.567    -0.016
295.727    -330.252    -0.015
295.002    -328.939    -0.015
294.240    -327.646    -0.015
293.478    -326.353    -0.015
292.660    -324.978    -0.015
291.882    -323.695    -0.015
291.103    -322.412    -0.015
290.308    -321.140    -0.015
289.499    -319.876    -0.015
288.690    -318.612    -0.015
287.873    -317.353    -0.014
287.054    -316.097    -0.014
286.233    -314.840    -0.014
285.391    -313.598    -0.014
284.549    -312.355    -0.014
283.648    -311.032    -0.014
282.792    -309.800    -0.014
281.936    -308.568    -0.014
281.077    -307.338    -0.014
280.210    -306.113    -0.014
279.343    -304.887    -0.013
278.469    -303.668    -0.013
277.588    -302.454    -0.013
276.705    -301.241    -0.013
275.808    -300.037    -0.013
274.902    -298.842    -0.013
273.994    -297.647    -0.013
272.999    -296.394    -0.013
272.062    -295.221    -0.013
271.126    -294.048    -0.013
270.156    -292.903    -0.012
269.187    -291.758    -0.012
268.216    -290.615    -0.012
267.232    -289.480    -0.012
266.249    -288.347    -0.012
265.190    -287.147    -0.012
264.181    -286.036    -0.012
263.173    -284.925    -0.012
262.164    -283.814    -0.012
261.155    -282.704    -0.012
260.145    -281.594    -0.012
259.134    -280.485    -0.011
258.123    -279.376    -0.011
257.113    -278.266    -0.011
256.101    -277.159    -0.011
255.089    -276.052    -0.011
254.075    -274.943    -0.011
253.067    -273.833    -0.011
252.058    -272.722    -0.011
251.049    -271.612    -0.011
250.040    -270.501    -0.011
249.031    -269.391    -0.011
248.021    -268.280    -0.010
247.010    -267.172    -0.010
245.998    -266.064    -0.010
244.986    -264.956    -0.010
243.973    -263.849    -0.010
242.961    -262.742    -0.010
241.949    -261.633    -0.010
240.936    -260.525    -0.010
239.925    -259.417    -0.010
238.913    -258.310    -0.010
237.901    -257.201    -0.010
236.889    -256.093    -0.010
235.876    -254.986    -0.009
234.862    -253.880    -0.009
233.849    -252.773    -0.009
232.835    -251.667    -0.009
231.822    -250.560    -0.009
230.808    -249.455    -0.009
229.792    -248.350    -0.009
228.776    -247.245    -0.009
227.760    -246.141    -0.009
226.744    -245.037    -0.009
225.728    -243.933    -0.009
224.716    -242.824    -0.009
223.704    -241.717    -0.009
222.692    -240.609    -0.008
221.679    -239.502    -0.008
220.667    -238.395    -0.008
219.652    -237.288    -0.008
218.636    -236.185    -0.008
217.620    -235.081    -0.008
216.604    -233.977    -0.008
215.588    -232.872    -0.008
214.572    -231.768    -0.008
213.557    -230.662    -0.008
212.543    -229.557    -0.008
211.528    -228.452    -0.008
210.513    -227.345    -0.008
209.499    -226.240    -0.007
208.485    -225.135    -0.007
207.470    -224.029    -0.007
206.455    -222.923    -0.007
205.440    -221.818    -0.007
204.426    -220.713    -0.007
203.412    -219.606    -0.007
202.402    -218.497    -0.007
201.391    -217.388    -0.007
200.379    -216.279    -0.007
199.368    -215.171    -0.007
198.357    -214.062    -0.007
197.345    -212.954    -0.007
196.332    -211.847    -0.007
195.318    -210.741    -0.006
194.303    -209.635    -0.006
193.290    -208.528    -0.006
192.277    -207.422    -0.006
191.263    -206.316    -0.006
190.248    -205.211    -0.006
189.234    -204.105    -0.006
188.219    -202.999    -0.006
187.204    -201.894    -0.006
186.189    -200.789    -0.006
185.174    -199.683    -0.006
184.160    -198.578    -0.006
183.145    -197.473    -0.006
182.130    -196.368    -0.006
181.117    -195.260    -0.006
180.105    -194.151    -0.006
179.094    -193.043    -0.005
178.082    -191.935    -0.005
177.071    -190.827    -0.005
176.059    -189.719    -0.005
175.044    -188.614    -0.005
174.029    -187.509    -0.005
173.013    -186.404    -0.005
171.998    -185.299    -0.005
170.983    -184.193    -0.005
169.970    -183.087    -0.005
168.957    -181.980    -0.005
167.944    -180.873    -0.005
166.930    -179.766    -0.005
165.917    -178.659    -0.005
164.905    -177.552    -0.005
163.892    -176.445    -0.005
162.880    -175.337    -0.004
161.868    -174.229    -0.004
160.856    -173.122    -0.004
159.842    -172.015    -0.004
158.828    -170.909    -0.004
157.814    -169.802    -0.004
156.800    -168.696    -0.004
155.786    -167.591    -0.004
154.772    -166.485    -0.004
153.758    -165.379    -0.004
152.743    -164.273    -0.004
151.729    -163.167    -0.004
150.715    -162.061    -0.004
149.701    -160.955    -0.004
148.687    -159.849    -0.004
147.673    -158.742    -0.004
146.659    -157.636    -0.004
145.646    -156.530    -0.004
144.632    -155.422    -0.004
143.619    -154.316    -0.003
142.605    -153.210    -0.003
141.592    -152.104    -0.003
140.578    -150.998    -0.003
139.563    -149.891    -0.003
138.549    -148.786    -0.003
137.535    -147.680    -0.003
136.521    -146.575    -0.003
135.506    -145.468    -0.003
134.492    -144.363    -0.003
133.477    -143.258    -0.003
132.462    -142.152    -0.003
131.448    -141.047    -0.003
130.434    -139.940    -0.003
129.420    -138.834    -0.003
128.406    -137.728    -0.003
127.392    -136.622    -0.003
126.379    -135.515    -0.003
125.367    -134.406    -0.003
124.356    -133.298    -0.003
123.346    -132.189    -0.003
122.335    -131.079    -0.003
121.325    -129.970    -0.002
120.311    -128.864    -0.002
119.296    -127.758    -0.002
118.282    -126.653    -0.002
117.267    -125.546    -0.002
116.253    -124.441    -0.002
115.239    -123.335    -0.002
114.225    -122.230    -0.002
113.211    -121.123    -0.002
112.195    -120.018    -0.002
111.181    -118.912    -0.002
110.167    -117.806    -0.002
109.153    -116.701    -0.002
108.139    -115.594    -0.002
107.125    -114.488    -0.002
106.111    -113.383    -0.002
105.096    -112.277    -0.002
104.082    -111.170    -0.002
103.067    -110.065    -0.002
102.053    -108.959    -0.002
101.039    -107.854    -0.002
100.024    -106.748    -0.002
99.010    -105.642    -0.002
97.995    -104.536    -0.002
96.982    -103.430    -0.002
95.969    -102.323    -0.002
94.956    -101.216    -0.002
93.943    -100.109    -0.001
92.929    -99.003    -0.001
91.914    -97.897    -0.001
90.900    -96.791    -0.001
89.886    -95.685    -0.001
88.871    -94.580    -0.001
87.857    -93.475    -0.001
86.844    -92.368    -0.001
85.832    -91.259    -0.001
84.819    -90.151    -0.001
83.808    -89.043    -0.001
82.796    -87.936    -0.001
81.784    -86.827    -0.001
80.771    -85.720    -0.001
79.758    -84.614    -0.001
78.744    -83.508    -0.001
77.730    -82.400    -0.001
76.717    -81.294    -0.001
75.703    -80.188    -0.001
74.688    -79.083    -0.001
73.673    -77.978    -0.001
72.659    -76.872    -0.001
71.643    -75.767    -0.001
70.629    -74.661    -0.001
69.617    -73.554    -0.001
68.605    -72.445    -0.001
67.593    -71.338    -0.001
66.580    -70.231    -0.001
65.568    -69.123    -0.001
64.554    -68.015    -0.001
63.541    -66.909    -0.001
62.527    -65.804    -0.001
61.513    -64.698    -0.001
60.499    -63.592    -0.001
59.485    -62.485    -0.001
58.471    -61.378    -0.001
57.459    -60.271    -0.001
56.446    -59.165    -0.001
55.433    -58.057    -0.001
54.420    -56.950    -0.000
53.407    -55.843    -0.000
52.395    -54.736    -0.000
51.382    -53.628    -0.000
50.369    -52.521    -0.000
49.357    -51.413    -0.000
48.344    -50.306    -0.000
47.332    -49.199    -0.000
46.321    -48.090    -0.000
45.308    -46.982    -0.000
44.296    -45.875    -0.000
43.284    -44.767    -0.000
42.271    -43.660    -0.000
41.256    -42.554    -0.000
40.241    -41.449    -0.000
39.226    -40.345    -0.000
38.210    -39.239    -0.000
37.195    -38.134    -0.000
36.182    -37.027    -0.000
35.170    -35.920    -0.000
34.158    -34.813    -0.000
33.146    -33.704    -0.000
32.133    -32.597    -0.000
31.119    -31.490    -0.000
30.104    -30.386    -0.000
29.089    -29.280    -0.000
28.074    -28.175    -0.000
27.059    -27.070    -0.000
26.044    -25.966    -0.000
25.031    -24.858    -0.000
24.020    -23.749    -0.000
23.009    -22.640    -0.000
21.998    -21.532    -0.000
20.987    -20.423    -0.000
19.976    -19.314    -0.000
18.961    -18.209    -0.000
17.945    -17.104    -0.000
16.930    -15.999    -0.000
15.915    -14.893    -0.000
14.900    -13.789    -0.000
13.886    -12.683    -0.000
12.874    -11.576    -0.000
11.861    -10.469    -0.000
10.848    -9.361    -0.000
9.835    -8.253    -0.000
8.823    -7.146    -0.000
7.809    -6.041    -0.000
6.794    -4.934    -0.000
5.780    -3.829    -0.000
4.764    -2.724    -0.000
3.750    -1.618    -0.000
2.736    -0.512    -0.000
1.723    0.595    -0.000
