-4.306    -4.058    -0.000
-5.318    -2.951    -0.000
-6.398    -1.769    -0.000
-7.342    -0.735    -0.000
-8.355    0.372    -0.000
-9.369    1.479    -0.000
-10.381    2.587    -0.000
-11.394    3.693    -0.000
-12.407    4.800    -0.000
-13.488    5.981    -0.000
-14.433    7.013    -0.000
-15.448    8.120    -0.000
-16.461    9.226    -0.000
-17.475    10.333    -0.000
-18.488    11.439    -0.000
-19.503    12.545    -0.000
-20.520    13.648    -0.000
-21.536    14.752    -0.000
-22.554    15.855    -0.000
-23.570    16.959    -0.000
-24.587    18.063    -0.000
-25.665    19.244    -0.000
-26.610    20.279    -0.000
-27.622    21.386    -0.000
-28.634    22.495    -0.000
-29.647    23.602    -0.000
-30.660    24.709    -0.000
-31.673    25.816    -0.000
-32.687    26.923    -0.000
-33.700    28.029    -0.000
-34.714    29.135    -0.000
-35.727    30.242    -0.000
-36.743    31.346    -0.000
-37.759    32.451    -0.000
-38.775    33.555    -0.000
-39.791    34.659    -0.000
-40.807    35.763    -0.000
-41.821    36.869    -0.000
-42.831    37.979    -0.000
-43.842    39.089    -0.000
-44.918    40.273    -0.000
-45.861    41.308    -0.000
-46.939    42.492    -0.000
-47.885    43.524    -0.000
-48.900    44.628    -0.000
-49.917    45.733    -0.000
-50.933    46.838    -0.000
-51.948    47.942    -0.000
-52.963    49.047    -0.000
-54.046    50.227    -0.000
-54.992    51.258    -0.000
-56.006    52.365    -0.000
-57.021    53.471    -0.000
-58.102    54.651    -0.000
-59.048    55.683    -0.001
-60.061    56.791    -0.001
-61.142    57.971    -0.001
-62.086    59.004    -0.001
-63.100    60.111    -0.001
-64.113    61.219    -0.001
-65.125    62.326    -0.001
-66.138    63.433    -0.001
-67.218    64.615    -0.001
-68.231    65.722    -0.001
-69.243    66.829    -0.001
-70.189    67.862    -0.001
-71.203    68.968    -0.001
-72.217    70.074    -0.001
-73.231    71.181    -0.001
-74.244    72.287    -0.001
-75.258    73.393    -0.001
-76.272    74.499    -0.001
-77.286    75.606    -0.001
-78.300    76.712    -0.001
-79.380    77.893    -0.001
-80.327    78.925    -0.001
-81.340    80.031    -0.001
-82.353    81.139    -0.001
-83.366    82.246    -0.001
-84.379    83.353    -0.001
-85.392    84.460    -0.001
-86.404    85.568    -0.001
-87.416    86.676    -0.001
-88.495    87.859    -0.001
-89.438    88.893    -0.001
-90.517    90.076    -0.001
-91.527    91.184    -0.001
-92.472    92.219    -0.001
-93.487    93.324    -0.001
-94.501    94.430    -0.001
-95.516    95.535    -0.001
-96.532    96.640    -0.001
-97.547    97.745    -0.001
-98.562    98.850    -0.002
-99.576    99.957    -0.002
-100.589    101.063    -0.002
-101.603    102.169    -0.002
-102.617    103.274    -0.002
-103.633    104.381    -0.002
-104.646    105.487    -0.002
-105.660    106.593    -0.002
-106.674    107.699    -0.002
-107.687    108.805    -0.002
-108.701    109.912    -0.002
-109.715    111.018    -0.002
-110.728    112.125    -0.002
-111.741    113.232    -0.002
-112.753    114.340    -0.002
-113.766    115.447    -0.002
-114.778    116.554    -0.002
-115.860    117.735    -0.002
-116.806    118.767    -0.002
-117.820    119.874    -0.002
-118.833    120.980    -0.002
-119.847    122.086    -0.002
-120.860    123.192    -0.002
-121.875    124.298    -0.002
-122.890    125.403    -0.002
-123.973    126.583    -0.002
-124.920    127.613    -0.003
-125.935    128.718    -0.003
-127.015    129.900    -0.003
-127.960    130.934    -0.003
-129.040    132.116    -0.003
-129.984    133.149    -0.003
-131.064    134.331    -0.003
-132.010    135.364    -0.003
-133.024    136.470    -0.003
-134.038    137.575    -0.003
-135.052    138.682    -0.003
-136.067    139.787    -0.003
-137.081    140.893    -0.003
-138.095    141.999    -0.003
-139.109    143.106    -0.003
-140.122    144.213    -0.003
-141.135    145.319    -0.003
-142.149    146.426    -0.003
-143.162    147.532    -0.003
-144.175    148.641    -0.003
-145.187    149.748    -0.003
-146.266    150.930    -0.003
-147.211    151.963    -0.004
-148.224    153.071    -0.004
-149.237    154.178    -0.004
-150.250    155.284    -0.004
-151.265    156.390    -0.004
-152.279    157.496    -0.004
-153.292    158.603    -0.004
-154.305    159.710    -0.004
-155.316    160.818    -0.004
-156.328    161.926    -0.004
-157.341    163.034    -0.004
-158.353    164.142    -0.004
-159.364    165.250    -0.004
-160.377    166.357    -0.004
-161.390    167.464    -0.004
-162.404    168.570    -0.004
-163.417    169.677    -0.004
-164.432    170.783    -0.004
-165.446    171.889    -0.004
-166.462    172.994    -0.005
-167.478    174.097    -0.005
-168.494    175.201    -0.005
-169.510    176.305    -0.005
-170.526    177.410    -0.005
-171.541    178.516    -0.005
-172.553    179.623    -0.005
-173.566    180.730    -0.005
-174.647    181.911    -0.005
-175.592    182.944    -0.005
-176.605    184.051    -0.005
-177.620    185.157    -0.005
-178.634    186.263    -0.005
-179.648    187.369    -0.005
-180.729    188.548    -0.005
-181.676    189.580    -0.005
-182.689    190.687    -0.005
-183.702    191.795    -0.006
-184.719    192.898    -0.006
-185.742    193.996    -0.006
-186.765    195.094    -0.006
-187.787    196.192    -0.006
-188.814    197.286    -0.006
-189.841    198.380    -0.006
-190.808    199.394    -0.006
-191.850    200.473    -0.006
-192.893    201.552    -0.006
-194.030    202.736    -0.006
-195.041    203.844    -0.006
-196.053    204.953    -0.006
-197.063    206.062    -0.006
-198.074    207.171    -0.006
-199.085    208.280    -0.007
-200.096    209.388    -0.007
-201.107    210.497    -0.007
-202.119    211.606    -0.007
-203.130    212.715    -0.007
-204.207    213.898    -0.007
-205.151    214.932    -0.007
-206.162    216.041    -0.007
-207.173    217.150    -0.007
-208.185    218.259    -0.007
-209.196    219.367    -0.007
-210.207    220.476    -0.007
-211.218    221.585    -0.007
-212.229    222.694    -0.007
-213.239    223.802    -0.008
-214.250    224.911    -0.008
-215.262    226.021    -0.008
-216.273    227.129    -0.008
-217.284    228.238    -0.008
-218.295    229.346    -0.008
-219.306    230.456    -0.008
-220.317    231.564    -0.008
-221.328    232.673    -0.008
-222.339    233.781    -0.008
-223.350    234.891    -0.008
-224.361    236.000    -0.008
-225.372    237.108    -0.008
-226.383    238.217    -0.008
-227.395    239.326    -0.009
-228.406    240.435    -0.009
-229.416    241.543    -0.009
-230.427    242.652    -0.009
-231.438    243.761    -0.009
-232.449    244.870    -0.009
-233.461    245.979    -0.009
-234.472    247.087    -0.009
-235.483    248.197    -0.009
-236.494    249.305    -0.009
-237.504    250.414    -0.009
-238.515    251.522    -0.009
-239.527    252.632    -0.010
-240.538    253.740    -0.010
-241.549    254.849    -0.010
-242.560    255.958    -0.010
-243.571    257.067    -0.010
-244.582    258.176    -0.010
-245.594    259.284    -0.010
-246.604    260.393    -0.010
-247.615    261.501    -0.010
-248.626    262.611    -0.010
-249.637    263.719    -0.010
-250.648    264.828    -0.010
-251.660    265.936    -0.011
-252.671    267.046    -0.011
-253.682    268.155    -0.011
-254.692    269.263    -0.011
-255.702    270.373    -0.011
-256.710    271.485    -0.011
-257.720    272.595    -0.011
-258.729    273.706    -0.011
-259.737    274.817    -0.011
-260.747    275.927    -0.011
-261.763    277.031    -0.011
-262.780    278.134    -0.011
-263.796    279.238    -0.012
-264.813    280.343    -0.012
-265.827    281.449    -0.012
-266.840    282.556    -0.012
-267.852    283.662    -0.012
-268.865    284.770    -0.012
-269.877    285.878    -0.012
-270.891    286.985    -0.012
-271.903    288.092    -0.012
-272.916    289.199    -0.012
-273.929    290.306    -0.013
-274.943    291.412    -0.013
-275.956    292.518    -0.013
-276.970    293.625    -0.013
-277.984    294.732    -0.013
-278.997    295.839    -0.013
-280.010    296.945    -0.013
-281.023    298.052    -0.013
-282.036    299.159    -0.013
-283.048    300.267    -0.013
-284.062    301.374    -0.013
-285.075    302.480    -0.014
-286.088    303.587    -0.014
-287.101    304.695    -0.014
-288.114    305.802    -0.014
-289.129    306.906    -0.014
-290.079    307.936    -0.014
-291.041    308.953    -0.014
-292.200    310.198    -0.014
-293.205    311.313    -0.014
-294.275    312.502    -0.014
-295.151    313.464    -0.015
-296.236    314.640    -0.015
-297.253    315.743    -0.015
-298.270    316.846    -0.015
-299.288    317.949    -0.015
-300.301    319.056    -0.015
-301.314    320.164    -0.015
-302.326    321.271    -0.015
-303.338    322.378    -0.015
-304.351    323.485    -0.015
-305.364    324.594    -0.016
-306.376    325.701    -0.016
-307.388    326.809    -0.016
-308.400    327.916    -0.016
-309.416    329.021    -0.016
-310.433    330.124    -0.016
-311.450    331.228    -0.016
-312.467    332.331    -0.016
-313.483    333.435    -0.016
-314.497    334.542    -0.017
-315.511    335.648    -0.017
-316.525    336.753    -0.017
-317.539    337.859    -0.017
-318.550    338.969    -0.017
-319.561    340.078    -0.017
-320.572    341.186    -0.017
-321.583    342.295    -0.017
-322.594    343.403    -0.017
-323.605    344.513    -0.018
-324.615    345.622    -0.018
-325.627    346.730    -0.018
-326.639    347.838    -0.018
-327.654    348.944    -0.018
-328.669    350.048    -0.018
-329.685    351.153    -0.018
-330.700    352.258    -0.018
-331.714    353.364    -0.018
-332.731    354.468    -0.019
-333.745    355.573    -0.019
-334.760    356.679    -0.019
-335.771    357.787    -0.019
-336.780    358.898    -0.019
-337.789    360.009    -0.019
-338.798    361.119    -0.019
-339.807    362.230    -0.019
-340.826    363.332    -0.019
-341.783    364.354    -0.020
-342.795    365.462    -0.020
-343.822    366.557    -0.020
-344.853    367.647    -0.020
-345.753    368.586    -0.020
-346.813    369.647    -0.020
-347.875    370.707    -0.020
-348.944    371.759    -0.020
-349.950    372.734    -0.021
-350.969    373.695    -0.021
-352.074    374.711    -0.021
-353.116    375.646    -0.021
-354.167    376.571    -0.021
-355.297    377.559    -0.021
-356.427    378.546    -0.021
-357.490    379.458    -0.021
-358.646    380.414    -0.021
-359.662    381.225    -0.022
-360.849    382.142    -0.022
-361.978    382.973    -0.022
-363.107    383.800    -0.022
-364.252    384.608    -0.022
-365.482    385.467    -0.022
-366.645    386.249    -0.022
-367.813    387.021    -0.022
-369.003    387.758    -0.022
-370.201    388.484    -0.023
-371.491    389.250    -0.023
-372.706    389.948    -0.023
-373.845    390.575    -0.023
-375.173    391.273    -0.023
-376.501    391.973    -0.023
-377.652    392.577    -0.023
-378.999    393.237    -0.023
-380.263    393.840    -0.024
-381.626    394.469    -0.024
-382.989    395.095    -0.024
-384.356    395.715    -0.024
-385.552    396.226    -0.024
-386.932    396.814    -0.024
-388.229    397.342    -0.024
-389.530    397.862    -0.024
-390.933    398.394    -0.024
-392.337    398.923    -0.025
-393.557    399.371    -0.025
-394.981    399.848    -0.025
-396.309    400.291    -0.025
-397.640    400.726    -0.025
-399.076    401.162    -0.025
-400.222    401.520    -0.025
-401.770    401.926    -0.025
-403.125    402.280    -0.025
-404.584    402.629    -0.026
-406.043    402.979    -0.026
-407.312    403.265    -0.026
-408.685    403.546    -0.026
-410.157    403.833    -0.026
-411.633    404.099    -0.026
-412.816    404.304    -0.026
-414.302    404.518    -0.026
-415.787    404.733    -0.026
-417.176    404.907    -0.027
-418.668    405.073    -0.027
-420.158    405.239    -0.027
-421.553    405.376    -0.027
-423.046    405.514    -0.027
-424.343    405.612    -0.027
-425.840    405.710    -0.027
-427.238    405.795    -0.027
-428.737    405.866    -0.027
-430.136    405.930    -0.027
-431.636    405.962    -0.028
-432.937    405.989    -0.028
-434.437    405.983    -0.028
-435.838    405.975    -0.028
-437.338    405.935    -0.028
-438.636    405.874    -0.028
-440.135    405.793    -0.028
-441.531    405.685    -0.028
-442.827    405.573    -0.028
-444.319    405.410    -0.028
-445.608    405.244    -0.028
-447.094    405.034    -0.029
-448.579    404.817    -0.029
-450.064    404.600    -0.029
-451.548    404.378    -0.029
-453.030    404.147    -0.029
-454.413    403.929    -0.029
-455.893    403.677    -0.029
-457.372    403.427    -0.029
-458.851    403.175    -0.029
-460.331    402.924    -0.029
-461.811    402.673    -0.029
-463.290    402.422    -0.030
-464.770    402.170    -0.030
-466.249    401.919    -0.030
-467.728    401.667    -0.030
-469.207    401.415    -0.030
-470.687    401.164    -0.030
-472.067    400.929    -0.030
-473.546    400.672    -0.030
-475.123    400.397    -0.030
-476.502    400.156    -0.030
-477.981    399.899    -0.030
-479.557    399.625    -0.031
-481.036    399.370    -0.031
-482.515    399.117    -0.031
-483.995    398.865    -0.031
-485.474    398.613    -0.031
-486.854    398.378    -0.031
-488.432    398.111    -0.031
-489.912    397.861    -0.031
-491.391    397.610    -0.031
-492.871    397.359    -0.031
-494.251    397.125    -0.032
-495.730    396.872    -0.032
-497.209    396.619    -0.032
-498.787    396.346    -0.032
-500.265    396.090    -0.032
-501.745    395.840    -0.032
-503.226    395.599    -0.032
-504.707    395.357    -0.032
-506.188    395.116    -0.032
-507.669    394.876    -0.032
-509.150    394.635    -0.033
-510.632    394.395    -0.033
-512.113    394.157    -0.033
-513.595    393.919    -0.033
-515.174    393.661    -0.033
-516.659    393.444    -0.033
-518.143    393.227    -0.033
-519.629    393.012    -0.033
-521.216    392.806    -0.033
-522.805    392.616    -0.034
-524.295    392.440    -0.034
-525.786    392.272    -0.034
-527.279    392.116    -0.034
-528.772    391.962    -0.034
-530.364    391.801    -0.034
-531.757    391.660    -0.034
-533.350    391.500    -0.034
-534.743    391.359    -0.034
-536.337    391.208    -0.035
-537.832    391.078    -0.035
-539.326    390.948    -0.035
-540.821    390.819    -0.035
-542.316    390.689    -0.035
-543.912    390.565    -0.035
-545.409    390.463    -0.035
-546.906    390.360    -0.035
-548.604    390.254    -0.036
-550.102    390.180    -0.036
-551.701    390.103    -0.036
-553.201    390.084    -0.036
-554.702    390.065    -0.036
-556.202    390.047    -0.036
-557.902    390.050    -0.036
-559.503    390.081    -0.036
-561.003    390.111    -0.037
-562.602    390.157    -0.037
-564.002    390.208    -0.037
-565.601    390.279    -0.037
-567.100    390.356    -0.037
-568.598    390.430    -0.037
-570.097    390.494    -0.037
-571.696    390.582    -0.038
-573.194    390.679    -0.038
-574.789    390.801    -0.038
-576.383    390.947    -0.038
-577.975    391.112    -0.038
-579.566    391.293    -0.038
-581.054    391.483    -0.038
-582.539    391.691    -0.039
-584.123    391.929    -0.039
-585.703    392.186    -0.039
-587.180    392.450    -0.039
-588.752    392.746    -0.039
-590.322    393.059    -0.039
-591.789    393.375    -0.040
-593.350    393.730    -0.040
-594.907    394.100    -0.040
-596.362    394.466    -0.040
-598.005    394.904    -0.040
-599.451    395.306    -0.040
-600.988    395.751    -0.041
-602.424    396.189    -0.041
-603.948    396.675    -0.041
-605.469    397.177    -0.041
-606.888    397.664    -0.041
-608.394    398.206    -0.041
-609.894    398.763    -0.042
-611.388    399.336    -0.042
-612.781    399.894    -0.042
-614.259    400.508    -0.042
-615.732    401.136    -0.042
-617.105    401.741    -0.043
-618.469    402.367    -0.043
-619.917    403.047    -0.043
-621.359    403.743    -0.043
-622.789    404.463    -0.043
-624.122    405.152    -0.043
-625.623    405.949    -0.044
-626.853    406.621    -0.044
-628.247    407.407    -0.044
-629.632    408.208    -0.044
-631.009    409.023    -0.044
-632.288    409.809    -0.045
-633.643    410.661    -0.045
-634.989    411.527    -0.045
-636.240    412.356    -0.045
-637.562    413.257    -0.045
-639.143    414.479    -0.045
-640.279    415.460    -0.046
-641.338    416.376    -0.046
-642.749    417.649    -0.046
-643.843    418.676    -0.046
-644.936    419.703    -0.046
-646.075    420.828    -0.047
-647.142    421.884    -0.047
-648.331    423.100    -0.047
-649.365    424.187    -0.047
-650.519    425.435    -0.047
-651.513    426.560    -0.048
-652.558    427.772    -0.048
-653.527    428.917    -0.048
-654.556    430.144    -0.048
-655.558    431.392    -0.048
-656.544    432.652    -0.048
-657.575    434.005    -0.049
-658.446    435.226    -0.049
-659.356    436.543    -0.049
-660.207    437.779    -0.049
-661.143    439.198    -0.049
-661.946    440.466    -0.050
-662.795    441.822    -0.050
-663.678    443.276    -0.050
-664.412    444.585    -0.050
-665.249    446.064    -0.050
-665.904    447.303    -0.050
-666.676    448.819    -0.051
-667.352    450.158    -0.051
-668.043    451.601    -0.051
-668.740    453.153    -0.051
-669.375    454.621    -0.051
-669.961    456.003    -0.052
-670.595    457.581    -0.052
-671.156    459.079    -0.052
-671.700    460.585    -0.052
-672.168    462.011    -0.052
-672.664    463.533    -0.052
-673.109    464.965    -0.052
-673.591    466.596    -0.053
-674.020    468.138    -0.053
-674.399    469.590    -0.053
-674.807    471.241    -0.053
-675.122    472.605    -0.053
-675.525    474.462    -0.053
-675.794    475.938    -0.054
-676.061    477.415    -0.054
-676.334    478.992    -0.054
-676.553    480.476    -0.054
-676.783    482.162    -0.054
-676.960    483.652    -0.054
-677.119    485.345    -0.054
-677.242    486.840    -0.055
-677.363    488.335    -0.055
-677.470    490.132    -0.055
-677.522    491.633    -0.055
-677.546    493.233    -0.055
-677.550    494.834    -0.055
-677.539    496.333    -0.055
-677.501    498.034    -0.055
-677.451    499.533    -0.056
-677.372    501.132    -0.056
-677.256    502.828    -0.056
-677.121    504.323    -0.056
-676.945    506.015    -0.056
-676.758    507.503    -0.056
-676.571    508.992    -0.056
-676.324    510.674    -0.056
-676.081    512.155    -0.056
-675.763    513.826    -0.057
-675.447    515.394    -0.057
-675.129    516.861    -0.057
-674.749    518.519    -0.057
-674.394    519.977    -0.057
-673.987    521.525    -0.057
-673.558    523.067    -0.057
-673.079    524.698    -0.057
-672.583    526.220    -0.057
-672.107    527.642    -0.057
-671.541    529.247    -0.057
-671.057    530.561    -0.057
-670.477    532.052    -0.057
-669.886    533.539    -0.058
-669.262    535.013    -0.058
-668.670    536.392    -0.058
-667.958    537.937    -0.058
-667.326    539.297    -0.058
-666.572    540.821    -0.058
-665.789    542.331    -0.058
-665.073    543.650    -0.058
-664.297    545.050    -0.058
-663.492    546.433    -0.058
-662.721    547.719    -0.058
-661.886    549.085    -0.058
-660.964    550.514    -0.058
-660.082    551.850    -0.058
-659.233    553.087    -0.058
-658.242    554.469    -0.058
-657.288    555.754    -0.058
-656.384    556.952    -0.058
-655.461    558.135    -0.058
-654.379    559.447    -0.058
-653.346    560.670    -0.058
-652.374    561.813    -0.058
-651.314    563.011    -0.058
-650.232    564.190    -0.058
-648.987    565.491    -0.058
-648.003    566.488    -0.058
-646.875    567.624    -0.058
-645.646    568.799    -0.058
-644.625    569.757    -0.058
-643.365    570.899    -0.058
-642.238    571.890    -0.058
-641.023    572.932    -0.058
-639.788    573.951    -0.058
-638.453    575.004    -0.058
-637.268    575.924    -0.058
-635.920    576.961    -0.058
-634.699    577.832    -0.058
-633.389    578.753    -0.058
-632.152    579.600    -0.058
-630.647    580.590    -0.058
-629.378    581.390    -0.058
-628.011    582.224    -0.058
-626.629    583.030    -0.057
-625.327    583.775    -0.057
-623.749    584.642    -0.057
-622.415    585.330    -0.057
-621.076    586.008    -0.057
-619.552    586.761    -0.057
-618.195    587.403    -0.057
-616.829    588.021    -0.057
-615.174    588.731    -0.057
-613.780    589.286    -0.057
-612.292    589.877    -0.057
-610.891    590.415    -0.057
-609.385    590.953    -0.057
-607.967    591.446    -0.056
-606.353    591.981    -0.056
-604.629    592.500    -0.056
-603.184    592.904    -0.056
-601.638    593.319    -0.056
-600.185    593.692    -0.056
-598.627    594.059    -0.056
-597.067    594.420    -0.056
-595.406    594.782    -0.056
-594.029    595.037    -0.055
-592.454    595.322    -0.055
-590.678    595.616    -0.055
-589.191    595.814    -0.055
-587.701    595.997    -0.055
-586.110    596.171    -0.055
-584.518    596.331    -0.055
-582.922    596.462    -0.055
-581.225    596.564    -0.054
-579.726    596.633    -0.054
-578.027    596.699    -0.054
-576.526    596.711    -0.054
-575.026    596.722    -0.054
-573.226    596.705    -0.054
-571.826    596.652    -0.054
-570.128    596.570    -0.053
-568.630    596.485    -0.053
-567.034    596.369    -0.053
-565.537    596.247    -0.053
-563.848    596.063    -0.053
-562.160    595.857    -0.053
-560.774    595.655    -0.053
-559.093    595.396    -0.052
-557.514    595.129    -0.052
-555.941    594.839    -0.052
-554.470    594.541    -0.052
-552.905    594.205    -0.052
-551.247    593.828    -0.052
-549.791    593.465    -0.051
-548.339    593.084    -0.051
-546.700    592.632    -0.051
-545.170    592.166    -0.051
-543.738    591.716    -0.051
-542.118    591.197    -0.051
-540.699    590.711    -0.050
-539.186    590.186    -0.050
-537.778    589.667    -0.050
-536.280    589.104    -0.050
-534.880    588.564    -0.050
-533.390    587.980    -0.049
-531.913    587.363    -0.049
-530.454    586.707    -0.049
-529.083    586.094    -0.049
-527.459    585.319    -0.049
-526.024    584.608    -0.049
-524.694    583.915    -0.048
-523.364    583.221    -0.048
-522.035    582.524    -0.048
-520.629    581.759    -0.048
-519.311    581.042    -0.048
-517.845    580.178    -0.047
-516.555    579.414    -0.047
-515.264    578.649    -0.047
-513.973    577.883    -0.047
-512.522    576.997    -0.047
-511.256    576.191    -0.047
-509.991    575.386    -0.046
-508.650    574.511    -0.046
-507.399    573.681    -0.046
-506.077    572.780    -0.046
-504.847    571.919    -0.046
-503.547    570.985    -0.045
-502.257    570.039    -0.045
-501.053    569.143    -0.045
-499.767    568.190    -0.045
-498.577    567.276    -0.045
-497.388    566.361    -0.045
-496.203    565.441    -0.044
-494.950    564.445    -0.044
-493.703    563.441    -0.044
-492.546    562.486    -0.044
-491.397    561.521    -0.044
-490.178    560.483    -0.044
-489.044    559.500    -0.043
-487.844    558.441    -0.043
-486.723    557.444    -0.043
-485.533    556.374    -0.043
-484.483    555.447    -0.043
-483.366    554.444    -0.042
-482.177    553.373    -0.042
-481.144    552.428    -0.042
-479.895    551.274    -0.042
-478.803    550.245    -0.042
-477.718    549.208    -0.042
-476.639    548.164    -0.041
-475.566    547.117    -0.041
-474.360    545.918    -0.041
-473.314    544.841    -0.041
-472.269    543.765    -0.041
-471.223    542.689    -0.041
-470.178    541.612    -0.040
-469.132    540.536    -0.040
-468.020    539.385    -0.040
-466.988    538.295    -0.040
-466.027    537.278    -0.040
-464.927    536.114    -0.040
-463.896    535.024    -0.039
-462.866    533.933    -0.039
-461.835    532.843    -0.039
-460.804    531.752    -0.039
-459.786    530.650    -0.039
-458.704    529.470    -0.039
-457.691    528.363    -0.038
-456.678    527.257    -0.038
-455.664    526.150    -0.038
-454.717    525.118    -0.038
-453.632    523.942    -0.038
-452.614    522.840    -0.038
-451.595    521.738    -0.037
-450.645    520.708    -0.037
-449.627    519.606    -0.037
-448.541    518.430    -0.037
-447.524    517.327    -0.037
-446.574    516.299    -0.037
-445.489    515.122    -0.036
-444.471    514.019    -0.036
-443.454    512.915    -0.036
-442.505    511.887    -0.036
-441.419    510.710    -0.036
-440.407    509.603    -0.036
-439.394    508.496    -0.035
-438.381    507.388    -0.035
-437.368    506.281    -0.035
-436.355    505.174    -0.035
-435.342    504.067    -0.035
-434.329    502.959    -0.035
-433.316    501.853    -0.035
-432.304    500.746    -0.034
-431.291    499.639    -0.034
-430.277    498.532    -0.034
-429.265    497.424    -0.034
-428.252    496.317    -0.034
-427.239    495.210    -0.034
-426.226    494.104    -0.033
-425.213    492.996    -0.033
-424.200    491.889    -0.033
-423.187    490.782    -0.033
-422.174    489.675    -0.033
-421.162    488.567    -0.033
-420.150    487.460    -0.033
-419.137    486.353    -0.032
-418.124    485.246    -0.032
-417.111    484.137    -0.032
-416.098    483.030    -0.032
-415.086    481.923    -0.032
-414.073    480.816    -0.032
-413.061    479.709    -0.031
-412.049    478.601    -0.031
-411.035    477.494    -0.031
-410.022    476.387    -0.031
-409.010    475.280    -0.031
-407.997    474.172    -0.031
-406.985    473.065    -0.031
-405.973    471.957    -0.030
-404.960    470.850    -0.030
-403.947    469.742    -0.030
-402.934    468.635    -0.030
-401.921    467.528    -0.030
-400.908    466.421    -0.030
-399.896    465.314    -0.030
-398.883    464.206    -0.029
-397.870    463.099    -0.029
-396.858    461.992    -0.029
-395.846    460.884    -0.029
-394.833    459.776    -0.029
-393.821    458.669    -0.029
-392.808    457.562    -0.029
-391.796    456.455    -0.028
-390.782    455.347    -0.028
-389.770    454.240    -0.028
-388.757    453.132    -0.028
-387.745    452.025    -0.028
-386.732    450.917    -0.028
-385.720    449.810    -0.028
-384.706    448.703    -0.027
-383.694    447.596    -0.027
-382.681    446.489    -0.027
-381.669    445.381    -0.027
-380.656    444.274    -0.027
-379.644    443.167    -0.027
-378.699    442.133    -0.027
-377.618    440.951    -0.026
-376.605    439.844    -0.026
-375.593    438.737    -0.026
-374.580    437.630    -0.026
-373.568    436.522    -0.026
-372.555    435.415    -0.026
-371.542    434.308    -0.026
-370.529    433.201    -0.026
-369.517    432.094    -0.025
-368.505    430.986    -0.025
-367.492    429.879    -0.025
-366.479    428.771    -0.025
-365.466    427.664    -0.025
-364.453    426.557    -0.025
-363.439    425.451    -0.025
-362.494    424.419    -0.024
-361.412    423.238    -0.024
-360.399    422.131    -0.024
-359.385    421.025    -0.024
-358.439    419.993    -0.024
-357.357    418.813    -0.024
-356.344    417.706    -0.024
-355.330    416.599    -0.024
-354.317    415.493    -0.023
-353.303    414.387    -0.023
-352.357    413.354    -0.023
-351.275    412.174    -0.023
-350.261    411.068    -0.023
-349.248    409.962    -0.023
-348.234    408.855    -0.023
-347.221    407.749    -0.023
-346.207    406.642    -0.022
-345.194    405.536    -0.022
-344.179    404.430    -0.022
-343.165    403.324    -0.022
-342.152    402.217    -0.022
-341.138    401.111    -0.022
-340.125    400.004    -0.022
-339.111    398.898    -0.022
-338.097    397.791    -0.021
-337.083    396.685    -0.021
-336.138    395.653    -0.021
-335.056    394.473    -0.021
-334.042    393.367    -0.021
-333.029    392.259    -0.021
-332.016    391.153    -0.021
-331.001    390.047    -0.021
-329.987    388.941    -0.020
-328.973    387.834    -0.020
-327.959    386.729    -0.020
-326.945    385.623    -0.020
-325.931    384.518    -0.020
-324.916    383.412    -0.020
-323.901    382.306    -0.020
-322.887    381.200    -0.020
-321.873    380.094    -0.019
-320.859    378.989    -0.019
-319.845    377.882    -0.019
-318.831    376.776    -0.019
-317.817    375.671    -0.019
-316.801    374.565    -0.019
-315.787    373.460    -0.019
-314.773    372.353    -0.019
-313.759    371.247    -0.019
-312.745    370.142    -0.018
-311.731    369.036    -0.018
-310.716    367.929    -0.018
-309.702    366.824    -0.018
-308.687    365.718    -0.018
-307.673    364.613    -0.018
-306.659    363.507    -0.018
-305.645    362.400    -0.018
-304.631    361.295    -0.018
-303.616    360.189    -0.017
-302.602    359.083    -0.017
-301.588    357.977    -0.017
-300.573    356.871    -0.017
-299.559    355.766    -0.017
-298.545    354.660    -0.017
-297.531    353.554    -0.017
-296.516    352.448    -0.017
-295.502    351.342    -0.017
-294.488    350.236    -0.016
-293.474    349.131    -0.016
-292.459    348.024    -0.016
-291.445    346.919    -0.016
-290.431    345.813    -0.016
-289.416    344.708    -0.016
-288.402    343.602    -0.016
-287.388    342.495    -0.016
-286.441    341.464    -0.016
-285.359    340.284    -0.015
-284.345    339.178    -0.015
-283.331    338.072    -0.015
-282.316    336.966    -0.015
-281.302    335.861    -0.015
-280.288    334.755    -0.015
-279.274    333.649    -0.015
-278.327    332.617    -0.015
-277.245    331.437    -0.015
-276.231    330.331    -0.015
-275.216    329.226    -0.014
-274.202    328.119    -0.014
-273.188    327.014    -0.014
-272.174    325.908    -0.014
-271.160    324.802    -0.014
-270.213    323.770    -0.014
-269.130    322.590    -0.014
-268.116    321.485    -0.014
-267.102    320.379    -0.014
-266.088    319.273    -0.014
-265.074    318.167    -0.013
-264.060    317.061    -0.013
-263.046    315.955    -0.013
-262.099    314.923    -0.013
-261.016    313.744    -0.013
-260.002    312.638    -0.013
-258.988    311.532    -0.013
-257.974    310.426    -0.013
-256.960    309.321    -0.013
-255.946    308.214    -0.013
-254.931    307.108    -0.013
-253.985    306.077    -0.012
-252.902    304.897    -0.012
-251.888    303.792    -0.012
-250.874    302.685    -0.012
-249.860    301.579    -0.012
-248.846    300.474    -0.012
-247.831    299.368    -0.012
-246.817    298.262    -0.012
-245.802    297.156    -0.012
-244.788    296.051    -0.012
-243.774    294.945    -0.011
-242.760    293.839    -0.011
-241.746    292.732    -0.011
-240.731    291.626    -0.011
-239.718    290.520    -0.011
-238.773    289.487    -0.011
-237.691    288.307    -0.011
-236.678    287.200    -0.011
-235.665    286.093    -0.011
-234.651    284.987    -0.011
-233.637    283.880    -0.011
-232.624    282.773    -0.011
-231.611    281.667    -0.010
-230.598    280.560    -0.010
-229.652    279.527    -0.010
-228.571    278.347    -0.010
-227.557    277.240    -0.010
-226.612    276.207    -0.010
-225.530    275.028    -0.010
-224.517    273.920    -0.010
-223.504    272.813    -0.010
-222.491    271.707    -0.010
-221.477    270.601    -0.010
-220.463    269.494    -0.010
-219.450    268.387    -0.009
-218.437    267.280    -0.009
-217.423    266.174    -0.009
-216.410    265.068    -0.009
-215.397    263.960    -0.009
-214.451    262.928    -0.009
-213.369    261.748    -0.009
-212.356    260.641    -0.009
-211.343    259.533    -0.009
-210.330    258.427    -0.009
-209.317    257.321    -0.009
-208.303    256.214    -0.009
-207.289    255.108    -0.008
-206.275    254.001    -0.008
-205.262    252.894    -0.008
-204.249    251.788    -0.008
-203.303    250.755    -0.008
-202.222    249.574    -0.008
-201.208    248.468    -0.008
-200.194    247.362    -0.008
-199.181    246.255    -0.008
-198.168    245.148    -0.008
-197.155    244.041    -0.008
-196.141    242.935    -0.008
-195.128    241.829    -0.008
-194.114    240.722    -0.008
-193.100    239.615    -0.007
-192.087    238.509    -0.007
-191.075    237.401    -0.007
-190.062    236.294    -0.007
-189.050    235.186    -0.007
-188.037    234.079    -0.007
-187.024    232.972    -0.007
-186.012    231.864    -0.007
-185.000    230.756    -0.007
-183.987    229.649    -0.007
-182.975    228.542    -0.007
-181.962    227.434    -0.007
-180.949    226.327    -0.007
-179.937    225.219    -0.007
-178.925    224.112    -0.006
-177.912    223.004    -0.006
-176.900    221.897    -0.006
-175.887    220.789    -0.006
-174.874    219.682    -0.006
-173.862    218.575    -0.006
-172.850    217.467    -0.006
-171.837    216.359    -0.006
-170.825    215.252    -0.006
-169.813    214.144    -0.006
-168.800    213.037    -0.006
-167.787    211.929    -0.006
-166.775    210.822    -0.006
-165.762    209.715    -0.006
-164.749    208.608    -0.006
-163.736    207.501    -0.005
-162.723    206.394    -0.005
-161.777    205.362    -0.005
-160.695    204.181    -0.005
-159.682    203.075    -0.005
-158.669    201.967    -0.005
-157.656    200.860    -0.005
-156.643    199.754    -0.005
-155.630    198.648    -0.005
-154.615    197.540    -0.005
-153.602    196.434    -0.005
-152.589    195.327    -0.005
-151.576    194.220    -0.005
-150.563    193.114    -0.005
-149.550    192.006    -0.005
-148.537    190.900    -0.005
-147.522    189.794    -0.005
-146.509    188.687    -0.004
-145.496    187.580    -0.004
-144.483    186.473    -0.004
-143.470    185.366    -0.004
-142.456    184.260    -0.004
-141.441    183.155    -0.004
-140.427    182.048    -0.004
-139.482    181.016    -0.004
-138.399    179.836    -0.004
-137.385    178.731    -0.004
-136.371    177.624    -0.004
-135.425    176.592    -0.004
-134.411    175.487    -0.004
-133.328    174.307    -0.004
-132.314    173.200    -0.004
-131.300    172.095    -0.004
-130.286    170.989    -0.004
-129.272    169.883    -0.004
-128.259    168.777    -0.004
-127.245    167.669    -0.003
-126.231    166.563    -0.003
-125.286    165.531    -0.003
-124.204    164.351    -0.003
-123.191    163.243    -0.003
-122.178    162.137    -0.003
-121.164    161.030    -0.003
-120.219    159.997    -0.003
-119.137    158.817    -0.003
-118.124    157.710    -0.003
-117.110    156.604    -0.003
-116.097    155.498    -0.003
-115.084    154.391    -0.003
-114.138    153.358    -0.003
-113.056    152.177    -0.003
-112.043    151.071    -0.003
-111.029    149.965    -0.003
-110.016    148.858    -0.003
-109.003    147.751    -0.003
-108.057    146.719    -0.003
-106.975    145.538    -0.003
-105.962    144.432    -0.003
-104.949    143.324    -0.002
-103.935    142.218    -0.002
-102.922    141.112    -0.002
-101.909    140.005    -0.002
-100.894    138.898    -0.002
-99.882    137.791    -0.002
-98.870    136.684    -0.002
-97.857    135.577    -0.002
-96.845    134.469    -0.002
-95.832    133.362    -0.002
-94.820    132.254    -0.002
-93.807    131.147    -0.002
-92.794    130.039    -0.002
-91.782    128.931    -0.002
-90.769    127.824    -0.002
-89.757    126.717    -0.002
-88.745    125.610    -0.002
-87.731    124.502    -0.002
-86.719    123.395    -0.002
-85.707    122.287    -0.002
-84.695    121.180    -0.002
-83.682    120.072    -0.002
-82.669    118.965    -0.002
-81.656    117.859    -0.002
-80.641    116.753    -0.002
-79.627    115.647    -0.002
-78.614    114.539    -0.002
-77.600    113.434    -0.001
-76.586    112.328    -0.001
-75.640    111.295    -0.001
-74.559    110.115    -0.001
-73.544    109.008    -0.001
-72.531    107.902    -0.001
-71.517    106.796    -0.001
-70.571    105.763    -0.001
-69.490    104.583    -0.001
-68.476    103.477    -0.001
-67.461    102.371    -0.001
-66.448    101.265    -0.001
-65.434    100.158    -0.001
-64.421    99.052    -0.001
-63.407    97.946    -0.001
-62.393    96.840    -0.001
-61.380    95.733    -0.001
-60.365    94.627    -0.001
-59.351    93.521    -0.001
-58.338    92.414    -0.001
-57.325    91.308    -0.001
-56.312    90.200    -0.001
-55.299    89.094    -0.001
-54.353    88.060    -0.001
-53.271    86.881    -0.001
-52.259    85.773    -0.001
-51.246    84.666    -0.001
-50.233    83.559    -0.001
-49.220    82.452    -0.001
-48.207    81.345    -0.001
-47.194    80.238    -0.001
-46.249    79.205    -0.001
-45.167    78.025    -0.001
-44.152    76.920    -0.001
-43.136    75.815    -0.001
-42.121    74.711    -0.001
-41.105    73.606    -0.001
-40.089    72.502    -0.001
-39.073    71.396    -0.001
-38.058    70.292    -0.001
-37.042    69.188    -0.000
-36.094    68.157    -0.000
-35.011    66.979    -0.000
-33.996    65.874    -0.000
-32.979    64.769    -0.000
-31.964    63.664    -0.000
-30.950    62.558    -0.000
-30.005    61.526    -0.000
-28.922    60.346    -0.000
-27.908    59.241    -0.000
-26.894    58.135    -0.000
-25.879    57.029    -0.000
-24.865    55.923    -0.000
-23.851    54.817    -0.000
-22.837    53.711    -0.000
-21.823    52.606    -0.000
-20.809    51.500    -0.000
-19.795    50.393    -0.000
-18.780    49.287    -0.000
-17.766    48.182    -0.000
-16.752    47.076    -0.000
-15.738    45.969    -0.000
-14.724    44.863    -0.000
-13.710    43.758    -0.000
-12.696    42.652    -0.000
-11.681    41.545    -0.000
-10.667    40.439    -0.000
-9.653    39.333    -0.000
-8.643    38.224    -0.000
-7.632    37.116    -0.000
-6.621    36.006    -0.000
-5.608    34.898    -0.000
-4.595    33.792    -0.000
-3.650    32.759    -0.000
-2.568    31.578    -0.000
-1.555    30.472    -0.000
-0.542    29.365    -0.000
0.471    28.259    -0.000
1.486    27.152    -0.000
2.499    26.045    -0.000
3.512    24.939    -0.000
4.526    23.833    -0.000
5.539    22.726    -0.000
6.552    21.619    -0.000
7.566    20.512    -0.000
8.579    19.406    -0.000
9.593    18.300    -0.000
10.606    17.192    -0.000
11.619    16.086    -0.000
12.633    14.979    -0.000
13.646    13.873    -0.000
14.660    12.766    -0.000
15.674    11.660    -0.000
16.687    10.553    -0.000
17.700    9.446    -0.000
18.713    8.340    -0.000
19.726    7.232    -0.000
20.739    6.125    -0.000
21.753    5.019    -0.000
22.766    3.912    -0.000
23.779    2.805    -0.000
24.792    1.698    -0.000
25.805    0.591    -0.000
26.818    -0.516    -0.000
27.832    -1.623    -0.000
28.845    -2.730    -0.000
29.858    -3.836    -0.000
30.871    -4.943    -0.000
31.884    -6.050    -0.000
32.897    -7.157    -0.000
33.909    -8.264    -0.000
34.923    -9.371    -0.000
35.936    -10.478    -0.000
36.949    -11.585    -0.000
37.962    -12.692    -0.000
38.975    -13.799    -0.000
39.988    -14.906    -0.000
41.002    -16.013    -0.000
42.015    -17.120    -0.000
43.028    -18.226    -0.000
44.041    -19.333    -0.000
45.054    -20.440    -0.000
46.067    -21.547    -0.000
47.080    -22.654    -0.000
48.094    -23.760    -0.000
49.108    -24.866    -0.000
50.122    -25.973    -0.000
51.136    -27.079    -0.000
52.082    -28.111    -0.000
53.163    -29.291    -0.000
54.177    -30.398    -0.000
55.192    -31.504    -0.000
56.205    -32.610    -0.000
57.219    -33.716    -0.000
58.233    -34.822    -0.000
59.247    -35.929    -0.000
60.260    -37.035    -0.000
61.275    -38.141    -0.000
62.288    -39.247    -0.000
63.302    -40.355    -0.000
64.315    -41.461    -0.000
65.328    -42.568    -0.000
66.341    -43.674    -0.000
67.354    -44.781    -0.001
68.368    -45.888    -0.001
69.382    -46.994    -0.001
70.395    -48.101    -0.001
71.408    -49.207    -0.001
72.421    -50.315    -0.001
73.434    -51.421    -0.001
74.448    -52.528    -0.001
75.462    -53.634    -0.001
76.475    -54.742    -0.001
77.488    -55.848    -0.001
78.502    -56.954    -0.001
79.515    -58.061    -0.001
80.528    -59.167    -0.001
81.542    -60.275    -0.001
82.555    -61.382    -0.001
83.568    -62.488    -0.001
84.514    -63.521    -0.001
85.595    -64.702    -0.001
86.608    -65.808    -0.001
87.621    -66.915    -0.001
88.637    -68.020    -0.001
89.651    -69.126    -0.001
90.665    -70.232    -0.001
91.679    -71.338    -0.001
92.693    -72.443    -0.001
93.707    -73.549    -0.001
94.721    -74.656    -0.001
95.736    -75.762    -0.001
96.750    -76.867    -0.001
97.696    -77.900    -0.001
98.779    -79.079    -0.001
99.793    -80.185    -0.001
100.807    -81.290    -0.001
101.822    -82.396    -0.001
102.836    -83.502    -0.001
103.850    -84.609    -0.001
104.864    -85.715    -0.001
105.877    -86.821    -0.001
106.891    -87.927    -0.002
107.904    -89.034    -0.002
108.919    -90.140    -0.002
109.932    -91.247    -0.002
110.946    -92.353    -0.002
111.892    -93.386    -0.002
112.973    -94.566    -0.002
113.986    -95.672    -0.002
115.000    -96.778    -0.002
116.014    -97.885    -0.002
117.028    -98.992    -0.002
117.973    -100.024    -0.002
119.055    -101.204    -0.002
120.068    -102.310    -0.002
121.082    -103.418    -0.002
122.095    -104.524    -0.002
123.110    -105.630    -0.002
124.123    -106.736    -0.002
125.137    -107.842    -0.002
126.150    -108.950    -0.002
127.162    -110.057    -0.002
128.175    -111.164    -0.002
129.188    -112.272    -0.002
130.200    -113.380    -0.002
131.212    -114.488    -0.002
132.224    -115.595    -0.002
133.237    -116.702    -0.002
134.249    -117.811    -0.003
135.261    -118.918    -0.003
136.274    -120.025    -0.003
137.286    -121.133    -0.003
138.230    -122.167    -0.003
139.311    -123.348    -0.003
140.324    -124.455    -0.003
141.336    -125.563    -0.003
142.349    -126.670    -0.003
143.363    -127.777    -0.003
144.377    -128.882    -0.003
145.391    -129.988    -0.003
146.338    -131.020    -0.003
147.420    -132.200    -0.003
148.434    -133.305    -0.003
149.449    -134.411    -0.003
150.395    -135.443    -0.003
151.477    -136.623    -0.003
152.422    -137.657    -0.003
153.502    -138.838    -0.003
154.515    -139.944    -0.003
155.529    -141.051    -0.003
156.542    -142.159    -0.004
157.555    -143.266    -0.004
158.567    -144.373    -0.004
159.580    -145.480    -0.004
160.592    -146.588    -0.004
161.605    -147.695    -0.004
162.619    -148.802    -0.004
163.631    -149.909    -0.004
164.644    -151.016    -0.004
165.656    -152.124    -0.004
166.669    -153.231    -0.004
167.681    -154.338    -0.004
168.695    -155.445    -0.004
169.708    -156.553    -0.004
170.720    -157.660    -0.004
171.733    -158.767    -0.004
172.745    -159.874    -0.004
173.758    -160.982    -0.004
174.770    -162.089    -0.004
175.784    -163.196    -0.005
176.796    -164.303    -0.005
177.809    -165.411    -0.005
178.754    -166.444    -0.005
179.834    -167.625    -0.005
180.847    -168.732    -0.005
181.794    -169.764    -0.005
182.877    -170.943    -0.005
183.892    -172.049    -0.005
184.906    -173.154    -0.005
185.853    -174.186    -0.005
186.935    -175.366    -0.005
187.949    -176.472    -0.005
188.964    -177.577    -0.005
189.910    -178.609    -0.005
190.993    -179.788    -0.005
192.007    -180.894    -0.005
193.021    -182.000    -0.006
194.035    -183.106    -0.006
195.049    -184.212    -0.006
195.994    -185.246    -0.006
197.075    -186.427    -0.006
198.088    -187.533    -0.006
199.101    -188.640    -0.006
200.114    -189.748    -0.006
201.127    -190.855    -0.006
202.140    -191.961    -0.006
203.154    -193.068    -0.006
204.167    -194.175    -0.006
205.179    -195.283    -0.006
206.192    -196.389    -0.006
207.205    -197.496    -0.006
208.218    -198.603    -0.006
209.232    -199.711    -0.007
210.246    -200.816    -0.007
211.260    -201.922    -0.007
212.207    -202.954    -0.007
213.289    -204.134    -0.007
214.303    -205.239    -0.007
215.317    -206.345    -0.007
216.332    -207.451    -0.007
217.346    -208.556    -0.007
218.360    -209.663    -0.007
219.375    -210.768    -0.007
220.389    -211.874    -0.007
221.403    -212.979    -0.007
222.417    -214.086    -0.007
223.432    -215.192    -0.008
224.446    -216.297    -0.008
225.460    -217.403    -0.008
226.474    -218.509    -0.008
227.488    -219.616    -0.008
228.502    -220.722    -0.008
229.448    -221.754    -0.008
230.530    -222.934    -0.008
231.544    -224.040    -0.008
232.558    -225.146    -0.008
233.572    -226.252    -0.008
234.586    -227.358    -0.008
235.533    -228.390    -0.008
236.616    -229.570    -0.009
237.630    -230.675    -0.009
238.644    -231.781    -0.009
239.590    -232.813    -0.009
240.673    -233.993    -0.009
241.687    -235.098    -0.009
242.701    -236.204    -0.009
243.715    -237.310    -0.009
244.660    -238.344    -0.009
245.742    -239.524    -0.009
246.755    -240.631    -0.009
247.768    -241.737    -0.009
248.781    -242.844    -0.009
249.794    -243.952    -0.010
250.808    -245.058    -0.010
251.753    -246.090    -0.010
252.835    -247.271    -0.010
253.848    -248.378    -0.010
254.861    -249.485    -0.010
255.874    -250.592    -0.010
256.888    -251.698    -0.010
257.901    -252.805    -0.010
258.913    -253.913    -0.010
259.858    -254.945    -0.010
260.940    -256.126    -0.010
261.952    -257.233    -0.011
262.965    -258.341    -0.011
263.979    -259.447    -0.011
264.992    -260.554    -0.011
266.005    -261.661    -0.011
267.018    -262.768    -0.011
268.031    -263.875    -0.011
269.044    -264.982    -0.011
270.056    -266.089    -0.011
271.069    -267.198    -0.011
272.081    -268.305    -0.011
273.094    -269.412    -0.012
274.106    -270.520    -0.012
275.118    -271.627    -0.012
276.130    -272.736    -0.012
277.143    -273.843    -0.012
278.156    -274.950    -0.012
279.168    -276.057    -0.012
280.180    -277.166    -0.012
281.192    -278.273    -0.012
282.205    -279.380    -0.012
283.218    -280.487    -0.012
284.231    -281.595    -0.013
285.243    -282.702    -0.013
286.256    -283.809    -0.013
287.268    -284.916    -0.013
288.281    -286.025    -0.013
289.294    -287.132    -0.013
290.307    -288.239    -0.013
291.319    -289.346    -0.013
292.332    -290.453    -0.013
293.344    -291.561    -0.013
294.357    -292.668    -0.014
295.369    -293.775    -0.014
296.383    -294.882    -0.014
297.397    -295.989    -0.014
298.412    -297.094    -0.014
299.427    -298.198    -0.014
300.443    -299.303    -0.014
301.458    -300.407    -0.014
302.473    -301.513    -0.014
303.489    -302.618    -0.014
304.504    -303.722    -0.015
305.451    -304.754    -0.015
306.535    -305.933    -0.015
307.550    -307.037    -0.015
308.565    -308.142    -0.015
309.580    -309.247    -0.015
310.596    -310.351    -0.015
311.543    -311.383    -0.015
312.626    -312.563    -0.015
313.638    -313.670    -0.015
314.651    -314.777    -0.016
315.663    -315.885    -0.016
316.675    -316.993    -0.016
317.688    -318.100    -0.016
318.701    -319.207    -0.016
319.713    -320.315    -0.016
320.726    -321.422    -0.016
321.738    -322.530    -0.016
322.750    -323.637    -0.016
323.764    -324.743    -0.017
324.779    -325.850    -0.017
325.724    -326.882    -0.017
326.807    -328.061    -0.017
327.821    -329.167    -0.017
328.835    -330.274    -0.017
329.781    -331.306    -0.017
330.864    -332.485    -0.017
331.878    -333.591    -0.017
332.892    -334.698    -0.017
333.837    -335.730    -0.018
334.852    -336.835    -0.018
335.934    -338.015    -0.018
336.947    -339.121    -0.018
337.962    -340.228    -0.018
338.976    -341.334    -0.018
339.990    -342.440    -0.018
341.004    -343.546    -0.018
342.018    -344.652    -0.019
343.032    -345.758    -0.019
344.046    -346.864    -0.019
345.061    -347.970    -0.019
346.075    -349.075    -0.019
347.089    -350.182    -0.019
348.035    -351.214    -0.019
349.116    -352.394    -0.019
350.130    -353.500    -0.019
351.144    -354.606    -0.020
352.091    -355.638    -0.020
353.173    -356.818    -0.020
354.187    -357.924    -0.020
355.201    -359.030    -0.020
356.215    -360.136    -0.020
357.229    -361.242    -0.020
358.244    -362.348    -0.020
359.257    -363.454    -0.020
360.271    -364.561    -0.021
361.285    -365.667    -0.021
362.299    -366.772    -0.021
363.313    -367.878    -0.021
364.327    -368.985    -0.021
365.341    -370.091    -0.021
366.355    -371.197    -0.021
367.369    -372.303    -0.021
368.383    -373.409    -0.022
369.397    -374.516    -0.022
370.411    -375.621    -0.022
371.425    -376.727    -0.022
372.439    -377.833    -0.022
373.453    -378.940    -0.022
374.467    -380.046    -0.022
375.481    -381.152    -0.022
376.494    -382.258    -0.023
377.508    -383.364    -0.023
378.522    -384.471    -0.023
379.536    -385.577    -0.023
380.550    -386.684    -0.023
381.563    -387.790    -0.023
382.577    -388.897    -0.023
383.590    -390.003    -0.023
384.604    -391.109    -0.024
385.619    -392.215    -0.024
386.633    -393.322    -0.024
387.647    -394.427    -0.024
388.661    -395.533    -0.024
389.675    -396.639    -0.024
390.689    -397.745    -0.024
391.635    -398.778    -0.025
392.717    -399.958    -0.025
393.731    -401.063    -0.025
394.745    -402.169    -0.025
395.759    -403.276    -0.025
396.771    -404.383    -0.025
397.784    -405.491    -0.025
398.796    -406.598    -0.025
399.809    -407.707    -0.026
400.821    -408.814    -0.026
401.833    -409.921    -0.026
402.846    -411.028    -0.026
403.858    -412.136    -0.026
404.870    -413.244    -0.026
405.883    -414.352    -0.026
406.895    -415.460    -0.027
407.907    -416.567    -0.027
408.919    -417.676    -0.027
409.930    -418.783    -0.027
410.942    -419.891    -0.027
411.954    -420.999    -0.027
412.967    -422.108    -0.027
413.980    -423.214    -0.028
414.994    -424.320    -0.028
416.008    -425.426    -0.028
417.022    -426.533    -0.028
418.035    -427.639    -0.028
419.050    -428.745    -0.028
420.063    -429.851    -0.028
421.075    -430.959    -0.028
422.088    -432.066    -0.029
423.101    -433.173    -0.029
424.046    -434.207    -0.029
425.126    -435.387    -0.029
426.072    -436.420    -0.029
427.155    -437.600    -0.029
428.169    -438.705    -0.029
429.183    -439.811    -0.030
430.197    -440.918    -0.030
431.211    -442.024    -0.030
432.224    -443.130    -0.030
433.237    -444.238    -0.030
434.249    -445.345    -0.030
435.262    -446.453    -0.031
436.274    -447.561    -0.031
437.286    -448.668    -0.031
438.298    -449.776    -0.031
439.311    -450.884    -0.031
440.255    -451.917    -0.031
441.338    -453.096    -0.031
442.285    -454.129    -0.032
443.367    -455.308    -0.032
444.381    -456.414    -0.032
445.395    -457.519    -0.032
446.411    -458.625    -0.032
447.425    -459.730    -0.032
448.440    -460.836    -0.032
449.454    -461.941    -0.033
450.402    -462.972    -0.033
451.485    -464.151    -0.033
452.500    -465.256    -0.033
453.516    -466.361    -0.033
454.531    -467.466    -0.033
455.478    -468.497    -0.034
456.562    -469.675    -0.034
457.577    -470.781    -0.034
458.592    -471.885    -0.034
459.607    -472.990    -0.034
460.623    -474.095    -0.034
461.636    -475.203    -0.034
462.649    -476.309    -0.035
463.662    -477.416    -0.035
464.608    -478.449    -0.035
465.689    -479.629    -0.035
466.703    -480.736    -0.035
467.716    -481.843    -0.035
468.729    -482.949    -0.036
469.742    -484.056    -0.036
470.755    -485.163    -0.036
471.768    -486.270    -0.036
472.781    -487.376    -0.036
473.795    -488.483    -0.036
474.809    -489.591    -0.037
475.816    -490.702    -0.037
476.823    -491.814    -0.037
477.830    -492.927    -0.037
478.836    -494.040    -0.037
479.844    -495.152    -0.037
480.850    -496.265    -0.037
481.849    -497.384    -0.038
482.848    -498.505    -0.038
483.846    -499.624    -0.038
484.846    -500.743    -0.038
485.900    -501.947    -0.038
486.888    -503.078    -0.038
487.876    -504.207    -0.039
488.920    -505.431    -0.039
489.892    -506.574    -0.039
490.864    -507.717    -0.039
491.771    -508.785    -0.039
492.792    -510.017    -0.039
493.749    -511.174    -0.040
494.798    -512.511    -0.040
495.670    -513.607    -0.040
496.667    -514.860    -0.040
497.593    -516.039    -0.040
498.515    -517.224    -0.041
499.438    -518.407    -0.041
500.419    -519.672    -0.041
501.331    -520.863    -0.041
502.238    -522.059    -0.041
503.143    -523.255    -0.041
504.049    -524.452    -0.042
505.000    -525.739    -0.042
505.882    -526.953    -0.042
506.762    -528.169    -0.042
507.686    -529.476    -0.042
508.592    -530.794    -0.042
509.429    -532.040    -0.043
510.317    -533.372    -0.043
511.133    -534.631    -0.043
511.939    -535.896    -0.043
512.798    -537.248    -0.043
513.640    -538.608    -0.043
514.414    -539.894    -0.044
515.226    -541.273    -0.044
516.021    -542.662    -0.044
516.764    -543.966    -0.044
517.500    -545.274    -0.044
518.227    -546.587    -0.045
519.033    -548.084    -0.045
519.733    -549.411    -0.045
520.423    -550.743    -0.045
521.103    -552.081    -0.045
521.853    -553.608    -0.045
522.503    -554.960    -0.046
523.171    -556.415    -0.046
523.825    -557.875    -0.046
524.419    -559.253    -0.046
525.014    -560.631    -0.046
525.634    -562.106    -0.046
526.272    -563.682    -0.047
526.806    -565.085    -0.047
527.352    -566.589    -0.047
527.831    -567.905    -0.047
528.416    -569.503    -0.047
528.934    -571.122    -0.048
529.347    -572.460    -0.048
529.854    -574.082    -0.048
530.265    -575.527    -0.048
530.687    -577.070    -0.048
531.070    -578.521    -0.048
531.452    -579.972    -0.049
531.844    -581.524    -0.049
532.194    -583.188    -0.049
532.494    -584.658    -0.049
532.826    -586.326    -0.049
533.084    -587.702    -0.049
533.358    -589.381    -0.050
533.597    -590.963    -0.050
533.814    -592.549    -0.050
534.016    -594.036    -0.050
534.194    -595.626    -0.050
534.359    -597.319    -0.050
534.472    -598.815    -0.051
534.577    -600.312    -0.051
534.666    -602.010    -0.051
534.726    -603.710    -0.051
534.738    -605.211    -0.051
534.749    -606.711    -0.051
534.731    -608.411    -0.052
534.683    -609.911    -0.052
534.617    -611.610    -0.052
534.525    -613.108    -0.052
534.405    -614.716    -0.052
534.276    -616.211    -0.052
534.064    -617.999    -0.052
533.877    -619.487    -0.053
533.655    -621.072    -0.053
533.416    -622.655    -0.053
533.149    -624.132    -0.053
532.836    -625.803    -0.053
532.528    -627.272    -0.053
532.188    -628.836    -0.053
531.851    -630.298    -0.053
531.396    -632.040    -0.054
531.006    -633.489    -0.054
530.556    -635.130    -0.054
530.117    -636.564    -0.054
529.607    -638.186    -0.054
529.113    -639.603    -0.054
528.621    -641.021    -0.054
528.063    -642.521    -0.054
527.530    -643.923    -0.054
526.838    -645.585    -0.055
526.245    -646.963    -0.055
525.613    -648.434    -0.055
524.933    -649.883    -0.055
524.196    -651.415    -0.055
523.514    -652.752    -0.055
522.711    -654.251    -0.055
521.980    -655.561    -0.055
521.247    -656.871    -0.055
520.513    -658.180    -0.055
519.573    -659.715    -0.055
518.773    -660.984    -0.055
517.853    -662.415    -0.056
517.008    -663.654    -0.056
516.162    -664.894    -0.056
515.170    -666.275    -0.056
514.287    -667.488    -0.056
513.255    -668.839    -0.056
512.331    -670.021    -0.056
511.246    -671.331    -0.056
510.280    -672.480    -0.056
509.160    -673.759    -0.056
508.154    -674.872    -0.056
506.995    -676.116    -0.056
506.022    -677.124    -0.056
504.820    -678.326    -0.056
503.607    -679.518    -0.056
502.519    -680.552    -0.056
501.343    -681.637    -0.056
500.227    -682.640    -0.056
499.025    -683.697    -0.056
497.798    -684.725    -0.056
496.480    -685.799    -0.056
495.384    -686.671    -0.056
494.034    -687.705    -0.056
492.744    -688.653    -0.056
491.441    -689.582    -0.056
490.038    -690.542    -0.056
488.873    -691.320    -0.056
487.535    -692.198    -0.056
486.093    -693.099    -0.056
484.809    -693.877    -0.056
483.425    -694.680    -0.056
482.027    -695.459    -0.056
480.622    -696.226    -0.056
479.197    -696.955    -0.056
477.854    -697.625    -0.056
476.510    -698.291    -0.056
474.876    -699.047    -0.056
473.499    -699.644    -0.056
472.120    -700.237    -0.056
470.546    -700.880    -0.056
469.059    -701.473    -0.056
467.651    -701.991    -0.056
466.143    -702.525    -0.056
464.528    -703.059    -0.056
463.093    -703.499    -0.056
461.756    -703.915    -0.056
460.030    -704.425    -0.056
458.584    -704.828    -0.056
457.132    -705.205    -0.055
455.376    -705.603    -0.055
453.811    -705.936    -0.055
452.339    -706.230    -0.055
450.865    -706.512    -0.055
449.190    -706.804    -0.055
447.608    -707.052    -0.055
446.122    -707.256    -0.055
444.535    -707.459    -0.055
442.943    -707.626    -0.055
441.349    -707.774    -0.055
439.753    -707.892    -0.055
438.155    -707.984    -0.054
436.656    -708.059    -0.054
434.957    -708.108    -0.054
433.456    -708.138    -0.054
431.557    -708.117    -0.054
430.257    -708.067    -0.054
428.559    -708.000    -0.054
427.061    -707.908    -0.054
425.463    -707.811    -0.054
423.965    -707.719    -0.053
422.273    -707.563    -0.053
420.483    -707.366    -0.053
419.098    -707.155    -0.053
417.516    -706.915    -0.053
416.131    -706.704    -0.053
414.455    -706.415    -0.053
412.977    -706.155    -0.053
411.214    -705.796    -0.052
409.846    -705.492    -0.052
408.194    -705.089    -0.052
406.645    -704.684    -0.052
405.197    -704.293    -0.052
403.654    -703.869    -0.052
402.212    -703.454    -0.052
400.501    -702.893    -0.051
399.085    -702.396    -0.051
397.672    -701.893    -0.051
396.174    -701.328    -0.051
394.505    -700.653    -0.051
393.213    -700.113    -0.051
391.652    -699.439    -0.050
390.289    -698.811    -0.050
388.836    -698.140    -0.050
387.483    -697.491    -0.050
386.051    -696.776    -0.050
384.542    -695.990    -0.050
383.137    -695.225    -0.050
381.665    -694.373    -0.049
380.463    -693.656    -0.049
379.097    -692.821    -0.049
377.738    -691.975    -0.049
376.393    -691.108    -0.049
374.984    -690.156    -0.048
373.673    -689.238    -0.048
372.540    -688.416    -0.048
371.251    -687.466    -0.048
370.054    -686.561    -0.048
368.796    -685.571    -0.048
367.482    -684.493    -0.047
366.180    -683.398    -0.047
365.070    -682.389    -0.047
363.885    -681.313    -0.047
362.707    -680.230    -0.047
361.615    -679.200    -0.047
360.478    -678.073    -0.046
359.368    -676.920    -0.046
358.273    -675.753    -0.046
357.191    -674.574    -0.046
356.124    -673.380    -0.046
355.080    -672.167    -0.045
354.048    -670.944    -0.045
353.086    -669.792    -0.045
352.146    -668.623    -0.045
351.057    -667.189    -0.045
350.165    -665.983    -0.044
349.226    -664.687    -0.044
348.365    -663.458    -0.044
347.416    -662.046    -0.044
346.488    -660.621    -0.044
345.746    -659.433    -0.044
344.905    -658.072    -0.043
344.125    -656.789    -0.043
343.270    -655.320    -0.043
342.493    -653.920    -0.043
341.732    -652.512    -0.043
341.030    -651.186    -0.042
340.344    -649.852    -0.042
339.625    -648.422    -0.042
338.896    -646.885    -0.042
338.237    -645.427    -0.042
337.662    -644.150    -0.042
337.019    -642.684    -0.041
336.396    -641.210    -0.041
335.792    -639.728    -0.041
335.238    -638.333    -0.041
334.666    -636.838    -0.041
334.120    -635.334    -0.040
333.609    -633.923    -0.040
333.109    -632.508    -0.040
332.583    -630.997    -0.040
332.112    -629.572    -0.040
331.639    -628.148    -0.040
331.156    -626.518    -0.039
330.739    -625.076    -0.039
330.327    -623.634    -0.039
329.870    -621.995    -0.039
329.493    -620.543    -0.039
329.117    -619.090    -0.039
328.736    -617.535    -0.038
328.394    -616.075    -0.038
328.021    -614.415    -0.038
327.705    -612.949    -0.038
327.410    -611.579    -0.038
327.089    -610.011    -0.038
326.792    -608.541    -0.037
326.482    -606.869    -0.037
326.224    -605.391    -0.037
325.964    -603.913    -0.037
325.725    -602.431    -0.037
325.496    -600.949    -0.037
325.254    -599.265    -0.037
325.043    -597.779    -0.036
324.848    -596.292    -0.036
324.657    -594.702    -0.036
324.494    -593.211    -0.036
324.330    -591.719    -0.036
324.162    -590.027    -0.036
324.029    -588.533    -0.035
323.907    -587.238    -0.035
323.749    -585.644    -0.035
323.613    -584.050    -0.035
323.488    -582.555    -0.035
323.373    -581.059    -0.035
323.258    -579.462    -0.035
323.154    -577.965    -0.034
323.052    -576.468    -0.034
322.953    -574.971    -0.034
322.857    -573.473    -0.034
322.769    -571.975    -0.034
322.686    -570.377    -0.034
322.611    -568.878    -0.034
322.546    -567.380    -0.033
322.481    -565.881    -0.033
322.423    -564.280    -0.033
322.383    -562.881    -0.033
322.337    -561.281    -0.033
322.294    -559.780    -0.033
322.251    -558.281    -0.033
322.213    -556.781    -0.033
322.182    -555.180    -0.032
322.156    -553.780    -0.032
322.125    -552.181    -0.032
322.096    -550.680    -0.032
322.066    -549.180    -0.032
322.037    -547.679    -0.032
322.009    -546.179    -0.032
321.980    -544.679    -0.031
321.953    -543.178    -0.031
321.928    -541.778    -0.031
321.901    -540.277    -0.031
321.874    -538.778    -0.031
321.847    -537.278    -0.031
321.818    -535.677    -0.031
321.791    -534.177    -0.031
321.766    -532.776    -0.030
321.739    -531.276    -0.030
321.712    -529.775    -0.030
321.685    -528.275    -0.030
321.657    -526.775    -0.030
321.628    -525.175    -0.030
321.599    -523.675    -0.030
321.571    -522.174    -0.030
321.543    -520.674    -0.029
321.515    -519.174    -0.029
321.487    -517.673    -0.029
321.458    -516.173    -0.029
321.430    -514.672    -0.029
321.402    -513.173    -0.029
321.370    -511.673    -0.029
321.340    -510.272    -0.029
321.307    -508.672    -0.028
321.275    -507.172    -0.028
321.253    -505.671    -0.028
321.230    -504.171    -0.028
321.207    -502.670    -0.028
321.181    -501.171    -0.028
321.155    -499.670    -0.028
321.127    -498.170    -0.028
321.105    -496.670    -0.027
321.083    -495.169    -0.027
321.061    -493.669    -0.027
321.035    -492.168    -0.027
321.007    -490.668    -0.027
320.980    -489.167    -0.027
320.957    -487.667    -0.027
320.933    -486.167    -0.027
320.914    -484.666    -0.027
320.895    -483.166    -0.026
320.864    -481.766    -0.026
320.829    -480.266    -0.026
320.794    -478.766    -0.026
320.764    -477.165    -0.026
320.739    -475.765    -0.026
320.710    -474.164    -0.026
320.684    -472.664    -0.026
320.659    -471.164    -0.026
320.630    -469.664    -0.025
320.599    -468.164    -0.025
320.575    -466.663    -0.025
320.554    -465.163    -0.025
320.533    -463.762    -0.025
320.507    -462.262    -0.025
320.479    -460.662    -0.025
320.454    -459.161    -0.025
320.429    -457.661    -0.025
320.402    -456.160    -0.024
320.378    -454.761    -0.024
320.351    -453.261    -0.024
320.315    -451.660    -0.024
320.283    -450.260    -0.024
320.249    -448.759    -0.024
320.208    -447.360    -0.024
320.162    -445.760    -0.024
320.119    -444.361    -0.024
320.067    -442.860    -0.023
320.016    -441.361    -0.023
319.963    -439.961    -0.023
319.873    -438.464    -0.023
319.776    -436.966    -0.023
319.672    -435.469    -0.023
319.570    -434.072    -0.023
319.457    -432.576    -0.023
319.333    -431.281    -0.023
319.170    -429.690    -0.022
319.019    -428.297    -0.022
318.853    -426.806    -0.022
318.684    -425.315    -0.022
318.510    -423.825    -0.022
318.333    -422.435    -0.022
318.127    -420.949    -0.022
317.922    -419.462    -0.022
317.728    -418.075    -0.022
317.500    -416.491    -0.022
317.304    -415.206    -0.021
317.059    -413.726    -0.021
316.814    -412.244    -0.021
316.562    -410.866    -0.021
316.292    -409.391    -0.021
316.021    -407.915    -0.021
315.744    -406.441    -0.021
315.471    -405.067    -0.021
315.192    -403.694    -0.021
314.876    -402.227    -0.020
314.554    -400.762    -0.020
314.248    -399.395    -0.020
313.903    -397.935    -0.020
313.573    -396.574    -0.020
313.208    -395.118    -0.020
312.860    -393.762    -0.020
312.486    -392.308    -0.020
312.110    -390.856    -0.020
311.746    -389.504    -0.020
311.342    -388.059    -0.019
310.906    -386.519    -0.019
310.546    -385.268    -0.019
310.118    -383.830    -0.019
309.688    -382.393    -0.019
309.248    -380.958    -0.019
308.808    -379.524    -0.019
308.386    -378.188    -0.019
307.927    -376.759    -0.019
307.481    -375.432    -0.018
306.997    -374.012    -0.018
306.541    -372.687    -0.018
306.032    -371.276    -0.018
305.525    -369.863    -0.018
305.022    -368.450    -0.018
304.570    -367.231    -0.018
303.983    -365.741    -0.018
303.467    -364.440    -0.018
302.920    -363.043    -0.018
302.339    -361.551    -0.017
301.879    -360.442    -0.017
301.258    -358.967    -0.017
300.673    -357.585    -0.017
300.084    -356.205    -0.017
299.523    -354.922    -0.017
298.918    -353.548    -0.017
298.372    -352.368    -0.017
297.693    -350.919    -0.017
297.058    -349.559    -0.017
296.499    -348.386    -0.016
295.798    -346.946    -0.016
295.186    -345.687    -0.016
294.515    -344.345    -0.016
293.845    -343.002    -0.016
293.168    -341.662    -0.016
292.528    -340.417    -0.016
291.833    -339.087    -0.016
291.188    -337.844    -0.016
290.476    -336.523    -0.016
289.726    -335.109    -0.015
289.086    -333.977    -0.015
288.343    -332.673    -0.015
287.601    -331.369    -0.015
286.854    -330.068    -0.015
286.102    -328.769    -0.015
285.433    -327.655    -0.015
284.610    -326.281    -0.015
283.933    -325.171    -0.015
283.134    -323.901    -0.015
282.329    -322.635    -0.014
281.565    -321.460    -0.014
280.797    -320.289    -0.014
279.972    -319.037    -0.014
279.135    -317.791    -0.014
278.293    -316.549    -0.014
277.445    -315.311    -0.014
276.594    -314.075    -0.014
275.793    -312.926    -0.014
274.930    -311.699    -0.014
274.126    -310.552    -0.013
273.186    -309.257    -0.013
272.365    -308.121    -0.013
271.545    -306.986    -0.013
270.652    -305.780    -0.013
269.753    -304.580    -0.013
268.843    -303.386    -0.013
267.933    -302.193    -0.013
267.074    -301.087    -0.013
266.210    -299.985    -0.013
265.265    -298.819    -0.013
264.377    -297.736    -0.012
263.355    -296.504    -0.012
262.565    -295.600    -0.012
261.503    -294.402    -0.012
260.574    -293.355    -0.012
259.571    -292.238    -0.012
258.567    -291.123    -0.012
257.563    -290.009    -0.012
256.559    -288.893    -0.012
255.554    -287.778    -0.012
254.550    -286.664    -0.012
253.606    -285.630    -0.011
252.588    -284.527    -0.011
251.571    -283.424    -0.011
250.554    -282.321    -0.011
249.538    -281.215    -0.011
248.457    -280.035    -0.011
247.512    -279.002    -0.011
246.499    -277.895    -0.011
245.418    -276.714    -0.011
244.472    -275.681    -0.011
243.459    -274.574    -0.011
242.446    -273.468    -0.010
241.433    -272.361    -0.010
240.420    -271.254    -0.010
239.407    -270.147    -0.010
238.393    -269.041    -0.010
237.379    -267.934    -0.010
236.366    -266.827    -0.010
235.353    -265.720    -0.010
234.339    -264.614    -0.010
233.326    -263.508    -0.010
232.313    -262.402    -0.010
231.298    -261.295    -0.010
230.283    -260.190    -0.009
229.269    -259.085    -0.009
228.254    -257.979    -0.009
227.239    -256.873    -0.009
226.156    -255.695    -0.009
225.209    -254.664    -0.009
224.193    -253.559    -0.009
223.177    -252.455    -0.009
222.162    -251.349    -0.009
221.146    -250.245    -0.009
220.132    -249.140    -0.009
219.119    -248.033    -0.009
218.106    -246.925    -0.009
217.092    -245.818    -0.008
216.080    -244.711    -0.008
215.000    -243.530    -0.008
214.056    -242.495    -0.008
212.977    -241.313    -0.008
212.034    -240.278    -0.008
211.022    -239.170    -0.008
210.011    -238.061    -0.008
208.998    -236.954    -0.008
207.982    -235.850    -0.008
206.966    -234.745    -0.008
205.951    -233.641    -0.008
204.935    -232.536    -0.008
203.919    -231.431    -0.007
202.907    -230.324    -0.007
201.827    -229.142    -0.007
200.882    -228.109    -0.007
199.870    -227.001    -0.007
198.857    -225.894    -0.007
197.777    -224.712    -0.007
196.833    -223.678    -0.007
195.821    -222.569    -0.007
194.810    -221.461    -0.007
193.798    -220.353    -0.007
192.719    -219.171    -0.007
191.773    -218.138    -0.007
190.760    -217.031    -0.007
189.747    -215.924    -0.006
188.735    -214.817    -0.006
187.722    -213.709    -0.006
186.710    -212.602    -0.006
185.630    -211.420    -0.006
184.685    -210.387    -0.006
183.606    -209.205    -0.006
182.660    -208.171    -0.006
181.648    -207.064    -0.006
180.635    -205.957    -0.006
179.622    -204.851    -0.006
178.608    -203.743    -0.006
177.594    -202.637    -0.006
176.581    -201.531    -0.006
175.566    -200.426    -0.006
174.551    -199.320    -0.006
173.536    -198.215    -0.005
172.453    -197.036    -0.005
171.505    -196.006    -0.005
170.490    -194.901    -0.005
169.476    -193.794    -0.005
168.461    -192.689    -0.005
167.379    -191.509    -0.005
166.432    -190.478    -0.005
165.350    -189.298    -0.005
164.340    -188.189    -0.005
163.397    -187.153    -0.005
162.387    -186.044    -0.005
161.309    -184.860    -0.005
160.367    -183.824    -0.005
159.355    -182.716    -0.005
158.341    -181.610    -0.005
157.328    -180.502    -0.005
156.248    -179.322    -0.004
155.302    -178.289    -0.004
154.289    -177.182    -0.004
153.274    -176.077    -0.004
152.260    -174.971    -0.004
151.244    -173.866    -0.004
150.230    -172.761    -0.004
149.215    -171.655    -0.004
148.200    -170.549    -0.004
147.186    -169.444    -0.004
146.172    -168.338    -0.004
145.090    -167.158    -0.004
144.142    -166.127    -0.004
143.061    -164.947    -0.004
142.116    -163.914    -0.004
141.103    -162.807    -0.004
140.090    -161.700    -0.004
139.077    -160.592    -0.004
138.064    -159.486    -0.003
137.049    -158.380    -0.003
136.036    -157.274    -0.003
135.021    -156.168    -0.003
134.007    -155.061    -0.003
132.925    -153.881    -0.003
131.980    -152.849    -0.003
130.967    -151.742    -0.003
129.955    -150.633    -0.003
128.943    -149.526    -0.003
127.931    -148.418    -0.003
126.919    -147.311    -0.003
125.906    -146.203    -0.003
124.894    -145.096    -0.003
123.880    -143.989    -0.003
122.867    -142.882    -0.003
121.854    -141.774    -0.003
120.842    -140.667    -0.003
119.763    -139.484    -0.003
118.820    -138.450    -0.003
117.808    -137.341    -0.003
116.797    -136.232    -0.003
115.786    -135.124    -0.002
114.772    -134.018    -0.002
113.757    -132.913    -0.002
112.742    -131.807    -0.002
111.659    -130.629    -0.002
110.711    -129.598    -0.002
109.696    -128.493    -0.002
108.680    -127.388    -0.002
107.664    -126.284    -0.002
106.648    -125.180    -0.002
105.632    -124.076    -0.002
104.616    -122.972    -0.002
103.601    -121.865    -0.002
102.588    -120.759    -0.002
101.574    -119.653    -0.002
100.560    -118.547    -0.002
99.546    -117.441    -0.002
98.533    -116.334    -0.002
97.521    -115.227    -0.002
96.507    -114.120    -0.002
95.494    -113.013    -0.002
94.481    -111.905    -0.002
93.400    -110.724    -0.002
92.454    -109.694    -0.002
91.438    -108.589    -0.002
90.421    -107.484    -0.002
89.406    -106.380    -0.002
88.390    -105.276    -0.001
87.375    -104.171    -0.001
86.361    -103.065    -0.001
85.279    -101.885    -0.001
84.332    -100.853    -0.001
83.317    -99.748    -0.001
82.303    -98.642    -0.001
81.289    -97.536    -0.001
80.274    -96.430    -0.001
79.260    -95.325    -0.001
78.245    -94.220    -0.001
77.230    -93.115    -0.001
76.148    -91.935    -0.001
75.202    -90.902    -0.001
74.189    -89.795    -0.001
73.176    -88.688    -0.001
72.095    -87.507    -0.001
71.150    -86.474    -0.001
70.136    -85.368    -0.001
69.054    -84.188    -0.001
68.107    -83.157    -0.001
67.093    -82.050    -0.001
66.079    -80.944    -0.001
65.066    -79.838    -0.001
64.054    -78.730    -0.001
63.042    -77.622    -0.001
62.028    -76.515    -0.001
60.949    -75.333    -0.001
60.004    -74.300    -0.001
58.992    -73.192    -0.001
57.979    -72.085    -0.001
56.967    -70.978    -0.001
55.953    -69.871    -0.001
54.940    -68.764    -0.001
53.928    -67.656    -0.001
52.915    -66.549    -0.001
51.902    -65.443    -0.001
50.888    -64.336    -0.001
49.875    -63.229    -0.001
48.861    -62.122    -0.000
47.847    -61.017    -0.000
46.832    -59.911    -0.000
45.818    -58.805    -0.000
44.803    -57.700    -0.000
43.788    -56.595    -0.000
42.772    -55.490    -0.000
41.758    -54.385    -0.000
40.743    -53.279    -0.000
39.729    -52.174    -0.000
38.714    -51.068    -0.000
37.700    -49.963    -0.000
36.688    -48.854    -0.000
35.677    -47.745    -0.000
34.600    -46.561    -0.000
33.590    -45.452    -0.000
32.578    -44.343    -0.000
31.635    -43.308    -0.000
30.621    -42.202    -0.000
29.606    -41.097    -0.000
28.592    -39.991    -0.000
27.578    -38.884    -0.000
26.564    -37.778    -0.000
25.550    -36.673    -0.000
24.536    -35.567    -0.000
23.521    -34.461    -0.000
22.505    -33.356    -0.000
21.491    -32.251    -0.000
20.477    -31.145    -0.000
19.466    -30.036    -0.000
18.456    -28.926    -0.000
17.446    -27.817    -0.000
16.368    -26.633    -0.000
15.424    -25.599    -0.000
14.346    -24.416    -0.000
13.399    -23.384    -0.000
12.385    -22.278    -0.000
11.371    -21.172    -0.000
10.357    -20.065    -0.000
9.342    -18.960    -0.000
8.329    -17.854    -0.000
7.315    -16.747    -0.000
6.302    -15.640    -0.000
5.288    -14.534    -0.000
4.275    -13.428    -0.000
3.193    -12.247    -0.000
2.247    -11.215    -0.000
1.233    -10.108    -0.000
0.220    -9.002    -0.000
-0.794    -7.896    -0.000
-1.808    -6.790    -0.000
-2.821    -5.682    -0.000
-3.834    -4.575    -0.000
