3.858    3.510    -0.000
2.912    4.543    -0.000
1.832    5.723    -0.000
0.818    6.830    -0.000
-0.128    7.862    -0.000
-1.209    9.043    -0.000
-2.223    10.149    -0.000
-3.169    11.182    -0.000
-4.249    12.363    -0.000
-5.263    13.469    -0.000
-6.209    14.502    -0.000
-7.290    15.682    -0.000
-8.304    16.789    -0.000
-9.249    17.821    -0.000
-10.330    19.002    -0.000
-11.344    20.108    -0.000
-12.290    21.141    -0.000
-13.371    22.322    -0.000
-14.385    23.428    -0.000
-15.330    24.461    -0.000
-16.411    25.641    -0.000
-17.425    26.748    -0.000
-18.371    27.780    -0.000
-19.451    28.961    -0.000
-20.466    30.067    -0.000
-21.411    31.100    -0.000
-22.492    32.281    -0.000
-23.506    33.387    -0.000
-24.452    34.420    -0.000
-25.532    35.601    -0.000
-26.478    36.633    -0.000
-27.560    37.814    -0.000
-28.573    38.920    -0.000
-29.518    39.953    -0.000
-30.600    41.134    -0.000
-31.613    42.240    -0.000
-32.559    43.273    -0.000
-33.641    44.453    -0.000
-34.654    45.560    -0.000
-35.667    46.667    -0.000
-36.680    47.773    -0.000
-37.693    48.880    -0.000
-38.707    49.987    -0.000
-39.720    51.093    -0.000
-40.734    52.200    -0.000
-41.748    53.306    -0.000
-42.761    54.412    -0.000
-43.774    55.520    -0.000
-44.720    56.552    -0.000
-45.801    57.733    -0.000
-46.815    58.839    -0.000
-47.828    59.947    -0.000
-48.841    61.053    -0.000
-49.854    62.160    -0.000
-50.868    63.266    -0.001
-51.881    64.373    -0.001
-52.895    65.479    -0.001
-53.909    66.586    -0.001
-54.922    67.692    -0.001
-55.935    68.799    -0.001
-56.949    69.906    -0.001
-57.962    71.012    -0.001
-58.976    72.118    -0.001
-59.989    73.225    -0.001
-61.003    74.332    -0.001
-62.016    75.439    -0.001
-63.030    76.545    -0.001
-64.043    77.651    -0.001
-65.056    78.758    -0.001
-66.069    79.865    -0.001
-67.084    80.971    -0.001
-68.097    82.078    -0.001
-69.111    83.184    -0.001
-70.056    84.217    -0.001
-71.137    85.398    -0.001
-72.150    86.504    -0.001
-73.097    87.537    -0.001
-74.178    88.718    -0.001
-75.191    89.824    -0.001
-76.205    90.931    -0.001
-77.218    92.037    -0.001
-78.164    93.070    -0.001
-79.245    94.251    -0.001
-80.258    95.357    -0.001
-81.204    96.390    -0.001
-82.286    97.570    -0.001
-83.299    98.677    -0.001
-84.245    99.709    -0.001
-85.326    100.890    -0.001
-86.339    101.996    -0.001
-87.353    103.104    -0.001
-88.366    104.210    -0.001
-89.380    105.316    -0.001
-90.393    106.423    -0.002
-91.406    107.529    -0.002
-92.419    108.637    -0.002
-93.433    109.743    -0.002
-94.447    110.849    -0.002
-95.461    111.955    -0.002
-96.474    113.063    -0.002
-97.487    114.169    -0.002
-98.500    115.276    -0.002
-99.514    116.382    -0.002
-100.527    117.488    -0.002
-101.541    118.596    -0.002
-102.555    119.702    -0.002
-103.568    120.808    -0.002
-104.581    121.915    -0.002
-105.595    123.022    -0.002
-106.541    124.054    -0.002
-107.622    125.235    -0.002
-108.635    126.341    -0.002
-109.581    127.374    -0.002
-110.662    128.555    -0.002
-111.676    129.661    -0.002
-112.622    130.694    -0.002
-113.702    131.874    -0.002
-114.648    132.907    -0.002
-115.730    134.088    -0.002
-116.743    135.194    -0.003
-117.689    136.227    -0.003
-118.770    137.408    -0.003
-119.783    138.514    -0.003
-120.729    139.546    -0.003
-121.811    140.727    -0.003
-122.824    141.834    -0.003
-123.769    142.866    -0.003
-124.851    144.047    -0.003
-125.864    145.153    -0.003
-126.877    146.260    -0.003
-127.891    147.367    -0.003
-128.904    148.474    -0.003
-129.918    149.580    -0.003
-130.931    150.686    -0.003
-131.945    151.793    -0.003
-132.958    152.900    -0.003
-133.971    154.006    -0.003
-134.985    155.113    -0.003
-135.999    156.219    -0.003
-137.012    157.326    -0.003
-138.026    158.432    -0.003
-139.039    159.539    -0.004
-140.052    160.645    -0.004
-141.066    161.753    -0.004
-142.080    162.859    -0.004
-143.025    163.891    -0.004
-144.106    165.072    -0.004
-145.119    166.179    -0.004
-146.066    167.211    -0.004
-147.146    168.392    -0.004
-148.161    169.498    -0.004
-149.106    170.531    -0.004
-150.187    171.712    -0.004
-151.133    172.744    -0.004
-152.214    173.925    -0.004
-153.227    175.031    -0.004
-154.173    176.064    -0.004
-155.255    177.245    -0.004
-156.268    178.351    -0.004
-157.213    179.384    -0.004
-158.295    180.565    -0.005
-159.308    181.671    -0.005
-160.254    182.703    -0.005
-161.336    183.884    -0.005
-162.349    184.990    -0.005
-163.362    186.098    -0.005
-164.375    187.204    -0.005
-165.388    188.311    -0.005
-166.402    189.417    -0.005
-167.415    190.524    -0.005
-168.430    191.630    -0.005
-169.376    192.661    -0.005
-170.459    193.841    -0.005
-171.473    194.947    -0.005
-172.487    196.053    -0.005
-173.501    197.159    -0.005
-174.515    198.264    -0.005
-175.531    199.370    -0.006
-176.477    200.402    -0.006
-177.559    201.582    -0.006
-178.573    202.688    -0.006
-179.587    203.794    -0.006
-180.601    204.899    -0.006
-181.548    205.931    -0.006
-182.562    207.037    -0.006
-183.575    208.145    -0.006
-184.587    209.252    -0.006
-185.667    210.434    -0.006
-186.680    211.541    -0.006
-187.694    212.647    -0.006
-188.708    213.754    -0.006
-189.721    214.861    -0.006
-190.734    215.968    -0.007
-191.747    217.074    -0.007
-192.760    218.181    -0.007
-193.706    219.214    -0.007
-194.786    220.395    -0.007
-195.800    221.502    -0.007
-196.813    222.609    -0.007
-197.826    223.715    -0.007
-198.839    224.823    -0.007
-199.852    225.929    -0.007
-200.865    227.036    -0.007
-201.880    228.142    -0.007
-202.893    229.250    -0.007
-203.906    230.356    -0.007
-204.919    231.463    -0.008
-205.932    232.569    -0.008
-206.945    233.676    -0.008
-207.891    234.709    -0.008
-208.972    235.890    -0.008
-209.985    236.997    -0.008
-210.930    238.030    -0.008
-212.011    239.211    -0.008
-212.957    240.243    -0.008
-214.038    241.424    -0.008
-214.984    242.457    -0.008
-216.065    243.638    -0.008
-217.077    244.745    -0.008
-218.091    245.851    -0.008
-219.104    246.958    -0.009
-220.117    248.064    -0.009
-221.130    249.172    -0.009
-222.076    250.204    -0.009
-223.157    251.385    -0.009
-224.170    252.492    -0.009
-225.116    253.525    -0.009
-226.196    254.706    -0.009
-227.142    255.738    -0.009
-228.222    256.919    -0.009
-229.236    258.027    -0.009
-230.250    259.133    -0.009
-231.263    260.239    -0.010
-232.277    261.345    -0.010
-233.290    262.452    -0.010
-234.303    263.559    -0.010
-235.317    264.666    -0.010
-236.331    265.772    -0.010
-237.276    266.805    -0.010
-238.357    267.986    -0.010
-239.303    269.018    -0.010
-240.384    270.199    -0.010
-241.397    271.305    -0.010
-242.343    272.338    -0.010
-243.425    273.519    -0.011
-244.438    274.625    -0.011
-245.451    275.732    -0.011
-246.464    276.838    -0.011
-247.478    277.946    -0.011
-248.491    279.052    -0.011
-249.505    280.158    -0.011
-250.518    281.265    -0.011
-251.532    282.372    -0.011
-252.545    283.478    -0.011
-253.558    284.585    -0.011
-254.572    285.691    -0.011
-255.518    286.724    -0.012
-256.599    287.905    -0.012
-257.544    288.937    -0.012
-258.626    290.118    -0.012
-259.639    291.224    -0.012
-260.585    292.257    -0.012
-261.666    293.438    -0.012
-262.680    294.544    -0.012
-263.693    295.651    -0.012
-264.706    296.757    -0.012
-265.719    297.865    -0.013
-266.733    298.971    -0.013
-267.679    300.004    -0.013
-268.760    301.184    -0.013
-269.773    302.291    -0.013
-270.787    303.397    -0.013
-271.800    304.504    -0.013
-272.746    305.537    -0.013
-273.827    306.718    -0.013
-274.840    307.824    -0.013
-275.786    308.856    -0.013
-276.868    310.037    -0.014
-277.881    311.143    -0.014
-278.827    312.176    -0.014
-279.908    313.357    -0.014
-280.921    314.463    -0.014
-281.934    315.570    -0.014
-282.948    316.677    -0.014
-283.961    317.784    -0.014
-284.975    318.890    -0.014
-285.921    319.923    -0.014
-287.001    321.104    -0.015
-288.014    322.210    -0.015
-289.029    323.316    -0.015
-290.042    324.423    -0.015
-291.055    325.529    -0.015
-292.069    326.637    -0.015
-293.082    327.743    -0.015
-294.095    328.850    -0.015
-295.108    329.956    -0.015
-296.123    331.064    -0.015
-297.068    332.095    -0.016
-298.150    333.276    -0.016
-299.163    334.382    -0.016
-300.176    335.489    -0.016
-301.189    336.596    -0.016
-302.202    337.703    -0.016
-303.217    338.809    -0.016
-304.162    339.842    -0.016
-305.243    341.023    -0.016
-306.256    342.129    -0.017
-307.270    343.235    -0.017
-308.283    344.342    -0.017
-309.160    345.303    -0.017
-310.213    346.508    -0.017
-311.227    347.615    -0.017
-312.308    348.794    -0.017
-313.324    349.900    -0.017
-314.271    350.930    -0.017
-315.354    352.110    -0.018
-316.369    353.215    -0.018
-317.383    354.321    -0.018
-318.326    355.356    -0.018
-319.403    356.540    -0.018
-320.346    357.576    -0.018
-321.356    358.686    -0.018
-322.365    359.795    -0.018
-323.445    360.978    -0.018
-324.457    362.085    -0.019
-325.470    363.192    -0.019
-326.482    364.300    -0.019
-327.427    365.333    -0.019
-328.508    366.514    -0.019
-329.523    367.619    -0.019
-330.538    368.725    -0.019
-331.553    369.830    -0.019
-332.568    370.935    -0.019
-333.583    372.040    -0.020
-334.606    373.137    -0.020
-335.635    374.231    -0.020
-336.662    375.325    -0.020
-337.689    376.419    -0.020
-338.716    377.512    -0.020
-339.890    378.742    -0.020
-340.949    379.805    -0.020
-342.008    380.869    -0.021
-343.155    381.985    -0.021
-344.312    383.091    -0.021
-345.323    384.059    -0.021
-346.591    385.194    -0.021
-347.712    386.190    -0.021
-348.996    387.306    -0.021
-350.145    388.271    -0.021
-351.293    389.237    -0.022
-352.628    390.289    -0.022
-353.818    391.203    -0.022
-355.175    392.228    -0.022
-356.394    393.104    -0.022
-357.613    393.980    -0.022
-359.012    394.945    -0.022
-360.262    395.775    -0.022
-361.679    396.716    -0.023
-362.951    397.510    -0.023
-364.224    398.307    -0.023
-365.499    399.097    -0.023
-366.782    399.875    -0.023
-368.258    400.718    -0.023
-369.658    401.495    -0.023
-370.970    402.222    -0.024
-372.552    403.082    -0.024
-374.183    403.842    -0.024
-375.559    404.441    -0.024
-376.843    405.000    -0.024
-378.310    405.642    -0.024
-379.693    406.225    -0.024
-381.266    406.869    -0.024
-382.669    407.402    -0.025
-384.068    407.945    -0.025
-385.666    408.526    -0.025
-386.987    408.992    -0.025
-388.603    409.519    -0.025
-390.031    409.981    -0.025
-391.556    410.466    -0.025
-392.894    410.880    -0.025
-394.327    411.327    -0.025
-395.856    411.799    -0.026
-397.391    412.253    -0.026
-398.932    412.687    -0.026
-400.283    413.052    -0.026
-402.026    413.507    -0.026
-403.487    413.851    -0.026
-404.847    414.181    -0.026
-406.507    414.552    -0.026
-408.074    414.879    -0.027
-409.648    415.169    -0.027
-411.025    415.422    -0.027
-412.703    415.694    -0.027
-414.290    415.904    -0.027
-415.676    416.106    -0.027
-417.264    416.307    -0.027
-418.855    416.482    -0.027
-420.549    416.630    -0.028
-422.044    416.753    -0.028
-423.642    416.848    -0.028
-425.140    416.940    -0.028
-426.739    417.010    -0.028
-428.338    417.073    -0.028
-429.839    417.109    -0.028
-431.438    417.124    -0.028
-432.939    417.128    -0.028
-434.639    417.123    -0.028
-436.139    417.070    -0.029
-437.639    417.015    -0.029
-439.436    416.917    -0.029
-440.832    416.804    -0.029
-442.328    416.683    -0.029
-443.824    416.561    -0.029
-445.516    416.396    -0.029
-447.007    416.227    -0.029
-448.498    416.058    -0.029
-450.184    415.836    -0.029
-451.570    415.637    -0.030
-453.154    415.409    -0.030
-454.738    415.177    -0.030
-456.218    414.933    -0.030
-457.698    414.688    -0.030
-459.179    414.444    -0.030
-460.660    414.200    -0.030
-462.141    413.955    -0.030
-463.621    413.710    -0.030
-465.101    413.460    -0.030
-466.580    413.208    -0.030
-468.158    412.939    -0.031
-469.538    412.705    -0.031
-471.116    412.436    -0.031
-472.497    412.201    -0.031
-474.075    411.933    -0.031
-475.554    411.681    -0.031
-476.934    411.443    -0.031
-478.413    411.189    -0.031
-479.991    410.917    -0.031
-481.371    410.680    -0.031
-482.849    410.426    -0.032
-484.328    410.171    -0.032
-485.906    409.900    -0.032
-487.286    409.662    -0.032
-488.765    409.408    -0.032
-490.244    409.154    -0.032
-491.821    408.882    -0.032
-493.201    408.645    -0.032
-494.680    408.390    -0.032
-496.159    408.136    -0.032
-497.638    407.886    -0.032
-499.118    407.636    -0.033
-500.597    407.387    -0.033
-502.077    407.137    -0.033
-503.557    406.887    -0.033
-505.036    406.637    -0.033
-506.516    406.388    -0.033
-507.995    406.138    -0.033
-509.475    405.889    -0.033
-510.856    405.658    -0.033
-512.341    405.435    -0.033
-513.825    405.213    -0.034
-515.309    404.992    -0.034
-516.793    404.770    -0.034
-518.277    404.548    -0.034
-519.860    404.311    -0.034
-521.245    404.104    -0.034
-522.532    403.921    -0.034
-524.023    403.747    -0.034
-525.513    403.575    -0.034
-527.004    403.403    -0.035
-528.494    403.231    -0.035
-529.985    403.059    -0.035
-531.476    402.885    -0.035
-532.868    402.730    -0.035
-534.362    402.585    -0.035
-535.854    402.439    -0.035
-537.348    402.293    -0.035
-538.842    402.147    -0.035
-540.236    402.020    -0.036
-541.831    401.889    -0.036
-543.227    401.774    -0.036
-544.623    401.661    -0.036
-546.121    401.577    -0.036
-547.620    401.494    -0.036
-549.018    401.433    -0.036
-550.518    401.373    -0.036
-552.018    401.317    -0.037
-553.317    401.270    -0.037
-554.917    401.272    -0.037
-556.318    401.253    -0.037
-557.818    401.241    -0.037
-559.219    401.258    -0.037
-560.719    401.288    -0.037
-562.220    401.329    -0.037
-563.618    401.375    -0.038
-565.118    401.425    -0.038
-566.517    401.491    -0.038
-568.015    401.583    -0.038
-569.412    401.678    -0.038
-571.009    401.787    -0.038
-572.506    401.892    -0.038
-573.803    401.988    -0.038
-575.197    402.116    -0.039
-576.690    402.276    -0.039
-578.181    402.439    -0.039
-579.673    402.605    -0.039
-581.063    402.771    -0.039
-582.449    402.968    -0.039
-583.833    403.185    -0.039
-585.214    403.417    -0.040
-586.691    403.682    -0.040
-588.067    403.944    -0.040
-589.539    404.234    -0.040
-590.808    404.518    -0.040
-592.268    404.867    -0.040
-593.534    405.163    -0.040
-595.079    405.581    -0.041
-596.430    405.951    -0.041
-597.778    406.328    -0.041
-599.216    406.758    -0.041
-600.456    407.149    -0.041
-601.876    407.634    -0.041
-603.295    408.123    -0.042
-604.613    408.596    -0.042
-605.831    409.048    -0.042
-607.226    409.602    -0.042
-608.616    410.167    -0.042
-610.006    410.733    -0.042
-611.290    411.293    -0.043
-612.576    411.847    -0.043
-613.932    412.491    -0.043
-615.205    413.076    -0.043
-616.563    413.711    -0.043
-617.818    414.332    -0.043
-619.068    414.965    -0.044
-620.494    415.691    -0.044
-621.460    416.217    -0.044
-622.876    416.961    -0.044
-623.999    417.619    -0.044
-625.386    418.416    -0.044
-626.505    419.080    -0.045
-627.593    419.790    -0.045
-628.916    420.691    -0.045
-629.976    421.444    -0.045
-631.006    422.239    -0.045
-631.762    422.893    -0.045
-632.969    423.945    -0.046
-634.099    424.932    -0.046
-635.132    425.878    -0.046
-636.077    426.771    -0.046
-637.158    427.811    -0.046
-638.156    428.794    -0.046
-639.211    429.860    -0.047
-640.188    430.865    -0.047
-641.151    431.881    -0.047
-642.096    432.915    -0.047
-643.091    434.037    -0.047
-644.030    435.077    -0.047
-644.999    436.222    -0.048
-645.819    437.233    -0.048
-646.685    438.333    -0.048
-647.601    439.522    -0.048
-648.514    440.712    -0.048
-649.352    441.834    -0.048
-650.107    442.893    -0.049
-650.895    444.051    -0.049
-651.662    445.222    -0.049
-652.418    446.402    -0.049
-653.147    447.597    -0.049
-653.901    448.895    -0.049
-654.654    450.193    -0.049
-655.279    451.333    -0.050
-655.938    452.569    -0.050
-656.628    453.901    -0.050
-657.245    455.159    -0.050
-657.897    456.509    -0.050
-658.408    457.595    -0.050
-658.995    458.976    -0.051
-659.523    460.274    -0.051
-660.083    461.666    -0.051
-660.636    463.061    -0.051
-661.081    464.283    -0.051
-661.549    465.602    -0.051
-661.998    466.929    -0.051
-662.437    468.364    -0.052
-662.798    469.613    -0.052
-663.198    471.059    -0.052
-663.553    472.415    -0.052
-663.895    473.772    -0.052
-664.216    475.136    -0.052
-664.502    476.608    -0.052
-664.748    477.885    -0.053
-664.992    479.264    -0.053
-665.216    480.647    -0.053
-665.423    482.133    -0.053
-665.609    483.521    -0.053
-665.762    484.913    -0.053
-665.924    486.406    -0.053
-666.041    487.800    -0.053
-666.138    489.097    -0.054
-666.210    490.596    -0.054
-666.269    491.996    -0.054
-666.299    493.296    -0.054
-666.319    494.995    -0.054
-666.312    496.196    -0.054
-666.272    497.596    -0.054
-666.247    499.096    -0.054
-666.142    500.393    -0.054
-666.050    501.891    -0.055
-665.918    503.385    -0.055
-665.794    504.679    -0.055
-665.651    505.972    -0.055
-665.421    507.455    -0.055
-665.221    508.941    -0.055
-664.992    510.222    -0.055
-664.721    511.697    -0.055
-664.452    513.072    -0.055
-664.137    514.539    -0.055
-663.852    515.808    -0.055
-663.502    517.267    -0.056
-663.164    518.523    -0.056
-662.743    519.963    -0.056
-662.323    521.404    -0.056
-661.861    522.831    -0.056
-661.534    523.882    -0.056
-661.021    525.291    -0.056
-660.499    526.699    -0.056
-660.040    527.915    -0.056
-659.482    529.308    -0.056
-658.935    530.597    -0.056
-658.356    531.873    -0.056
-657.725    533.234    -0.056
-657.121    534.498    -0.056
-656.499    535.752    -0.056
-655.861    536.998    -0.056
-655.155    538.323    -0.056
-654.524    539.459    -0.056
-653.814    540.667    -0.056
-653.046    541.955    -0.056
-652.312    543.148    -0.057
-651.598    544.236    -0.057
-650.767    545.485    -0.057
-649.980    546.643    -0.057
-649.222    547.700    -0.057
-648.259    548.978    -0.057
-647.368    550.186    -0.057
-646.565    551.210    -0.057
-645.750    552.222    -0.057
-644.785    553.371    -0.057
-643.874    554.434    -0.057
-643.020    555.416    -0.057
-642.005    556.520    -0.057
-640.977    557.614    -0.057
-640.066    558.542    -0.057
-638.997    559.595    -0.057
-637.927    560.647    -0.057
-636.906    561.605    -0.057
-635.943    562.479    -0.057
-634.885    563.397    -0.057
-633.735    564.361    -0.056
-632.652    565.249    -0.056
-631.628    566.050    -0.056
-630.354    567.019    -0.056
-629.247    567.877    -0.056
-628.201    568.649    -0.056
-626.968    569.505    -0.056
-625.805    570.285    -0.056
-624.639    571.061    -0.056
-623.542    571.758    -0.056
-622.172    572.588    -0.056
-621.053    573.248    -0.056
-619.741    573.977    -0.056
-618.510    574.646    -0.056
-617.281    575.316    -0.056
-616.025    575.937    -0.056
-614.768    576.552    -0.056
-613.411    577.195    -0.056
-612.242    577.762    -0.056
-610.863    578.356    -0.056
-609.658    578.844    -0.055
-608.259    579.385    -0.055
-606.856    579.920    -0.055
-605.451    580.445    -0.055
-604.317    580.838    -0.055
-603.076    581.225    -0.055
-601.635    581.645    -0.055
-600.194    582.063    -0.055
-598.943    582.419    -0.055
-597.485    582.774    -0.055
-596.122    583.094    -0.055
-594.659    583.427    -0.054
-593.388    583.706    -0.054
-591.912    583.977    -0.054
-590.534    584.228    -0.054
-589.152    584.450    -0.054
-587.666    584.652    -0.054
-586.374    584.808    -0.054
-584.884    584.985    -0.054
-583.490    585.113    -0.054
-582.094    585.234    -0.053
-580.696    585.309    -0.053
-579.297    585.373    -0.053
-577.798    585.427    -0.053
-576.298    585.481    -0.053
-575.098    585.469    -0.053
-573.597    585.445    -0.053
-572.097    585.419    -0.053
-570.898    585.376    -0.052
-569.402    585.261    -0.052
-567.905    585.146    -0.052
-566.510    585.025    -0.052
-565.119    584.868    -0.052
-563.829    584.701    -0.052
-562.345    584.479    -0.052
-560.861    584.257    -0.051
-559.580    584.033    -0.051
-558.106    583.752    -0.051
-556.633    583.471    -0.051
-555.458    583.224    -0.051
-554.002    582.860    -0.051
-552.546    582.496    -0.051
-551.091    582.133    -0.050
-549.635    581.769    -0.050
-548.485    581.424    -0.050
-547.052    580.979    -0.050
-545.813    580.586    -0.050
-544.399    580.083    -0.050
-542.985    579.582    -0.050
-541.571    579.079    -0.049
-540.446    578.660    -0.049
-539.059    578.087    -0.049
-537.672    577.515    -0.049
-536.285    576.942    -0.049
-535.083    576.447    -0.049
-533.817    575.850    -0.048
-532.459    575.209    -0.048
-531.102    574.569    -0.048
-529.852    573.936    -0.048
-528.604    573.302    -0.048
-527.376    572.628    -0.048
-526.062    571.904    -0.047
-524.748    571.180    -0.047
-523.434    570.456    -0.047
-522.120    569.731    -0.047
-521.006    569.059    -0.047
-519.722    568.283    -0.047
-518.608    567.611    -0.046
-517.351    566.792    -0.046
-516.008    565.921    -0.046
-514.834    565.158    -0.046
-513.753    564.435    -0.046
-512.528    563.569    -0.046
-511.303    562.702    -0.045
-510.078    561.835    -0.045
-508.853    560.968    -0.045
-507.809    560.194    -0.045
-506.618    559.281    -0.045
-505.428    558.368    -0.045
-504.398    557.573    -0.044
-503.151    556.569    -0.044
-502.060    555.692    -0.044
-500.891    554.750    -0.044
-499.722    553.810    -0.044
-498.632    552.931    -0.044
-497.571    552.017    -0.043
-496.435    551.036    -0.043
-495.298    550.057    -0.043
-494.168    549.070    -0.043
-493.131    548.129    -0.043
-492.019    547.121    -0.042
-490.907    546.112    -0.042
-489.797    545.104    -0.042
-488.768    544.154    -0.042
-487.665    543.137    -0.042
-486.643    542.180    -0.042
-485.574    541.127    -0.041
-484.504    540.074    -0.041
-483.434    539.021    -0.041
-482.364    537.969    -0.041
-481.375    536.979    -0.041
-480.326    535.906    -0.041
-479.277    534.833    -0.040
-478.228    533.760    -0.040
-477.179    532.687    -0.040
-476.130    531.614    -0.040
-475.080    530.541    -0.040
-474.032    529.468    -0.040
-472.982    528.395    -0.039
-472.026    527.373    -0.039
-471.001    526.276    -0.039
-469.976    525.180    -0.039
-468.951    524.084    -0.039
-467.995    523.061    -0.039
-466.902    521.892    -0.038
-465.878    520.795    -0.038
-464.853    519.699    -0.038
-463.828    518.603    -0.038
-462.810    517.501    -0.038
-461.863    516.468    -0.038
-460.849    515.363    -0.038
-459.835    514.257    -0.037
-458.821    513.152    -0.037
-457.806    512.045    -0.037
-456.791    510.940    -0.037
-455.709    509.760    -0.037
-454.762    508.729    -0.037
-453.748    507.624    -0.036
-452.665    506.444    -0.036
-451.719    505.412    -0.036
-450.704    504.306    -0.036
-449.689    503.201    -0.036
-448.608    502.021    -0.036
-447.662    500.988    -0.035
-446.648    499.882    -0.035
-445.566    498.702    -0.035
-444.621    497.670    -0.035
-443.606    496.563    -0.035
-442.592    495.457    -0.035
-441.511    494.277    -0.034
-440.565    493.245    -0.034
-439.552    492.138    -0.034
-438.538    491.032    -0.034
-437.525    489.925    -0.034
-436.510    488.819    -0.034
-435.497    487.712    -0.034
-434.483    486.606    -0.033
-433.470    485.499    -0.033
-432.458    484.392    -0.033
-431.445    483.285    -0.033
-430.433    482.177    -0.033
-429.419    481.070    -0.033
-428.407    479.963    -0.032
-427.394    478.856    -0.032
-426.382    477.747    -0.032
-425.369    476.640    -0.032
-424.356    475.534    -0.032
-423.342    474.427    -0.032
-422.329    473.320    -0.032
-421.248    472.140    -0.031
-420.302    471.107    -0.031
-419.289    470.001    -0.031
-418.275    468.895    -0.031
-417.262    467.788    -0.031
-416.248    466.681    -0.031
-415.235    465.574    -0.031
-414.222    464.467    -0.030
-413.210    463.359    -0.030
-412.197    462.253    -0.030
-411.183    461.146    -0.030
-410.170    460.039    -0.030
-409.157    458.931    -0.030
-408.144    457.825    -0.030
-407.131    456.718    -0.029
-406.120    455.610    -0.029
-405.108    454.502    -0.029
-404.095    453.394    -0.029
-403.082    452.287    -0.029
-402.069    451.181    -0.029
-401.056    450.074    -0.029
-400.042    448.967    -0.028
-399.029    447.860    -0.028
-397.945    446.682    -0.028
-396.929    445.578    -0.028
-395.913    444.474    -0.028
-394.897    443.370    -0.028
-393.948    442.339    -0.028
-392.932    441.235    -0.027
-391.916    440.131    -0.027
-390.903    439.024    -0.027
-389.889    437.918    -0.027
-388.875    436.811    -0.027
-387.862    435.705    -0.027
-386.849    434.598    -0.027
-385.836    433.491    -0.026
-384.823    432.384    -0.026
-383.810    431.278    -0.026
-382.796    430.171    -0.026
-381.783    429.064    -0.026
-380.769    427.957    -0.026
-379.756    426.851    -0.026
-378.743    425.744    -0.025
-377.731    424.636    -0.025
-376.718    423.529    -0.025
-375.704    422.423    -0.025
-374.623    421.242    -0.025
-373.677    420.210    -0.025
-372.664    419.102    -0.025
-371.651    417.996    -0.025
-370.638    416.889    -0.024
-369.624    415.783    -0.024
-368.611    414.675    -0.024
-367.598    413.568    -0.024
-366.586    412.461    -0.024
-365.574    411.354    -0.024
-364.561    410.245    -0.024
-363.549    409.138    -0.024
-362.535    408.031    -0.023
-361.523    406.924    -0.023
-360.510    405.817    -0.023
-359.498    404.709    -0.023
-358.485    403.602    -0.023
-357.472    402.495    -0.023
-356.456    401.391    -0.023
-355.440    400.286    -0.022
-354.424    399.182    -0.022
-353.408    398.078    -0.022
-352.394    396.972    -0.022
-351.382    395.864    -0.022
-350.371    394.755    -0.022
-349.358    393.648    -0.022
-348.346    392.540    -0.022
-347.333    391.433    -0.021
-346.320    390.326    -0.021
-345.307    389.219    -0.021
-344.294    388.113    -0.021
-343.280    387.006    -0.021
-342.264    385.900    -0.021
-341.248    384.797    -0.021
-340.164    383.619    -0.021
-339.215    382.590    -0.021
-338.130    381.412    -0.020
-337.266    380.441    -0.020
-336.268    379.321    -0.020
-335.192    378.139    -0.020
-334.175    377.036    -0.020
-333.089    375.860    -0.020
-332.140    374.830    -0.020
-331.125    373.725    -0.020
-330.113    372.618    -0.019
-329.100    371.509    -0.019
-328.087    370.403    -0.019
-327.070    369.299    -0.019
-325.985    368.122    -0.019
-325.037    367.093    -0.019
-324.022    365.986    -0.019
-323.008    364.881    -0.019
-321.993    363.775    -0.019
-320.912    362.595    -0.018
-319.965    361.563    -0.018
-318.951    360.457    -0.018
-317.937    359.352    -0.018
-316.854    358.172    -0.018
-315.908    357.141    -0.018
-314.893    356.035    -0.018
-313.878    354.929    -0.018
-312.863    353.824    -0.018
-311.849    352.719    -0.017
-310.835    351.612    -0.017
-309.824    350.503    -0.017
-308.813    349.395    -0.017
-307.801    348.287    -0.017
-306.788    347.180    -0.017
-305.775    346.072    -0.017
-304.763    344.965    -0.017
-303.750    343.858    -0.017
-302.737    342.752    -0.016
-301.723    341.644    -0.016
-300.710    340.537    -0.016
-299.697    339.431    -0.016
-298.615    338.250    -0.016
-297.670    337.218    -0.016
-296.657    336.111    -0.016
-295.644    335.003    -0.016
-294.631    333.896    -0.016
-293.618    332.790    -0.015
-292.605    331.682    -0.015
-291.591    330.576    -0.015
-290.577    329.471    -0.015
-289.563    328.365    -0.015
-288.548    327.258    -0.015
-287.536    326.151    -0.015
-286.524    325.043    -0.015
-285.512    323.936    -0.015
-284.500    322.827    -0.015
-283.487    321.721    -0.014
-282.473    320.614    -0.014
-281.459    319.508    -0.014
-280.378    318.328    -0.014
-279.431    317.295    -0.014
-278.417    316.190    -0.014
-277.403    315.084    -0.014
-276.391    313.977    -0.014
-275.378    312.868    -0.014
-274.365    311.761    -0.014
-273.351    310.655    -0.013
-272.338    309.549    -0.013
-271.324    308.443    -0.013
-270.311    307.336    -0.013
-269.229    306.155    -0.013
-268.283    305.123    -0.013
-267.269    304.018    -0.013
-266.255    302.911    -0.013
-265.240    301.806    -0.013
-264.226    300.700    -0.013
-263.212    299.595    -0.012
-262.200    298.486    -0.012
-261.186    297.379    -0.012
-260.174    296.272    -0.012
-259.161    295.165    -0.012
-258.148    294.058    -0.012
-257.136    292.950    -0.012
-256.123    291.843    -0.012
-255.109    290.736    -0.012
-254.097    289.630    -0.012
-253.084    288.522    -0.012
-252.071    287.415    -0.011
-251.057    286.310    -0.011
-249.974    285.130    -0.011
-249.028    284.098    -0.011
-248.013    282.992    -0.011
-246.999    281.886    -0.011
-245.986    280.780    -0.011
-244.973    279.673    -0.011
-243.961    278.564    -0.011
-242.948    277.457    -0.011
-241.935    276.350    -0.011
-240.923    275.243    -0.011
-239.909    274.136    -0.010
-238.893    273.032    -0.010
-237.808    271.854    -0.010
-236.860    270.825    -0.010
-235.775    269.647    -0.010
-234.826    268.617    -0.010
-233.810    267.513    -0.010
-232.726    266.336    -0.010
-231.777    265.306    -0.010
-230.761    264.202    -0.010
-229.748    263.095    -0.010
-228.736    261.987    -0.009
-227.723    260.880    -0.009
-226.711    259.772    -0.009
-225.699    258.663    -0.009
-224.687    257.556    -0.009
-223.675    256.449    -0.009
-222.662    255.342    -0.009
-221.648    254.235    -0.009
-220.633    253.129    -0.009
-219.620    252.023    -0.009
-218.606    250.917    -0.009
-217.592    249.811    -0.009
-216.510    248.631    -0.009
-215.565    247.598    -0.008
-214.552    246.491    -0.008
-213.539    245.384    -0.008
-212.527    244.275    -0.008
-211.515    243.168    -0.008
-210.502    242.061    -0.008
-209.487    240.956    -0.008
-208.404    239.777    -0.008
-207.456    238.745    -0.008
-206.441    237.641    -0.008
-205.425    236.537    -0.008
-204.410    235.432    -0.008
-203.394    234.327    -0.008
-202.310    233.150    -0.007
-201.363    232.118    -0.007
-200.346    231.014    -0.007
-199.330    229.910    -0.007
-198.315    228.805    -0.007
-197.304    227.696    -0.007
-196.293    226.588    -0.007
-195.281    225.480    -0.007
-194.270    224.371    -0.007
-193.257    223.263    -0.007
-192.246    222.155    -0.007
-191.235    221.047    -0.007
-190.291    220.011    -0.007
-189.214    218.828    -0.007
-188.133    217.646    -0.006
-187.183    216.618    -0.006
-186.098    215.441    -0.006
-185.148    214.412    -0.006
-184.130    213.309    -0.006
-183.113    212.207    -0.006
-182.101    211.099    -0.006
-181.090    209.990    -0.006
-180.077    208.882    -0.006
-179.066    207.774    -0.006
-178.055    206.666    -0.006
-177.043    205.557    -0.006
-176.030    204.450    -0.006
-175.015    203.345    -0.006
-173.999    202.241    -0.006
-172.983    201.137    -0.006
-171.968    200.031    -0.005
-170.954    198.925    -0.005
-169.940    197.819    -0.005
-168.857    196.640    -0.005
-167.843    195.534    -0.005
-166.898    194.501    -0.005
-165.885    193.393    -0.005
-164.873    192.286    -0.005
-163.861    191.178    -0.005
-162.849    190.070    -0.005
-161.837    188.962    -0.005
-160.825    187.855    -0.005
-159.812    186.747    -0.005
-158.800    185.638    -0.005
-157.788    184.531    -0.005
-156.776    183.424    -0.005
-155.764    182.316    -0.005
-154.751    181.208    -0.004
-153.739    180.101    -0.004
-152.726    178.993    -0.004
-151.713    177.887    -0.004
-150.700    176.779    -0.004
-149.686    175.673    -0.004
-148.673    174.567    -0.004
-147.659    173.461    -0.004
-146.645    172.355    -0.004
-145.631    171.247    -0.004
-144.550    170.068    -0.004
-143.604    169.035    -0.004
-142.590    167.929    -0.004
-141.577    166.822    -0.004
-140.563    165.716    -0.004
-139.549    164.609    -0.004
-138.535    163.504    -0.004
-137.521    162.398    -0.004
-136.508    161.291    -0.004
-135.494    160.184    -0.003
-134.481    159.078    -0.003
-133.468    157.971    -0.003
-132.455    156.863    -0.003
-131.443    155.755    -0.003
-130.500    154.720    -0.003
-129.424    153.536    -0.003
-128.414    152.425    -0.003
-127.402    151.318    -0.003
-126.390    150.210    -0.003
-125.378    149.102    -0.003
-124.366    147.994    -0.003
-123.354    146.886    -0.003
-122.341    145.779    -0.003
-121.329    144.672    -0.003
-120.315    143.565    -0.003
-119.303    142.456    -0.003
-118.291    141.349    -0.003
-117.279    140.242    -0.003
-116.266    139.135    -0.003
-115.254    138.027    -0.003
-114.240    136.920    -0.002
-113.227    135.812    -0.002
-112.215    134.705    -0.002
-111.202    133.598    -0.002
-110.189    132.491    -0.002
-109.176    131.384    -0.002
-108.094    130.204    -0.002
-107.147    129.172    -0.002
-106.133    128.066    -0.002
-105.119    126.960    -0.002
-104.105    125.855    -0.002
-103.091    124.749    -0.002
-102.008    123.570    -0.002
-101.062    122.537    -0.002
-100.047    121.432    -0.002
-99.033    120.326    -0.002
-98.018    119.220    -0.002
-97.004    118.115    -0.002
-95.989    117.009    -0.002
-94.977    115.902    -0.002
-93.966    114.793    -0.002
-92.955    113.684    -0.002
-91.944    112.575    -0.002
-90.933    111.466    -0.002
-89.922    110.358    -0.002
-88.912    109.248    -0.002
-87.901    108.139    -0.002
-86.888    107.032    -0.001
-85.806    105.852    -0.001
-84.859    104.820    -0.001
-83.845    103.714    -0.001
-82.831    102.609    -0.001
-81.748    101.429    -0.001
-80.801    100.398    -0.001
-79.786    99.292    -0.001
-78.773    98.185    -0.001
-77.760    97.079    -0.001
-76.747    95.972    -0.001
-75.734    94.864    -0.001
-74.721    93.758    -0.001
-73.639    92.578    -0.001
-72.693    91.545    -0.001
-71.680    90.438    -0.001
-70.666    89.332    -0.001
-69.652    88.227    -0.001
-68.637    87.121    -0.001
-67.623    86.016    -0.001
-66.607    84.910    -0.001
-65.593    83.805    -0.001
-64.578    82.699    -0.001
-63.563    81.594    -0.001
-62.549    80.488    -0.001
-61.534    79.383    -0.001
-60.519    78.278    -0.001
-59.503    77.174    -0.001
-58.488    76.069    -0.001
-57.473    74.963    -0.001
-56.458    73.858    -0.001
-55.374    72.680    -0.001
-54.429    71.648    -0.001
-53.416    70.540    -0.001
-52.402    69.433    -0.001
-51.389    68.327    -0.001
-50.375    67.220    -0.001
-49.361    66.115    -0.001
-48.276    64.938    -0.001
-47.328    63.907    -0.000
-46.312    62.803    -0.000
-45.294    61.700    -0.000
-44.210    60.523    -0.000
-43.264    59.490    -0.000
-42.253    58.381    -0.000
-41.243    57.272    -0.000
-40.232    56.164    -0.000
-39.149    54.985    -0.000
-38.131    53.883    -0.000
-37.180    52.853    -0.000
-36.162    51.751    -0.000
-35.144    50.649    -0.000
-34.130    49.542    -0.000
-33.118    48.435    -0.000
-32.036    47.255    -0.000
-31.022    46.149    -0.000
-30.075    45.117    -0.000
-29.060    44.012    -0.000
-28.045    42.907    -0.000
-27.033    41.799    -0.000
-26.023    40.690    -0.000
-25.079    39.655    -0.000
-24.001    38.471    -0.000
-22.982    37.370    -0.000
-21.960    36.272    -0.000
-20.869    35.100    -0.000
-19.922    34.068    -0.000
-18.914    32.957    -0.000
-17.904    31.847    -0.000
-16.895    30.736    -0.000
-15.884    29.627    -0.000
-14.873    28.519    -0.000
-13.861    27.411    -0.000
-12.777    26.233    -0.000
-11.826    25.205    -0.000
-10.806    24.104    -0.000
-9.788    23.002    -0.000
-8.777    21.894    -0.000
-7.765    20.785    -0.000
-6.753    19.677    -0.000
-5.742    18.569    -0.000
-4.732    17.460    -0.000
-3.720    16.351    -0.000
-2.710    15.241    -0.000
-1.698    14.133    -0.000
-0.686    13.026    -0.000
0.327    11.919    -0.000
1.339    10.811    -0.000
2.353    9.704    -0.000
3.366    8.597    -0.000
4.379    7.490    -0.000
5.392    6.383    -0.000
6.474    5.204    -0.000
7.421    4.172    -0.000
8.436    3.068    -0.000
9.453    1.964    -0.000
10.467    0.857    -0.000
11.479    -0.250    -0.000
12.491    -1.358    -0.000
13.504    -2.465    -0.000
14.516    -3.573    -0.000
15.529    -4.680    -0.000
16.542    -5.787    -0.000
17.623    -6.968    -0.000
18.569    -8.001    -0.000
19.583    -9.107    -0.000
20.597    -10.212    -0.000
21.610    -11.319    -0.000
22.625    -12.424    -0.000
23.640    -13.531    -0.000
24.654    -14.636    -0.000
25.668    -15.742    -0.000
26.682    -16.848    -0.000
27.696    -17.954    -0.000
28.779    -19.133    -0.000
29.724    -20.167    -0.000
30.733    -21.276    -0.000
31.743    -22.387    -0.000
32.753    -23.497    -0.000
33.763    -24.606    -0.000
34.775    -25.713    -0.000
35.789    -26.821    -0.000
36.803    -27.927    -0.000
37.817    -29.033    -0.000
38.901    -30.211    -0.000
39.918    -31.314    -0.000
40.867    -32.344    -0.000
41.953    -33.519    -0.000
42.899    -34.553    -0.000
43.909    -35.662    -0.000
44.919    -36.772    -0.000
45.929    -37.881    -0.000
47.012    -39.061    -0.000
47.959    -40.091    -0.000
49.044    -41.269    -0.000
49.991    -42.301    -0.000
51.002    -43.409    -0.000
52.013    -44.518    -0.000
53.024    -45.626    -0.000
54.105    -46.807    -0.000
55.051    -47.840    -0.000
56.066    -48.945    -0.000
57.080    -50.051    -0.000
58.094    -51.157    -0.000
59.108    -52.263    -0.000
60.121    -53.369    -0.001
61.136    -54.475    -0.001
62.150    -55.581    -0.001
63.165    -56.687    -0.001
64.177    -57.795    -0.001
65.188    -58.903    -0.001
66.199    -60.012    -0.001
67.211    -61.120    -0.001
68.224    -62.227    -0.001
69.239    -63.333    -0.001
70.252    -64.439    -0.001
71.266    -65.545    -0.001
72.281    -66.651    -0.001
73.296    -67.756    -0.001
74.311    -68.860    -0.001
75.325    -69.966    -0.001
76.406    -71.147    -0.001
77.351    -72.181    -0.001
78.364    -73.288    -0.001
79.446    -74.467    -0.001
80.393    -75.500    -0.001
81.407    -76.605    -0.001
82.422    -77.710    -0.001
83.435    -78.817    -0.001
84.447    -79.925    -0.001
85.459    -81.034    -0.001
86.473    -82.140    -0.001
87.487    -83.245    -0.001
88.502    -84.350    -0.001
89.517    -85.457    -0.001
90.530    -86.563    -0.001
91.544    -87.669    -0.001
92.558    -88.775    -0.001
93.572    -89.881    -0.001
94.586    -90.987    -0.001
95.599    -92.094    -0.001
96.613    -93.201    -0.001
97.625    -94.308    -0.001
98.638    -95.416    -0.001
99.651    -96.523    -0.002
100.664    -97.629    -0.002
101.677    -98.736    -0.002
102.690    -99.843    -0.002
103.704    -100.950    -0.002
104.717    -102.057    -0.002
105.730    -103.163    -0.002
106.743    -104.270    -0.002
107.756    -105.378    -0.002
108.769    -106.484    -0.002
109.784    -107.590    -0.002
110.798    -108.696    -0.002
111.812    -109.802    -0.002
112.826    -110.908    -0.002
113.841    -112.013    -0.002
114.855    -113.119    -0.002
115.869    -114.226    -0.002
116.883    -115.332    -0.002
117.896    -116.438    -0.002
118.910    -117.545    -0.002
119.922    -118.652    -0.002
120.934    -119.760    -0.002
121.946    -120.868    -0.002
122.959    -121.975    -0.002
123.972    -123.082    -0.002
124.986    -124.189    -0.002
126.001    -125.294    -0.002
127.015    -126.399    -0.003
128.030    -127.505    -0.003
129.045    -128.609    -0.003
130.129    -129.788    -0.003
131.077    -130.819    -0.003
132.093    -131.923    -0.003
133.108    -133.027    -0.003
134.191    -134.207    -0.003
135.137    -135.239    -0.003
136.151    -136.345    -0.003
137.163    -137.453    -0.003
138.174    -138.563    -0.003
139.186    -139.671    -0.003
140.198    -140.778    -0.003
141.211    -141.884    -0.003
142.225    -142.990    -0.003
143.239    -144.097    -0.003
144.322    -145.275    -0.003
145.269    -146.308    -0.003
146.283    -147.414    -0.003
147.364    -148.594    -0.003
148.311    -149.626    -0.003
149.325    -150.732    -0.004
150.339    -151.837    -0.004
151.354    -152.943    -0.004
152.367    -154.050    -0.004
153.381    -155.156    -0.004
154.395    -156.262    -0.004
155.409    -157.368    -0.004
156.423    -158.475    -0.004
157.436    -159.581    -0.004
158.517    -160.762    -0.004
159.462    -161.795    -0.004
160.475    -162.903    -0.004
161.487    -164.010    -0.004
162.500    -165.117    -0.004
163.513    -166.224    -0.004
164.526    -167.331    -0.004
165.539    -168.439    -0.004
166.551    -169.546    -0.004
167.564    -170.653    -0.004
168.577    -171.760    -0.005
169.590    -172.868    -0.005
170.603    -173.974    -0.005
171.618    -175.080    -0.005
172.632    -176.186    -0.005
173.645    -177.293    -0.005
174.659    -178.399    -0.005
175.673    -179.505    -0.005
176.687    -180.611    -0.005
177.701    -181.717    -0.005
178.715    -182.824    -0.005
179.729    -183.930    -0.005
180.742    -185.036    -0.005
181.756    -186.142    -0.005
182.769    -187.250    -0.005
183.782    -188.356    -0.005
184.796    -189.463    -0.005
185.810    -190.569    -0.006
186.823    -191.675    -0.006
187.836    -192.783    -0.006
188.849    -193.890    -0.006
189.861    -194.997    -0.006
190.873    -196.104    -0.006
191.887    -197.212    -0.006
192.899    -198.320    -0.006
193.912    -199.427    -0.006
194.924    -200.534    -0.006
195.937    -201.642    -0.006
196.949    -202.749    -0.006
197.963    -203.856    -0.006
198.975    -204.963    -0.006
199.988    -206.071    -0.006
201.000    -207.178    -0.007
202.013    -208.285    -0.007
203.025    -209.393    -0.007
204.106    -210.574    -0.007
205.051    -211.608    -0.007
206.067    -212.712    -0.007
207.083    -213.816    -0.007
208.099    -214.920    -0.007
209.183    -216.097    -0.007
210.128    -217.131    -0.007
211.142    -218.238    -0.007
212.154    -219.345    -0.007
213.167    -220.452    -0.007
214.179    -221.561    -0.007
215.191    -222.668    -0.008
216.204    -223.775    -0.008
217.216    -224.882    -0.008
218.230    -225.990    -0.008
219.311    -227.170    -0.008
220.257    -228.202    -0.008
221.270    -229.308    -0.008
222.284    -230.416    -0.008
223.298    -231.521    -0.008
224.313    -232.627    -0.008
225.328    -233.732    -0.008
226.343    -234.837    -0.008
227.358    -235.942    -0.008
228.373    -237.048    -0.009
229.456    -238.227    -0.009
230.471    -239.332    -0.009
231.417    -240.363    -0.009
232.433    -241.468    -0.009
233.448    -242.573    -0.009
234.463    -243.678    -0.009
235.478    -244.783    -0.009
236.492    -245.889    -0.009
237.507    -246.994    -0.009
238.522    -248.099    -0.009
239.538    -249.204    -0.009
240.553    -250.310    -0.009
241.563    -251.419    -0.010
242.572    -252.530    -0.010
243.581    -253.640    -0.010
244.661    -254.822    -0.010
245.675    -255.928    -0.010
246.622    -256.960    -0.010
247.636    -258.065    -0.010
248.719    -259.245    -0.010
249.733    -260.351    -0.010
250.748    -261.457    -0.010
251.693    -262.488    -0.010
252.708    -263.594    -0.010
253.722    -264.701    -0.011
254.736    -265.806    -0.011
255.819    -266.986    -0.011
256.764    -268.018    -0.011
257.778    -269.124    -0.011
258.791    -270.232    -0.011
259.805    -271.339    -0.011
260.817    -272.446    -0.011
261.828    -273.554    -0.011
262.840    -274.663    -0.011
263.851    -275.771    -0.011
264.863    -276.879    -0.012
265.877    -277.985    -0.012
266.891    -279.092    -0.012
267.905    -280.198    -0.012
268.918    -281.304    -0.012
269.932    -282.411    -0.012
270.945    -283.518    -0.012
271.959    -284.624    -0.012
272.973    -285.730    -0.012
273.987    -286.836    -0.012
274.999    -287.944    -0.012
276.011    -289.052    -0.013
277.023    -290.159    -0.013
278.105    -291.340    -0.013
279.051    -292.372    -0.013
280.065    -293.479    -0.013
281.079    -294.585    -0.013
282.093    -295.691    -0.013
283.106    -296.796    -0.013
284.122    -297.901    -0.013
285.206    -299.079    -0.013
286.154    -300.111    -0.013
287.170    -301.215    -0.014
288.253    -302.393    -0.014
289.201    -303.424    -0.014
290.212    -304.533    -0.014
291.223    -305.641    -0.014
292.234    -306.750    -0.014
293.246    -307.859    -0.014
294.257    -308.967    -0.014
295.270    -310.074    -0.014
296.285    -311.179    -0.014
297.369    -312.357    -0.015
298.316    -313.388    -0.015
299.333    -314.493    -0.015
300.349    -315.597    -0.015
301.365    -316.700    -0.015
302.378    -317.808    -0.015
303.390    -318.916    -0.015
304.402    -320.023    -0.015
305.414    -321.131    -0.015
306.427    -322.238    -0.016
307.510    -323.417    -0.016
308.526    -324.522    -0.016
309.542    -325.626    -0.016
310.559    -326.729    -0.016
311.507    -327.760    -0.016
312.520    -328.867    -0.016
313.532    -329.975    -0.016
314.543    -331.083    -0.016
315.554    -332.192    -0.016
316.566    -333.300    -0.017
317.577    -334.408    -0.017
318.591    -335.515    -0.017
319.605    -336.620    -0.017
320.620    -337.727    -0.017
321.634    -338.833    -0.017
322.648    -339.938    -0.017
323.663    -341.044    -0.017
324.676    -342.151    -0.017
325.689    -343.258    -0.018
326.703    -344.364    -0.018
327.716    -345.471    -0.018
328.730    -346.577    -0.018
329.744    -347.684    -0.018
330.761    -348.786    -0.018
331.779    -349.889    -0.018
332.865    -351.065    -0.018
333.883    -352.167    -0.018
334.901    -353.269    -0.019
335.780    -354.227    -0.019
336.787    -355.340    -0.019
337.862    -356.526    -0.019
338.869    -357.638    -0.019
339.877    -358.750    -0.019
340.885    -359.861    -0.019
341.894    -360.972    -0.019
342.909    -362.078    -0.020
343.923    -363.184    -0.020
344.937    -364.289    -0.020
345.951    -365.395    -0.020
346.966    -366.501    -0.020
347.981    -367.607    -0.020
348.996    -368.712    -0.020
350.010    -369.817    -0.020
351.025    -370.923    -0.020
352.040    -372.028    -0.021
353.055    -373.133    -0.021
354.069    -374.239    -0.021
355.073    -375.355    -0.021
356.077    -376.470    -0.021
357.157    -377.655    -0.021
358.190    -378.744    -0.021
359.154    -379.759    -0.021
360.169    -380.864    -0.022
361.184    -381.970    -0.022
362.195    -383.079    -0.022
363.206    -384.187    -0.022
364.217    -385.296    -0.022
365.226    -386.407    -0.022
366.235    -387.517    -0.022
367.247    -388.626    -0.022
368.260    -389.733    -0.023
369.272    -390.841    -0.023
370.285    -391.948    -0.023
371.298    -393.054    -0.023
372.312    -394.160    -0.023
373.396    -395.339    -0.023
374.344    -396.370    -0.023
375.359    -397.475    -0.023
376.375    -398.579    -0.024
377.390    -399.683    -0.024
378.405    -400.789    -0.024
379.415    -401.899    -0.024
380.424    -403.009    -0.024
381.435    -404.118    -0.024
382.445    -405.229    -0.024
383.455    -406.338    -0.024
384.465    -407.447    -0.025
385.475    -408.557    -0.025
386.485    -409.667    -0.025
387.496    -410.776    -0.025
388.510    -411.882    -0.025
389.592    -413.061    -0.025
390.539    -414.094    -0.025
391.553    -415.199    -0.026
392.567    -416.305    -0.026
393.650    -417.484    -0.026
394.596    -418.518    -0.026
395.607    -419.626    -0.026
396.618    -420.734    -0.026
397.629    -421.842    -0.026
398.641    -422.950    -0.027
399.652    -424.059    -0.027
400.666    -425.167    -0.027
401.678    -426.274    -0.027
402.691    -427.381    -0.027
403.704    -428.488    -0.027
404.717    -429.595    -0.027
405.730    -430.701    -0.027
406.745    -431.807    -0.028
407.762    -432.912    -0.028
408.846    -434.088    -0.028
409.795    -435.118    -0.028
410.812    -436.221    -0.028
411.829    -437.324    -0.028
412.846    -438.428    -0.028
413.932    -439.604    -0.029
414.878    -440.637    -0.029
415.888    -441.746    -0.029
416.898    -442.856    -0.029
417.909    -443.965    -0.029
418.919    -445.075    -0.029
419.929    -446.184    -0.029
420.941    -447.294    -0.030
421.953    -448.401    -0.030
422.966    -449.507    -0.030
423.979    -450.614    -0.030
424.992    -451.720    -0.030
426.074    -452.901    -0.030
427.020    -453.934    -0.030
428.033    -455.041    -0.031
429.046    -456.148    -0.031
430.059    -457.255    -0.031
431.072    -458.362    -0.031
432.085    -459.468    -0.031
433.098    -460.575    -0.031
434.112    -461.683    -0.032
435.124    -462.790    -0.032
436.136    -463.898    -0.032
437.148    -465.005    -0.032
438.160    -466.113    -0.032
439.172    -467.221    -0.032
440.185    -468.329    -0.032
441.197    -469.436    -0.033
442.209    -470.544    -0.033
443.221    -471.652    -0.033
444.233    -472.760    -0.033
445.246    -473.867    -0.033
446.258    -474.974    -0.033
447.270    -476.084    -0.033
448.281    -477.192    -0.034
449.292    -478.300    -0.034
450.303    -479.409    -0.034
451.314    -480.518    -0.034
452.326    -481.626    -0.034
453.338    -482.734    -0.034
454.349    -483.843    -0.035
455.360    -484.952    -0.035
456.371    -486.060    -0.035
457.384    -487.167    -0.035
458.397    -488.274    -0.035
459.412    -489.381    -0.035
460.426    -490.486    -0.036
461.440    -491.592    -0.036
462.454    -492.698    -0.036
463.467    -493.804    -0.036
464.481    -494.911    -0.036
465.495    -496.017    -0.036
466.510    -497.123    -0.036
467.593    -498.301    -0.037
468.611    -499.403    -0.037
469.561    -500.433    -0.037
470.568    -501.545    -0.037
471.575    -502.657    -0.037
472.583    -503.770    -0.037
473.518    -504.811    -0.038
474.511    -505.937    -0.038
475.503    -507.062    -0.038
476.496    -508.187    -0.038
477.410    -509.249    -0.038
478.449    -510.466    -0.038
479.358    -511.532    -0.039
480.396    -512.749    -0.039
481.371    -513.891    -0.039
482.280    -514.956    -0.039
483.248    -516.102    -0.039
484.214    -517.251    -0.039
485.180    -518.399    -0.040
486.070    -519.480    -0.040
487.016    -520.645    -0.040
487.900    -521.731    -0.040
488.831    -522.908    -0.040
489.762    -524.084    -0.040
490.684    -525.269    -0.041
491.601    -526.456    -0.041
492.453    -527.568    -0.041
493.350    -528.770    -0.041
494.189    -529.892    -0.041
495.080    -531.100    -0.041
495.954    -532.319    -0.042
496.829    -533.539    -0.042
497.624    -534.691    -0.042
498.470    -535.931    -0.042
499.315    -537.171    -0.042
500.161    -538.410    -0.042
500.887    -539.488    -0.043
501.691    -540.756    -0.043
502.495    -542.022    -0.043
503.300    -543.289    -0.043
504.042    -544.477    -0.043
504.820    -545.760    -0.043
505.538    -546.962    -0.044
506.298    -548.256    -0.044
506.951    -549.381    -0.044
507.674    -550.696    -0.044
508.396    -552.011    -0.044
509.052    -553.248    -0.044
509.746    -554.579    -0.045
510.441    -555.909    -0.045
511.040    -557.063    -0.045
511.680    -558.420    -0.045
512.321    -559.777    -0.045
512.963    -561.134    -0.045
513.556    -562.402    -0.046
514.123    -563.683    -0.046
514.724    -565.057    -0.046
515.296    -566.445    -0.046
515.785    -567.649    -0.046
516.319    -569.051    -0.046
516.852    -570.455    -0.047
517.348    -571.764    -0.047
517.807    -573.087    -0.047
518.266    -574.410    -0.047
518.711    -575.843    -0.047
519.125    -577.181    -0.047
519.495    -578.428    -0.047
519.883    -579.878    -0.048
520.271    -581.327    -0.048
520.588    -582.691    -0.048
520.926    -584.153    -0.048
521.264    -585.615    -0.048
521.578    -586.980    -0.048
521.817    -588.258    -0.049
522.093    -589.733    -0.049
522.318    -591.115    -0.049
522.555    -592.597    -0.049
522.738    -593.885    -0.049
522.898    -595.276    -0.049
523.092    -596.865    -0.049
523.219    -598.158    -0.050
523.328    -599.554    -0.050
523.414    -601.052    -0.050
523.469    -602.352    -0.050
523.511    -603.852    -0.050
523.549    -605.252    -0.050
523.543    -606.653    -0.050
523.528    -608.052    -0.051
523.488    -609.553    -0.051
523.426    -610.952    -0.051
523.353    -612.451    -0.051
523.246    -613.646    -0.051
523.096    -615.138    -0.051
522.947    -616.632    -0.051
522.779    -617.922    -0.051
522.560    -619.406    -0.052
522.340    -620.890    -0.052
522.113    -622.170    -0.052
521.839    -623.646    -0.052
521.589    -624.921    -0.052
521.258    -626.386    -0.052
520.911    -627.846    -0.052
520.601    -629.108    -0.052
520.204    -630.555    -0.052
519.822    -631.903    -0.053
519.435    -633.144    -0.053
518.976    -634.573    -0.053
518.531    -635.900    -0.053
518.017    -637.310    -0.053
517.538    -638.626    -0.053
517.049    -639.831    -0.053
516.474    -641.217    -0.053
515.928    -642.507    -0.053
515.360    -643.787    -0.053
514.764    -645.055    -0.053
514.155    -646.315    -0.054
513.479    -647.655    -0.054
512.880    -648.809    -0.054
512.166    -650.129    -0.054
511.517    -651.255    -0.054
510.763    -652.553    -0.054
510.041    -653.753    -0.054
509.298    -654.940    -0.054
508.604    -656.040    -0.054
507.712    -657.369    -0.054
506.912    -658.519    -0.054
506.152    -659.574    -0.054
505.251    -660.774    -0.054
504.340    -661.966    -0.054
503.491    -663.079    -0.054
502.605    -664.164    -0.054
501.764    -665.156    -0.055
500.776    -666.285    -0.055
499.910    -667.255    -0.055
498.891    -668.357    -0.055
497.843    -669.431    -0.055
496.861    -670.429    -0.055
495.932    -671.339    -0.055
494.987    -672.232    -0.055
493.799    -673.305    -0.055
492.685    -674.310    -0.055
491.636    -675.239    -0.055
490.644    -676.080    -0.055
489.546    -676.949    -0.055
488.369    -677.878    -0.055
487.268    -678.746    -0.055
486.214    -679.506    -0.055
484.995    -680.381    -0.055
483.836    -681.168    -0.055
482.674    -681.950    -0.055
481.415    -682.765    -0.055
480.314    -683.457    -0.055
479.026    -684.227    -0.055
477.992    -684.837    -0.055
476.589    -685.608    -0.055
475.362    -686.282    -0.055
474.028    -686.970    -0.055
472.864    -687.548    -0.055
471.514    -688.204    -0.055
470.331    -688.745    -0.055
468.964    -689.364    -0.055
467.672    -689.903    -0.055
466.471    -690.403    -0.055
465.067    -690.934    -0.054
463.758    -691.430    -0.054
462.447    -691.926    -0.054
461.116    -692.358    -0.054
459.783    -692.787    -0.054
458.440    -693.184    -0.054
456.905    -693.638    -0.054
455.746    -693.951    -0.054
454.290    -694.312    -0.054
452.925    -694.626    -0.054
451.558    -694.929    -0.054
450.283    -695.186    -0.054
448.808    -695.458    -0.054
447.528    -695.689    -0.054
446.042    -695.899    -0.054
444.457    -696.124    -0.054
443.268    -696.282    -0.054
441.774    -696.433    -0.053
440.281    -696.582    -0.053
438.984    -696.669    -0.053
437.585    -696.746    -0.053
436.087    -696.829    -0.053
434.788    -696.864    -0.053
433.288    -696.874    -0.053
431.887    -696.882    -0.053
430.586    -696.866    -0.053
429.088    -696.808    -0.053
427.688    -696.755    -0.053
426.291    -696.650    -0.052
424.795    -696.536    -0.052
423.599    -696.433    -0.052
422.010    -696.239    -0.052
420.620    -696.070    -0.052
419.234    -695.868    -0.052
417.851    -695.649    -0.052
416.270    -695.399    -0.052
414.993    -695.158    -0.051
413.522    -694.863    -0.051
412.250    -694.586    -0.051
410.888    -694.264    -0.051
409.533    -693.907    -0.051
408.180    -693.549    -0.051
406.836    -693.156    -0.051
405.399    -692.725    -0.051
404.068    -692.285    -0.050
402.645    -691.810    -0.050
401.523    -691.384    -0.050
400.122    -690.847    -0.050
398.912    -690.370    -0.050
397.529    -689.789    -0.050
396.145    -689.208    -0.050
394.963    -688.667    -0.050
393.604    -688.029    -0.049
392.436    -687.458    -0.049
391.097    -686.782    -0.049
389.859    -686.127    -0.049
388.631    -685.454    -0.049
387.418    -684.754    -0.049
386.125    -683.993    -0.048
385.019    -683.308    -0.048
383.751    -682.506    -0.048
382.568    -681.757    -0.048
381.499    -681.016    -0.048
380.268    -680.158    -0.048
379.131    -679.341    -0.048
378.010    -678.500    -0.047
376.730    -677.541    -0.047
375.795    -676.788    -0.047
374.636    -675.835    -0.047
373.638    -675.001    -0.047
372.505    -674.018    -0.047
371.524    -673.164    -0.046
370.444    -672.122    -0.046
369.436    -671.149    -0.046
368.357    -670.106    -0.046
367.466    -669.159    -0.046
366.439    -668.066    -0.046
365.411    -666.972    -0.045
364.607    -666.081    -0.045
363.567    -664.864    -0.045
362.723    -663.875    -0.045
361.857    -662.775    -0.045
360.929    -661.595    -0.045
360.136    -660.566    -0.044
359.245    -659.358    -0.044
358.484    -658.303    -0.044
357.568    -656.991    -0.044
356.787    -655.828    -0.044
355.957    -654.578    -0.044
355.259    -653.481    -0.043
354.466    -652.206    -0.043
353.727    -651.017    -0.043
353.036    -649.799    -0.043
352.298    -648.492    -0.043
351.680    -647.348    -0.043
350.983    -646.020    -0.042
350.286    -644.691    -0.042
349.665    -643.435    -0.042
349.002    -642.089    -0.042
348.459    -640.908    -0.042
347.832    -639.544    -0.042
347.276    -638.259    -0.041
346.684    -636.880    -0.041
346.152    -635.585    -0.041
345.641    -634.280    -0.041
345.097    -632.882    -0.041
344.642    -631.664    -0.041
344.107    -630.156    -0.041
343.638    -628.835    -0.040
343.199    -627.506    -0.040
342.738    -626.078    -0.040
342.315    -624.743    -0.040
341.891    -623.304    -0.040
341.467    -621.864    -0.040
341.137    -620.711    -0.039
340.762    -619.257    -0.039
340.387    -617.804    -0.039
340.012    -616.352    -0.039
339.674    -614.992    -0.039
339.303    -613.435    -0.039
338.984    -612.071    -0.038
338.661    -610.607    -0.038
338.362    -609.238    -0.038
338.072    -607.766    -0.038
337.800    -606.392    -0.038
337.549    -605.014    -0.038
337.271    -603.439    -0.038
337.059    -602.155    -0.037
336.827    -600.672    -0.037
336.595    -599.190    -0.037
336.392    -597.804    -0.037
336.167    -596.220    -0.037
335.976    -594.832    -0.037
335.806    -593.442    -0.037
335.613    -591.853    -0.036
335.456    -590.462    -0.036
335.297    -588.969    -0.036
335.137    -587.478    -0.036
334.979    -585.985    -0.036
334.851    -584.590    -0.036
334.725    -583.095    -0.036
334.597    -581.601    -0.035
334.471    -580.105    -0.035
334.369    -578.709    -0.035
334.273    -577.211    -0.035
334.185    -575.813    -0.035
334.094    -574.316    -0.035
334.011    -572.817    -0.035
333.929    -571.319    -0.034
333.862    -569.920    -0.034
333.794    -568.420    -0.034
333.726    -566.922    -0.034
333.665    -565.423    -0.034
333.614    -563.923    -0.034
333.563    -562.424    -0.034
333.520    -561.023    -0.033
333.480    -559.523    -0.033
333.440    -558.024    -0.033
333.401    -556.523    -0.033
333.366    -555.023    -0.033
333.331    -553.524    -0.033
333.296    -552.023    -0.033
333.262    -550.523    -0.033
333.234    -549.022    -0.032
333.206    -547.522    -0.032
333.177    -546.022    -0.032
333.150    -544.521    -0.032
333.122    -543.022    -0.032
333.095    -541.521    -0.032
333.067    -540.021    -0.032
333.039    -538.521    -0.031
333.012    -537.020    -0.031
332.986    -535.520    -0.031
332.960    -534.019    -0.031
332.933    -532.519    -0.031
332.904    -531.019    -0.031
332.873    -529.519    -0.031
332.845    -528.019    -0.031
332.817    -526.518    -0.030
332.790    -525.018    -0.030
332.762    -523.518    -0.030
332.733    -522.017    -0.030
332.704    -520.517    -0.030
332.676    -519.016    -0.030
332.649    -517.517    -0.030
332.623    -516.017    -0.030
332.597    -514.516    -0.029
332.571    -513.016    -0.029
332.546    -511.515    -0.029
332.522    -510.015    -0.029
332.498    -508.514    -0.029
332.468    -507.014    -0.029
332.438    -505.514    -0.029
332.406    -504.013    -0.029
332.374    -502.514    -0.029
332.340    -501.014    -0.028
332.309    -499.613    -0.028
332.290    -498.113    -0.028
332.270    -496.512    -0.028
332.248    -495.012    -0.028
332.217    -493.511    -0.028
332.187    -492.011    -0.028
332.157    -490.512    -0.028
332.127    -489.011    -0.027
332.097    -487.511    -0.027
332.069    -486.010    -0.027
332.040    -484.510    -0.027
332.012    -483.010    -0.027
331.983    -481.509    -0.027
331.952    -480.010    -0.027
331.921    -478.509    -0.027
331.895    -477.109    -0.027
331.870    -475.509    -0.026
331.847    -474.008    -0.026
331.824    -472.508    -0.026
331.795    -471.007    -0.026
331.762    -469.507    -0.026
331.729    -468.008    -0.026
331.698    -466.507    -0.026
331.666    -465.007    -0.026
331.643    -463.506    -0.026
331.623    -462.006    -0.025
331.589    -460.506    -0.025
331.550    -459.006    -0.025
331.522    -457.506    -0.025
331.496    -456.005    -0.025
331.469    -454.505    -0.025
331.441    -453.005    -0.025
331.410    -451.504    -0.025
331.375    -450.004    -0.025
331.340    -448.505    -0.024
331.301    -447.004    -0.024
331.261    -445.504    -0.024
331.222    -444.005    -0.024
331.160    -442.404    -0.024
331.101    -440.905    -0.024
331.041    -439.406    -0.024
330.942    -437.809    -0.024
330.848    -436.311    -0.024
330.747    -434.714    -0.023
330.634    -433.217    -0.023
330.519    -431.721    -0.023
330.404    -430.225    -0.023
330.265    -428.631    -0.023
330.113    -427.138    -0.023
329.920    -425.448    -0.023
329.733    -423.959    -0.023
329.547    -422.471    -0.023
329.360    -420.981    -0.022
329.174    -419.493    -0.022
328.986    -418.003    -0.022
328.768    -416.418    -0.022
328.545    -414.935    -0.022
328.322    -413.451    -0.022
328.091    -411.967    -0.022
327.835    -410.387    -0.022
327.570    -408.809    -0.022
327.297    -407.334    -0.021
327.024    -405.859    -0.021
326.752    -404.383    -0.021
326.457    -402.912    -0.021
326.157    -401.441    -0.021
325.826    -399.876    -0.021
325.502    -398.410    -0.021
325.178    -396.945    -0.021
324.826    -395.384    -0.021
324.447    -393.829    -0.020
324.120    -392.467    -0.020
323.741    -390.912    -0.020
323.369    -389.458    -0.020
322.998    -388.004    -0.020
322.569    -386.358    -0.020
322.187    -385.011    -0.020
321.754    -383.470    -0.020
321.336    -382.029    -0.020
320.907    -380.591    -0.019
320.479    -379.153    -0.019
320.016    -377.621    -0.019
319.562    -376.191    -0.019
319.068    -374.668    -0.019
318.563    -373.150    -0.019
318.113    -371.823    -0.019
317.631    -370.402    -0.019
317.149    -368.981    -0.019
316.614    -367.473    -0.018
316.109    -366.060    -0.018
315.552    -364.560    -0.018
315.024    -363.155    -0.018
314.496    -361.750    -0.018
313.925    -360.255    -0.018
313.371    -358.860    -0.018
312.774    -357.375    -0.018
312.189    -355.993    -0.018
311.605    -354.611    -0.017
311.022    -353.228    -0.017
310.389    -351.759    -0.017
309.783    -350.386    -0.017
309.131    -348.924    -0.017
308.495    -347.565    -0.017
307.860    -346.206    -0.017
307.224    -344.846    -0.017
306.527    -343.406    -0.017
305.868    -342.057    -0.017
305.259    -340.797    -0.016
304.607    -339.445    -0.016
303.842    -337.925    -0.016
303.160    -336.589    -0.016
302.475    -335.255    -0.016
301.788    -333.920    -0.016
301.041    -332.505    -0.016
300.322    -331.188    -0.016
299.544    -329.789    -0.016
298.760    -328.394    -0.015
298.059    -327.182    -0.015
297.257    -325.796    -0.015
296.506    -324.497    -0.015
295.754    -323.198    -0.015
294.928    -321.828    -0.015
294.135    -320.554    -0.015
293.341    -319.280    -0.015
292.549    -318.006    -0.015
291.644    -316.566    -0.015
290.879    -315.393    -0.014
290.059    -314.136    -0.014
289.239    -312.880    -0.014
288.356    -311.545    -0.014
287.524    -310.295    -0.014
286.635    -308.965    -0.014
285.777    -307.734    -0.014
284.920    -306.503    -0.014
284.061    -305.272    -0.014
283.197    -304.045    -0.014
282.271    -302.740    -0.013
281.396    -301.521    -0.013
280.518    -300.304    -0.013
279.626    -299.097    -0.013
278.733    -297.891    -0.013
277.777    -296.608    -0.013
276.805    -295.336    -0.013
275.880    -294.154    -0.013
274.878    -292.906    -0.013
273.998    -291.817    -0.013
272.903    -290.516    -0.012
271.921    -289.382    -0.012
270.867    -288.177    -0.012
269.940    -287.127    -0.012
268.881    -285.927    -0.012
267.889    -284.802    -0.012
266.888    -283.684    -0.012
265.812    -282.498    -0.012
264.871    -281.461    -0.012
263.797    -280.275    -0.012
262.856    -279.237    -0.012
261.780    -278.051    -0.011
260.840    -277.015    -0.011
259.832    -275.904    -0.011
258.822    -274.792    -0.011
257.814    -273.681    -0.011
256.736    -272.499    -0.011
255.719    -271.394    -0.011
254.704    -270.290    -0.011
253.689    -269.184    -0.011
252.674    -268.079    -0.011
251.660    -266.973    -0.011
250.648    -265.866    -0.010
249.702    -264.832    -0.010
248.622    -263.650    -0.010
247.609    -262.544    -0.010
246.595    -261.438    -0.010
245.581    -260.333    -0.010
244.567    -259.226    -0.010
243.553    -258.120    -0.010
242.539    -257.014    -0.010
241.525    -255.907    -0.010
240.513    -254.800    -0.010
239.501    -253.692    -0.010
238.489    -252.584    -0.009
237.477    -251.477    -0.009
236.464    -250.369    -0.009
235.448    -249.264    -0.009
234.432    -248.160    -0.009
233.416    -247.056    -0.009
232.400    -245.952    -0.009
231.384    -244.847    -0.009
230.368    -243.743    -0.009
229.352    -242.639    -0.009
228.336    -241.535    -0.009
227.322    -240.429    -0.009
226.377    -239.396    -0.009
225.296    -238.215    -0.008
224.282    -237.108    -0.008
223.269    -236.002    -0.008
222.256    -234.894    -0.008
221.242    -233.788    -0.008
220.297    -232.756    -0.008
219.216    -231.575    -0.008
218.270    -230.542    -0.008
217.189    -229.361    -0.008
216.176    -228.254    -0.008
215.163    -227.148    -0.008
214.149    -226.041    -0.008
213.204    -225.008    -0.008
212.123    -223.827    -0.007
211.110    -222.720    -0.007
210.164    -221.687    -0.007
209.084    -220.506    -0.007
208.070    -219.399    -0.007
207.057    -218.293    -0.007
206.112    -217.260    -0.007
205.031    -216.080    -0.007
204.018    -214.972    -0.007
203.005    -213.866    -0.007
201.992    -212.759    -0.007
200.978    -211.652    -0.007
200.033    -210.619    -0.007
198.952    -209.438    -0.007
197.939    -208.331    -0.006
196.925    -207.225    -0.006
195.911    -206.118    -0.006
194.897    -205.012    -0.006
193.883    -203.906    -0.006
192.870    -202.800    -0.006
191.857    -201.693    -0.006
190.843    -200.586    -0.006
189.829    -199.480    -0.006
188.816    -198.374    -0.006
187.801    -197.268    -0.006
186.788    -196.161    -0.006
185.775    -195.054    -0.006
184.761    -193.948    -0.006
183.747    -192.842    -0.006
182.734    -191.736    -0.006
181.720    -190.629    -0.005
180.774    -189.597    -0.005
179.693    -188.416    -0.005
178.679    -187.310    -0.005
177.665    -186.203    -0.005
176.652    -185.097    -0.005
175.638    -183.991    -0.005
174.692    -182.958    -0.005
173.610    -181.777    -0.005
172.597    -180.671    -0.005
171.583    -179.565    -0.005
170.570    -178.459    -0.005
169.556    -177.352    -0.005
168.543    -176.245    -0.005
167.528    -175.139    -0.005
166.515    -174.033    -0.005
165.502    -172.927    -0.004
164.555    -171.894    -0.004
163.474    -170.713    -0.004
162.461    -169.607    -0.004
161.447    -168.501    -0.004
160.433    -167.394    -0.004
159.419    -166.287    -0.004
158.474    -165.256    -0.004
157.392    -164.075    -0.004
156.379    -162.969    -0.004
155.365    -161.862    -0.004
154.351    -160.756    -0.004
153.337    -159.650    -0.004
152.323    -158.544    -0.004
151.310    -157.437    -0.004
150.296    -156.331    -0.004
149.283    -155.224    -0.004
148.269    -154.118    -0.004
147.255    -153.012    -0.004
146.241    -151.905    -0.003
145.296    -150.873    -0.003
144.215    -149.692    -0.003
143.201    -148.586    -0.003
142.187    -147.479    -0.003
141.174    -146.373    -0.003
140.159    -145.267    -0.003
139.214    -144.234    -0.003
138.132    -143.053    -0.003
137.119    -141.947    -0.003
136.105    -140.841    -0.003
135.092    -139.735    -0.003
134.078    -138.629    -0.003
133.064    -137.521    -0.003
132.050    -136.415    -0.003
131.037    -135.309    -0.003
130.023    -134.203    -0.003
129.010    -133.096    -0.003
127.996    -131.990    -0.003
126.982    -130.883    -0.003
125.968    -129.777    -0.003
124.955    -128.671    -0.003
123.941    -127.564    -0.002
122.928    -126.457    -0.002
121.914    -125.351    -0.002
120.900    -124.246    -0.002
119.884    -123.140    -0.002
118.869    -122.035    -0.002
117.855    -120.929    -0.002
116.841    -119.824    -0.002
115.826    -118.717    -0.002
114.812    -117.612    -0.002
113.798    -116.506    -0.002
112.783    -115.401    -0.002
111.768    -114.296    -0.002
110.754    -113.189    -0.002
109.739    -112.084    -0.002
108.725    -110.979    -0.002
107.710    -109.873    -0.002
106.696    -108.767    -0.002
105.681    -107.661    -0.002
104.667    -106.556    -0.002
103.720    -105.524    -0.002
102.638    -104.345    -0.002
101.623    -103.239    -0.002
100.609    -102.133    -0.002
99.595    -101.028    -0.002
98.579    -99.923    -0.002
97.565    -98.816    -0.002
96.552    -97.710    -0.001
95.605    -96.678    -0.001
94.525    -95.497    -0.001
93.512    -94.390    -0.001
92.498    -93.283    -0.001
91.485    -92.176    -0.001
90.540    -91.143    -0.001
89.459    -89.963    -0.001
88.446    -88.855    -0.001
87.500    -87.823    -0.001
86.420    -86.642    -0.001
85.406    -85.535    -0.001
84.393    -84.427    -0.001
83.449    -83.395    -0.001
82.368    -82.214    -0.001
81.355    -81.107    -0.001
80.342    -80.000    -0.001
79.328    -78.892    -0.001
78.316    -77.785    -0.001
77.303    -76.678    -0.001
76.358    -75.645    -0.001
75.277    -74.464    -0.001
74.265    -73.357    -0.001
73.252    -72.250    -0.001
72.238    -71.143    -0.001
71.225    -70.035    -0.001
70.213    -68.928    -0.001
69.200    -67.821    -0.001
68.188    -66.714    -0.001
67.174    -65.608    -0.001
66.160    -64.502    -0.001
65.213    -63.470    -0.001
64.132    -62.289    -0.001
63.118    -61.183    -0.001
62.105    -60.076    -0.001
61.091    -58.970    -0.001
60.077    -57.864    -0.001
59.063    -56.758    -0.001
58.049    -55.651    -0.001
57.035    -54.545    -0.000
56.022    -53.439    -0.000
55.075    -52.406    -0.000
53.995    -51.226    -0.000
52.981    -50.119    -0.000
51.967    -49.013    -0.000
50.953    -47.907    -0.000
50.007    -46.875    -0.000
48.925    -45.694    -0.000
47.912    -44.588    -0.000
46.899    -43.482    -0.000
45.885    -42.376    -0.000
44.871    -41.269    -0.000
43.857    -40.162    -0.000
42.844    -39.056    -0.000
41.831    -37.949    -0.000
40.818    -36.843    -0.000
39.804    -35.736    -0.000
38.790    -34.629    -0.000
37.776    -33.523    -0.000
36.763    -32.417    -0.000
35.749    -31.309    -0.000
34.736    -30.203    -0.000
33.723    -29.097    -0.000
32.710    -27.990    -0.000
31.695    -26.884    -0.000
30.682    -25.777    -0.000
29.668    -24.670    -0.000
28.655    -23.564    -0.000
27.642    -22.458    -0.000
26.629    -21.350    -0.000
25.615    -20.244    -0.000
24.601    -19.138    -0.000
23.587    -18.031    -0.000
22.574    -16.925    -0.000
21.561    -15.818    -0.000
20.547    -14.711    -0.000
19.534    -13.605    -0.000
18.520    -12.499    -0.000
17.506    -11.391    -0.000
16.493    -10.285    -0.000
15.480    -9.179    -0.000
14.466    -8.072    -0.000
13.453    -6.965    -0.000
12.440    -5.859    -0.000
11.425    -4.752    -0.000
10.412    -3.646    -0.000
9.399    -2.540    -0.000
8.385    -1.432    -0.000
7.372    -0.326    -0.000
6.359    0.780    -0.000
5.345    1.887    -0.000
4.331    2.994    -0.000
