3.982 3.604 3.542
3.980 3.606 3.542
3.977 3.607 3.541
3.974 3.609 3.540
3.973 3.610 3.541
3.971 3.612 3.540
3.969 3.613 3.538
3.969 3.613 3.539
3.971 3.612 3.538
3.972 3.609 3.537
3.974 3.608 3.538
3.977 3.605 3.538
3.979 3.602 3.538
3.977 3.604 3.540
3.974 3.607 3.540
3.974 3.608 3.540
3.977 3.610 3.541
3.978 3.613 3.540
3.983 3.614 3.538
3.989 3.612 3.539
3.997 3.608 3.540
3.996 3.607 3.538
3.996 3.605 3.539
3.998 3.604 3.537
3.992 3.607 3.536
3.987 3.612 3.537
3.984 3.613 3.537
3.981 3.612 3.540
3.978 3.612 3.544
3.976 3.610 3.548
3.976 3.607 3.554
3.973 3.604 3.556
3.976 3.605 3.556
3.978 3.609 3.554
3.981 3.612 3.550
3.987 3.613 3.547
3.993 3.613 3.547
3.995 3.614 3.542
3.993 3.610 3.544
3.991 3.605 3.547
3.987 3.601 3.549
3.986 3.596 3.552
3.983 3.592 3.553
3.987 3.588 3.554
3.991 3.585 3.557
3.998 3.579 3.559
4.002 3.577 3.559
4.005 3.575 3.562
4.008 3.572 3.566
4.010 3.573 3.563
4.012 3.573 3.562
4.015 3.574 3.560
4.012 3.578 3.559
4.009 3.584 3.558
4.005 3.589 3.556
4.001 3.593 3.555
3.997 3.597 3.554
3.993 3.602 3.554
3.988 3.606 3.553
3.984 3.609 3.554
3.979 3.614 3.552
3.976 3.617 3.552
3.970 3.622 3.549
3.969 3.623 3.549
3.967 3.624 3.549
3.968 3.624 3.549
3.968 3.624 3.549
3.969 3.621 3.552
3.971 3.617 3.554
3.973 3.614 3.557
3.976 3.609 3.558
3.979 3.607 3.559
3.981 3.608 3.554
3.985 3.608 3.553
3.983 3.612 3.549
3.982 3.617 3.546
3.980 3.621 3.544
3.977 3.624 3.544
3.974 3.624 3.545
3.971 3.626 3.545
3.972 3.624 3.545
3.972 3.622 3.547
3.971 3.620 3.547
3.970 3.616 3.549
3.969 3.613 3.551
3.967 3.609 3.552
3.965 3.605 3.554
3.965 3.601 3.558
3.969 3.600 3.557
3.973 3.597 3.556
3.977 3.596 3.556
3.978 3.597 3.555
3.979 3.599 3.554
3.981 3.600 3.554
3.981 3.601 3.554
3.980 3.601 3.556
3.981 3.600 3.556
3.981 3.601 3.556
3.983 3.600 3.556
3.983 3.600 3.556
3.985 3.600 3.556
3.986 3.600 3.556
3.986 3.600 3.555
3.986 3.600 3.555
3.987 3.600 3.556
3.985 3.601 3.554
3.985 3.602 3.554
3.983 3.602 3.554
3.985 3.600 3.553
3.986 3.597 3.554
3.988 3.595 3.554
3.992 3.590 3.555
3.995 3.586 3.557
3.993 3.588 3.557
3.989 3.592 3.557
3.984 3.595 3.560
3.983 3.597 3.561
3.980 3.601 3.564
3.977 3.603 3.564
3.978 3.604 3.565
3.978 3.605 3.568
3.975 3.605 3.567
3.973 3.608 3.565
3.968 3.613 3.564
3.969 3.614 3.560
3.970 3.613 3.557
3.973 3.612 3.556
3.978 3.608 3.554
3.984 3.605 3.553
3.988 3.602 3.554
3.993 3.600 3.553
3.996 3.598 3.553
3.999 3.595 3.553
4.002 3.592 3.553
4.006 3.587 3.553
4.007 3.585 3.554
4.006 3.586 3.554
4.006 3.585 3.556
4.004 3.586 3.554
4.002 3.586 3.554
4.001 3.585 3.554
3.996 3.589 3.554
3.993 3.592 3.554
3.990 3.595 3.554
3.988 3.600 3.551
3.986 3.604 3.550
3.987 3.607 3.547
3.988 3.608 3.545
3.988 3.610 3.542
3.987 3.605 3.545
3.986 3.600 3.548
3.986 3.595 3.553
3.988 3.588 3.556
3.988 3.580 3.562
3.990 3.574 3.563
3.993 3.568 3.566
3.998 3.563 3.569
3.996 3.561 3.570
3.993 3.563 3.572
3.989 3.566 3.576
3.988 3.572 3.572
3.988 3.579 3.570
3.988 3.584 3.570
3.989 3.588 3.567
3.990 3.592 3.564
3.990 3.595 3.564
3.987 3.595 3.565
3.985 3.596 3.567
3.982 3.596 3.567
3.982 3.595 3.569
3.981 3.595 3.569
3.981 3.595 3.570
3.982 3.592 3.569
3.983 3.592 3.569
3.979 3.595 3.569
3.977 3.597 3.569
3.973 3.597 3.572
3.969 3.588 3.583
3.969 3.580 3.595
3.975 3.575 3.605
3.970 3.581 3.615
3.965 3.587 3.627
3.965 3.597 3.633
3.967 3.609 3.638
3.981 3.621 3.641
3.984 3.653 3.645
3.981 3.693 3.650
3.982 3.728 3.652
3.982 3.740 3.640
3.982 3.754 3.621
3.979 3.768 3.605
3.979 3.781 3.590
3.979 3.781 3.586
3.979 3.778 3.586
3.978 3.776 3.588
3.978 3.772 3.590
3.977 3.767 3.591
3.977 3.762 3.594
3.976 3.757 3.598
3.975 3.752 3.600
3.975 3.747 3.603
3.974 3.744 3.603
3.974 3.740 3.604
3.974 3.738 3.603
3.974 3.735 3.603
3.972 3.734 3.603
3.972 3.731 3.603
3.972 3.729 3.602
3.971 3.727 3.602
3.970 3.726 3.602
3.970 3.724 3.600
3.970 3.722 3.600
3.970 3.720 3.600
3.969 3.717 3.600
3.967 3.713 3.602
3.967 3.710 3.601
3.967 3.706 3.603
3.966 3.703 3.603
3.974 3.693 3.606
4.021 3.646 3.605
4.062 3.599 3.605
4.061 3.597 3.604
4.059 3.596 3.604
4.059 3.594 3.602
4.058 3.593 3.603
4.057 3.591 3.602
4.055 3.593 3.600
4.050 3.596 3.599
4.045 3.599 3.597
4.041 3.599 3.599
4.036 3.596 3.604
4.032 3.593 3.608
4.026 3.591 3.612
4.021 3.589 3.616
4.016 3.587 3.620
4.011 3.589 3.619
4.007 3.591 3.619
4.003 3.591 3.619
3.999 3.593 3.617
3.995 3.593 3.618
3.992 3.593 3.620
3.989 3.593 3.619
3.987 3.591 3.619
3.984 3.589 3.619
3.982 3.589 3.620
3.981 3.588 3.619
3.979 3.590 3.616
3.977 3.590 3.614
3.972 3.593 3.611
3.965 3.596 3.607
3.960 3.600 3.604
3.953 3.600 3.604
3.947 3.598 3.605
3.943 3.597 3.606
3.947 3.594 3.609
3.952 3.593 3.609
3.956 3.592 3.609
3.962 3.590 3.610
3.963 3.589 3.609
3.963 3.590 3.609
3.960 3.592 3.609
3.956 3.595 3.608
3.953 3.596 3.609
3.952 3.596 3.609
3.948 3.597 3.611
3.946 3.598 3.612
3.943 3.601 3.613
3.943 3.603 3.611
3.941 3.608 3.608
3.940 3.612 3.606
3.938 3.617 3.603
3.936 3.621 3.599
3.935 3.627 3.595
3.933 3.627 3.595
3.931 3.628 3.596
3.929 3.630 3.595
3.928 3.629 3.595
3.928 3.630 3.595
3.928 3.629 3.595
3.928 3.628 3.595
3.928 3.627 3.597
3.928 3.629 3.597
3.932 3.631 3.597
3.955 3.635 3.597
3.961 3.639 3.597
3.946 3.643 3.595
3.935 3.642 3.593
3.937 3.638 3.593
3.947 3.635 3.591
3.957 3.630 3.590
3.968 3.624 3.591
3.979 3.618 3.591
3.984 3.612 3.592
3.987 3.608 3.592
3.991 3.602 3.593
3.994 3.593 3.598
3.999 3.582 3.603
3.995 3.579 3.608
3.987 3.581 3.611
3.979 3.584 3.614
3.971 3.590 3.616
3.968 3.597 3.615
3.967 3.604 3.614
3.970 3.607 3.613
3.972 3.610 3.611
3.974 3.613 3.610
3.973 3.613 3.612
3.972 3.613 3.613
3.974 3.611 3.614
3.978 3.607 3.621
3.977 3.603 3.657
3.975 3.598 3.660
3.975 3.591 3.663
3.975 3.585 3.663
3.976 3.579 3.663
3.975 3.573 3.665
3.974 3.567 3.665
3.975 3.567 3.661
3.977 3.566 3.661
3.982 3.567 3.662
3.989 3.566 3.663
3.996 3.567 3.663
4.002 3.564 3.668
4.000 3.567 3.671
3.997 3.574 3.672
3.991 3.582 3.672
3.985 3.590 3.673
3.980 3.591 3.675
3.976 3.586 3.679
3.957 3.596 3.681
3.944 3.598 3.682
3.933 3.600 3.683
3.938 3.601 3.683
3.951 3.587 3.698
3.938 3.578 3.704
3.940 3.574 3.704
3.933 3.586 3.706
3.941 3.598 3.706
3.974 3.597 3.720
4.006 3.564 3.753
4.009 3.577 3.753
4.000 3.589 3.780
4.010 3.591 3.791
4.032 3.596 3.791
4.027 3.601 3.840
4.038 3.596 3.841
4.031 3.606 3.853
3.995 3.613 3.876
3.975 3.619 3.876
3.982 3.593 3.906
3.999 3.546 3.924
4.010 3.529 3.926
3.992 3.537 3.954
3.973 3.540 3.955
3.983 3.537 3.965
3.986 3.499 3.986
3.991 3.486 3.986
3.955 3.509 4.005
3.930 3.538 4.006
3.921 3.569 4.006
3.924 3.584 4.015
3.939 3.596 4.027
3.961 3.583 4.034
3.974 3.602 4.035
3.986 3.621 4.036
4.006 3.621 4.049
4.034 3.608 4.011
4.054 3.601 3.943
4.061 3.610 3.894
4.062 3.620 3.858
4.071 3.629 3.800
4.095 3.611 3.768
4.100 3.595 3.718
4.075 3.611 3.701
4.053 3.619 3.668
4.056 3.628 3.621
4.046 3.620 3.572
4.005 3.634 3.540
4.000 3.643 3.515
3.949 3.660 3.515
3.909 3.678 3.518
3.899 3.687 3.523
3.877 3.682 3.540
3.884 3.666 3.575
3.867 3.670 3.604
3.874 3.677 3.621
3.881 3.684 3.601
3.891 3.673 3.624
3.896 3.682 3.638
3.891 3.690 3.656
3.882 3.695 3.667
3.886 3.700 3.676
3.915 3.694 3.678
3.905 3.699 3.663
3.921 3.696 3.679
3.925 3.682 3.714
3.929 3.665 3.721
3.951 3.649 3.695
3.953 3.651 3.676
3.981 3.632 3.643
4.001 3.607 3.641
4.004 3.592 3.629
4.027 3.576 3.613
4.019 3.559 3.602
4.030 3.543 3.591
4.011 3.527 3.598
3.998 3.524 3.617
3.987 3.523 3.585
4.007 3.496 3.580
3.979 3.500 3.591
3.982 3.479 3.568
3.965 3.488 3.572
3.947 3.505 3.579
3.965 3.521 3.563
3.981 3.531 3.558
3.998 3.557 3.557
4.002 3.571 3.558
3.995 3.577 3.565
3.991 3.584 3.570
3.989 3.585 3.585
3.980 3.587 3.580
3.993 3.586 3.575
4.000 3.578 3.582
4.010 3.570 3.590
4.015 3.564 3.597
4.011 3.562 3.609
4.020 3.547 3.616
4.017 3.550 3.616
4.006 3.561 3.616
3.998 3.572 3.612
3.996 3.569 3.617
4.009 3.548 3.624
3.995 3.558 3.631
3.992 3.570 3.626
3.990 3.582 3.618
3.989 3.591 3.613
3.995 3.586 3.615
4.006 3.577 3.618
4.006 3.580 3.614
4.000 3.590 3.608
3.993 3.601 3.603
3.988 3.611 3.595
3.995 3.606 3.589
3.999 3.604 3.585
3.987 3.609 3.586
3.974 3.615 3.590
3.972 3.613 3.592
3.980 3.607 3.586
3.981 3.610 3.584
3.984 3.611 3.583
3.991 3.611 3.584
3.999 3.611 3.582
3.995 3.620 3.575
3.984 3.629 3.569
3.978 3.633 3.564
3.974 3.634 3.558
3.968 3.637 3.552
3.976 3.633 3.541
3.983 3.638 3.547
3.982 3.648 3.553
4.003 3.639 3.560
4.030 3.627 3.567
4.029 3.617 3.572
4.030 3.630 3.554
4.029 3.643 3.534
4.024 3.636 3.529
4.024 3.612 3.559
4.020 3.588 3.591
4.009 3.575 3.611
3.986 3.570 3.622
3.961 3.567 3.633
3.960 3.562 3.616
3.961 3.558 3.605
3.959 3.554 3.615
3.960 3.552 3.622
3.950 3.549 3.629
3.950 3.539 3.623
3.968 3.527 3.611
3.986 3.515 3.612
4.005 3.517 3.598
4.009 3.526 3.582
4.000 3.535 3.599
4.017 3.547 3.589
4.030 3.558 3.595
4.022 3.572 3.604
4.042 3.582 3.591
4.021 3.594 3.570
4.013 3.605 3.587
4.013 3.609 3.582
3.994 3.612 3.583
3.949 3.625 3.604
3.936 3.617 3.624
3.945 3.606 3.624
3.968 3.574 3.629
3.977 3.542 3.634
3.977 3.517 3.652
3.980 3.522 3.663
3.994 3.524 3.683
4.021 3.520 3.684
4.055 3.522 3.656
4.071 3.524 3.632
4.064 3.543 3.620
4.043 3.578 3.613
4.006 3.615 3.608
4.004 3.624 3.578
3.999 3.623 3.552
3.994 3.609 3.558
3.993 3.618 3.541
3.988 3.612 3.538
3.985 3.601 3.539
3.983 3.614 3.515
3.981 3.605 3.500
3.979 3.588 3.514
3.977 3.579 3.526
3.975 3.573 3.516
3.974 3.566 3.527
3.972 3.557 3.534
3.971 3.532 3.546
3.970 3.511 3.559
3.970 3.501 3.567
3.969 3.492 3.594
3.969 3.441 3.647
3.968 3.391 3.693
3.969 3.350 3.739
3.971 3.314 3.789
3.970 3.283 3.828
3.971 3.257 3.844
3.974 3.235 3.874
3.974 3.221 3.877
3.975 3.205 3.912
3.979 3.197 3.902
3.982 3.195 3.882
3.981 3.197 3.869
3.984 3.204 3.846
3.989 3.216 3.809
3.988 3.239 3.777
3.993 3.259 3.705
3.997 3.285 3.683
4.002 3.319 3.625
4.002 3.357 3.564
4.008 3.394 3.546
4.014 3.443 3.535
4.015 3.497 3.524
4.020 3.552 3.551
4.023 3.593 3.580
4.032 3.590 3.574
4.043 3.597 3.565
4.029 3.601 3.580
4.031 3.589 3.593
4.033 3.595 3.604
4.021 3.589 3.621
4.043 3.597 3.604
4.040 3.604 3.604
4.043 3.596 3.614
4.052 3.586 3.622
4.029 3.605 3.624
4.035 3.597 3.593
4.038 3.592 3.595
4.038 3.585 3.625
4.060 3.571 3.631
4.066 3.566 3.642
4.065 3.571 3.636
4.067 3.581 3.590
4.046 3.597 3.573
4.041 3.598 3.585
4.061 3.571 3.598
4.051 3.564 3.610
4.070 3.554 3.617
4.097 3.552 3.624
4.069 3.549 3.634
4.090 3.541 3.643
4.077 3.551 3.640
4.044 3.569 3.644
4.087 3.554 3.632
4.095 3.556 3.618
4.076 3.554 3.615
4.083 3.539 3.632
4.078 3.554 3.643
4.077 3.554 3.645
4.068 3.562 3.618
4.043 3.569 3.631
4.012 3.560 3.635
4.009 3.549 3.632
3.986 3.568 3.642
4.000 3.566 3.637
4.004 3.563 3.639
3.992 3.558 3.657
4.020 3.545 3.632
4.028 3.539 3.628
4.037 3.541 3.651
4.032 3.544 3.636
4.027 3.548 3.646
4.042 3.539 3.656
4.050 3.530 3.669
4.043 3.537 3.674
4.060 3.528 3.679
4.048 3.530 3.664
4.025 3.532 3.684
4.064 3.503 3.685
4.068 3.513 3.685
4.058 3.505 3.691
4.064 3.517 3.664
4.051 3.529 3.652
4.050 3.528 3.647
4.054 3.522 3.657
4.044 3.541 3.623
4.056 3.553 3.643
4.047 3.584 3.610
4.019 3.603 3.619
4.029 3.589 3.609
4.010 3.587 3.613
4.022 3.578 3.653
4.032 3.605 3.599
4.016 3.630 3.610
4.022 3.588 3.631
4.037 3.574 3.623
4.033 3.579 3.619
4.064 3.564 3.597
4.075 3.562 3.583
4.063 3.561 3.604
4.055 3.557 3.636
4.069 3.536 3.643
4.058 3.523 3.665
4.052 3.544 3.622
4.027 3.568 3.646
4.007 3.585 3.647
4.006 3.585 3.634
4.016 3.573 3.639
4.033 3.558 3.637
4.045 3.568 3.644
4.030 3.566 3.662
4.055 3.566 3.654
4.055 3.571 3.647
4.070 3.548 3.649
4.078 3.560 3.620
4.074 3.571 3.611
4.046 3.578 3.638
4.048 3.579 3.631
4.056 3.579 3.627
4.069 3.557 3.645
4.084 3.558 3.638
4.069 3.557 3.646
4.052 3.565 3.657
4.051 3.557 3.678
4.063 3.542 3.664
4.096 3.529 3.650
4.082 3.548 3.621
4.058 3.564 3.624
4.064 3.568 3.621
4.075 3.547 3.626
4.085 3.524 3.635
4.086 3.545 3.603
4.059 3.564 3.606
4.050 3.577 3.618
4.037 3.575 3.613
4.041 3.574 3.608
4.041 3.578 3.602
4.034 3.600 3.597
4.009 3.622 3.616
4.008 3.619 3.623
3.990 3.609 3.660
3.997 3.595 3.679
4.036 3.599 3.635
4.016 3.611 3.622
4.016 3.612 3.627
4.028 3.604 3.637
4.040 3.612 3.609
4.061 3.601 3.597
4.068 3.599 3.597
4.046 3.596 3.614
4.041 3.601 3.633
4.043 3.600 3.640
4.050 3.572 3.628
4.063 3.563 3.637
4.066 3.567 3.642
4.053 3.567 3.650
4.070 3.544 3.621
4.072 3.542 3.619
4.055 3.528 3.641
4.067 3.526 3.643
4.061 3.525 3.653
4.059 3.522 3.642
4.057 3.539 3.621
4.072 3.538 3.633
4.083 3.532 3.646
4.059 3.535 3.652
4.040 3.530 3.655
4.044 3.537 3.662
4.031 3.558 3.657
4.042 3.559 3.649
4.049 3.584 3.622
4.016 3.597 3.646
4.032 3.605 3.621
4.041 3.603 3.622
4.042 3.567 3.654
4.042 3.573 3.651
4.020 3.581 3.650
4.020 3.582 3.659
4.021 3.597 3.637
4.020 3.581 3.662
4.029 3.563 3.673
4.035 3.579 3.658
3.996 3.591 3.642
4.014 3.599 3.638
4.040 3.578 3.648
4.032 3.546 3.657
4.042 3.540 3.637
4.042 3.552 3.655
4.030 3.559 3.664
4.043 3.574 3.647
4.042 3.554 3.667
4.057 3.554 3.664
4.055 3.566 3.660
4.041 3.578 3.656
4.032 3.575 3.676
4.025 3.569 3.700
4.038 3.560 3.679
4.051 3.570 3.653
4.050 3.581 3.675
4.016 3.592 3.699
4.023 3.598 3.667
4.017 3.600 3.634
4.003 3.573 3.664
4.015 3.571 3.647
4.023 3.579 3.631
4.004 3.587 3.658
4.003 3.615 3.643
4.005 3.610 3.629
4.019 3.592 3.631
4.048 3.582 3.648
4.065 3.574 3.665
4.072 3.564 3.660
4.064 3.554 3.635
4.081 3.546 3.654
4.082 3.539 3.654
4.073 3.543 3.633
4.030 3.547 3.655
4.008 3.557 3.650
4.005 3.561 3.676
3.990 3.567 3.692
4.003 3.576 3.678
3.971 3.577 3.666
3.934 3.582 3.651
3.937 3.595 3.643
3.960 3.592 3.635
3.974 3.577 3.631
3.986 3.570 3.644
3.997 3.566 3.649
3.998 3.562 3.652
4.013 3.567 3.636
4.009 3.573 3.659
4.012 3.566 3.670
4.015 3.572 3.650
4.005 3.579 3.629
3.999 3.583 3.626
4.004 3.588 3.647
3.989 3.582 3.664
4.005 3.588 3.647
4.014 3.594 3.657
4.019 3.593 3.662
4.034 3.582 3.658
4.031 3.574 3.652
4.033 3.576 3.618
4.032 3.582 3.623
4.017 3.588 3.628
4.013 3.585 3.617
4.008 3.581 3.612
4.002 3.569 3.637
4.025 3.566 3.636
4.038 3.563 3.634
4.058 3.554 3.628
4.080 3.553 3.615
4.093 3.553 3.601
4.100 3.553 3.591
4.097 3.565 3.605
4.087 3.575 3.618
4.098 3.578 3.611
4.093 3.589 3.596
4.068 3.594 3.595
4.051 3.591 3.609
4.036 3.589 3.623
4.025 3.588 3.630
4.026 3.598 3.613
4.025 3.610 3.596
4.014 3.612 3.579
4.005 3.612 3.564
3.996 3.612 3.546
3.987 3.610 3.562
3.980 3.603 3.585
3.985 3.599 3.593
3.989 3.604 3.592
3.976 3.610 3.590
3.955 3.617 3.590
3.934 3.624 3.589
3.930 3.617 3.584
3.928 3.614 3.574
3.928 3.609 3.574
3.938 3.600 3.577
3.947 3.592 3.582
3.951 3.587 3.588
3.956 3.588 3.586
3.960 3.595 3.580
3.966 3.600 3.575
3.971 3.604 3.570
3.974 3.611 3.563
3.976 3.615 3.560
3.979 3.616 3.562
3.982 3.614 3.562
3.990 3.611 3.563
3.995 3.608 3.563
3.994 3.608 3.563
3.995 3.608 3.563
3.992 3.609 3.561
3.992 3.611 3.560
3.990 3.613 3.558
3.987 3.616 3.556
3.986 3.623 3.549
3.984 3.630 3.544
3.981 3.636 3.539
3.980 3.640 3.534
3.985 3.640 3.528
3.987 3.638 3.527
3.992 3.632 3.528
3.995 3.627 3.529
3.999 3.622 3.530
3.997 3.621 3.531
3.997 3.620 3.534
3.996 3.617 3.537
3.995 3.617 3.540
3.992 3.615 3.542
3.990 3.613 3.546
3.990 3.611 3.548
3.990 3.612 3.551
3.987 3.612 3.551
3.986 3.615 3.548
3.985 3.616 3.548
3.985 3.616 3.547
3.984 3.616 3.547
3.983 3.613 3.548
3.983 3.612 3.548
3.982 3.610 3.550
3.980 3.609 3.551
3.981 3.608 3.553
3.978 3.607 3.556
3.976 3.610 3.555
3.973 3.611 3.556
3.971 3.611 3.556
3.971 3.611 3.555
3.970 3.612 3.556
3.971 3.611 3.557
3.969 3.608 3.559
3.969 3.608 3.561
3.966 3.608 3.565
3.965 3.607 3.568
3.961 3.608 3.569
3.958 3.611 3.569
3.956 3.612 3.568
3.956 3.615 3.568
3.953 3.616 3.565
3.952 3.617 3.565
3.951 3.617 3.563
3.949 3.619 3.559
3.946 3.619 3.556
3.944 3.620 3.553
3.940 3.622 3.549
3.937 3.624 3.545
3.940 3.621 3.540
3.943 3.619 3.538
3.946 3.616 3.538
3.949 3.613 3.536
3.953 3.608 3.536
3.958 3.603 3.537
3.960 3.597 3.538
3.964 3.592 3.540
3.962 3.592 3.541
3.959 3.593 3.542
3.956 3.594 3.543
3.955 3.594 3.543
3.952 3.595 3.545
3.948 3.596 3.546
3.945 3.598 3.548
3.941 3.598 3.550
3.940 3.599 3.550
3.936 3.600 3.551
3.934 3.601 3.551
3.933 3.603 3.552
3.934 3.603 3.551
3.935 3.604 3.551
3.935 3.606 3.548
3.934 3.610 3.546
3.933 3.612 3.545
3.933 3.614 3.544
3.934 3.615 3.546
3.932 3.612 3.551
3.932 3.610 3.556
3.931 3.607 3.560
3.931 3.605 3.565
3.931 3.601 3.568
3.933 3.602 3.568
3.934 3.603 3.566
3.936 3.605 3.564
3.937 3.606 3.559
3.938 3.608 3.553
3.937 3.612 3.547
3.936 3.612 3.545
3.934 3.612 3.545
3.935 3.613 3.548
3.932 3.614 3.552
3.933 3.613 3.554
3.933 3.613 3.554
3.935 3.615 3.553
3.936 3.616 3.550
3.938 3.618 3.548
3.941 3.618 3.546
3.940 3.619 3.546
3.938 3.618 3.548
3.935 3.615 3.548
3.935 3.613 3.548
3.932 3.612 3.546
3.931 3.610 3.546
3.931 3.610 3.568
3.931 3.609 3.590
3.930 3.609 3.594
3.930 3.609 3.591
3.930 3.609 3.586
3.930 3.610 3.583
3.926 3.613 3.582
3.923 3.615 3.585
3.920 3.617 3.590
3.915 3.619 3.592
3.913 3.620 3.590
3.915 3.622 3.583
3.918 3.624 3.576
3.919 3.624 3.573
3.919 3.626 3.570
3.920 3.629 3.566
3.922 3.626 3.569
3.922 3.623 3.571
3.923 3.620 3.573
3.924 3.619 3.574
3.925 3.616 3.577
3.926 3.613 3.578
3.926 3.612 3.578
3.926 3.612 3.578
3.926 3.612 3.576
3.925 3.612 3.576
3.927 3.611 3.576
3.929 3.611 3.578
3.932 3.611 3.580
3.934 3.611 3.581
3.937 3.611 3.580
3.940 3.612 3.579
3.943 3.608 3.581
3.946 3.606 3.583
3.949 3.603 3.583
3.951 3.601 3.584
3.954 3.599 3.585
3.956 3.597 3.586
3.957 3.597 3.587
3.959 3.598 3.586
3.958 3.597 3.587
3.959 3.597 3.589
3.960 3.598 3.590
3.961 3.599 3.589
3.961 3.601 3.588
3.963 3.603 3.586
3.964 3.605 3.583
3.964 3.606 3.582
3.963 3.608 3.580
3.965 3.608 3.581
3.965 3.609 3.583
3.968 3.609 3.584
3.969 3.610 3.585
3.969 3.608 3.587
3.971 3.605 3.590
3.975 3.600 3.592
3.976 3.595 3.595
3.980 3.590 3.597
3.981 3.589 3.596
3.982 3.589 3.595
3.984 3.590 3.597
3.983 3.590 3.599
3.983 3.593 3.599
3.984 3.593 3.598
3.983 3.598 3.595
3.981 3.605 3.591
3.978 3.610 3.588
3.978 3.617 3.585
3.976 3.623 3.582
3.974 3.625 3.580
3.980 3.619 3.581
3.985 3.613 3.580
3.990 3.606 3.582
3.995 3.602 3.582
4.000 3.597 3.585
3.999 3.596 3.588
3.998 3.596 3.592
3.997 3.596 3.595
3.995 3.600 3.594
3.995 3.605 3.592
3.993 3.610 3.591
3.992 3.613 3.590
3.995 3.614 3.588
3.998 3.615 3.588
3.998 3.616 3.587
3.999 3.617 3.584
4.001 3.618 3.582
4.003 3.618 3.578
4.003 3.618 3.576
4.006 3.616 3.577
4.006 3.613 3.578
4.005 3.612 3.581
4.003 3.612 3.585
4.001 3.612 3.588
4.000 3.613 3.590
3.996 3.615 3.592
3.995 3.617 3.591
3.992 3.620 3.587
3.990 3.622 3.583
3.989 3.624 3.578
3.987 3.625 3.575
3.986 3.627 3.569
3.986 3.627 3.565
3.987 3.626 3.560
3.989 3.626 3.554
3.990 3.623 3.551
3.992 3.621 3.554
3.992 3.619 3.557
3.992 3.617 3.561
3.990 3.615 3.565
3.989 3.616 3.568
3.987 3.615 3.572
3.984 3.616 3.574
3.985 3.617 3.575
3.985 3.615 3.575
3.986 3.614 3.575
3.986 3.612 3.576
3.985 3.612 3.575
3.985 3.611 3.575
3.983 3.614 3.575
3.978 3.619 3.575
3.974 3.624 3.576
3.968 3.629 3.576
3.963 3.634 3.578
3.966 3.632 3.578
3.970 3.628 3.579
3.973 3.627 3.576
3.977 3.624 3.574
3.979 3.620 3.572
3.983 3.616 3.571
3.981 3.615 3.568
3.982 3.615 3.566
3.982 3.613 3.564
3.981 3.612 3.563
3.980 3.613 3.561
3.980 3.612 3.558
3.978 3.610 3.556
3.979 3.609 3.554
3.978 3.607 3.558
3.977 3.606 3.562
3.976 3.604 3.565
3.974 3.604 3.568
3.973 3.601 3.572
3.972 3.602 3.575
3.971 3.603 3.577
3.969 3.606 3.581
3.967 3.607 3.582
3.965 3.610 3.582
3.963 3.611 3.576
3.960 3.609 3.573
3.957 3.609 3.568
3.958 3.607 3.564
3.959 3.602 3.560
3.961 3.598 3.563
3.961 3.593 3.568
3.964 3.592 3.568
3.965 3.591 3.570
3.956 3.600 3.571
3.948 3.607 3.573
3.940 3.615 3.572
3.932 3.619 3.573
3.924 3.621 3.575
3.919 3.622 3.576
3.920 3.615 3.578
3.922 3.607 3.582
3.924 3.603 3.584
3.926 3.604 3.580
3.927 3.607 3.575
3.927 3.610 3.572
3.926 3.612 3.571
3.926 3.615 3.569
3.926 3.618 3.568
3.927 3.618 3.570
3.929 3.615 3.572
3.932 3.612 3.573
3.934 3.609 3.575
3.938 3.607 3.576
3.940 3.605 3.577
3.944 3.603 3.577
3.945 3.601 3.578
3.947 3.600 3.578
3.948 3.600 3.578
3.949 3.600 3.580
3.949 3.599 3.580
3.951 3.599 3.580
3.955 3.595 3.579
3.958 3.593 3.578
3.961 3.591 3.577
3.966 3.590 3.576
3.969 3.588 3.575
3.970 3.589 3.573
3.969 3.594 3.571
3.968 3.597 3.568
3.967 3.600 3.568
3.964 3.601 3.570
3.964 3.601 3.573
3.965 3.598 3.573
3.969 3.593 3.575
3.971 3.589 3.577
3.973 3.588 3.575
3.976 3.589 3.572
3.975 3.591 3.571
3.972 3.597 3.569
3.969 3.604 3.568
3.965 3.608 3.573
3.962 3.614 3.574
3.960 3.618 3.578
3.958 3.620 3.577
3.965 3.617 3.578
3.971 3.611 3.580
3.976 3.603 3.583
3.980 3.597 3.587
3.988 3.589 3.590
3.987 3.586 3.593
3.985 3.587 3.595
3.986 3.587 3.597
3.986 3.588 3.599
3.982 3.588 3.601
3.983 3.589 3.602
3.982 3.590 3.603
3.982 3.589 3.604
3.981 3.591 3.603
3.982 3.593 3.603
3.982 3.594 3.602
3.980 3.596 3.602
3.981 3.596 3.602
3.983 3.595 3.600
3.983 3.595 3.597
3.983 3.594 3.596
3.983 3.595 3.594
3.981 3.596 3.592
3.975 3.599 3.592
3.971 3.600 3.592
3.964 3.602 3.593
3.960 3.605 3.593
3.963 3.598 3.595
3.966 3.593 3.594
3.968 3.592 3.590
3.970 3.589 3.587
3.972 3.589 3.585
3.973 3.588 3.587
3.974 3.589 3.588
3.976 3.589 3.588
3.978 3.592 3.587
3.980 3.592 3.586
3.983 3.594 3.586
3.980 3.603 3.585
3.976 3.607 3.586
3.973 3.608 3.587
3.970 3.611 3.587
3.968 3.613 3.587
3.968 3.611 3.588
3.972 3.606 3.587
3.976 3.603 3.586
3.978 3.599 3.585
3.983 3.595 3.587
3.985 3.592 3.587
3.985 3.593 3.588
3.984 3.596 3.587
3.981 3.599 3.586
3.980 3.603 3.585
3.978 3.607 3.583
3.976 3.611 3.580
3.975 3.613 3.580
3.972 3.614 3.581
3.971 3.614 3.580
3.971 3.615 3.580
3.967 3.617 3.578
3.966 3.618 3.578
3.963 3.619 3.578
3.965 3.613 3.578
3.970 3.608 3.576
3.977 3.601 3.576
3.982 3.593 3.575
3.985 3.587 3.574
3.981 3.588 3.574
3.977 3.590 3.574
3.973 3.592 3.575
3.967 3.593 3.575
3.961 3.592 3.580
3.959 3.590 3.586
3.957 3.587 3.592
3.959 3.583 3.598
3.962 3.579 3.603
3.962 3.581 3.602
3.963 3.582 3.598
3.964 3.584 3.593
3.964 3.588 3.590
3.962 3.594 3.584
3.963 3.596 3.581
3.959 3.598 3.583
3.959 3.599 3.590
3.959 3.599 3.596
3.962 3.596 3.601
3.964 3.592 3.602
3.965 3.590 3.597
3.969 3.588 3.591
3.970 3.587 3.585
3.968 3.589 3.580
3.965 3.593 3.580
3.961 3.596 3.583
3.959 3.600 3.583
3.954 3.603 3.583
3.955 3.602 3.583
3.958 3.599 3.581
3.961 3.596 3.580
3.964 3.593 3.583
3.967 3.589 3.589
3.968 3.587 3.595
3.969 3.587 3.599
3.970 3.586 3.592
3.971 3.584 3.581
3.972 3.584 3.570
3.969 3.585 3.569
3.966 3.590 3.577
3.962 3.593 3.583
3.953 3.597 3.590
3.945 3.601 3.595
3.937 3.605 3.598
3.936 3.603 3.602
3.935 3.601 3.599
3.937 3.600 3.592
3.937 3.601 3.583
3.935 3.604 3.574
3.934 3.606 3.575
3.934 3.610 3.574
3.934 3.612 3.575
3.932 3.615 3.576
3.932 3.615 3.581
3.931 3.613 3.587
3.929 3.612 3.593
3.931 3.608 3.598
3.931 3.605 3.602
3.932 3.605 3.601
3.934 3.608 3.598
3.934 3.613 3.594
3.934 3.616 3.590
3.936 3.619 3.587
3.937 3.622 3.583
3.938 3.621 3.584
3.939 3.618 3.583
3.939 3.616 3.581
3.939 3.616 3.578
3.940 3.614 3.578
3.939 3.614 3.579
3.939 3.614 3.581
3.939 3.613 3.581
3.940 3.614 3.582
3.940 3.614 3.582
3.940 3.615 3.582
3.939 3.616 3.581
3.940 3.615 3.580
3.940 3.616 3.578
3.940 3.617 3.575
3.941 3.618 3.574
3.941 3.616 3.574
3.941 3.613 3.574
3.942 3.611 3.574
3.942 3.608 3.576
3.943 3.606 3.576
3.943 3.603 3.576
3.944 3.601 3.575
3.944 3.601 3.576
3.943 3.600 3.582
3.944 3.597 3.588
3.944 3.598 3.592
3.944 3.597 3.596
3.945 3.599 3.595
3.944 3.599 3.595
3.944 3.600 3.593
3.945 3.600 3.592
3.944 3.601 3.587
3.945 3.600 3.583
3.946 3.599 3.578
3.947 3.597 3.574
3.949 3.596 3.575
3.949 3.595 3.580
3.949 3.595 3.585
3.950 3.594 3.590
3.951 3.595 3.589
3.951 3.594 3.586
3.951 3.593 3.582
3.952 3.594 3.581
3.952 3.595 3.583
3.951 3.594 3.588
3.952 3.594 3.590
3.954 3.594 3.591
3.954 3.592 3.590
3.954 3.592 3.589
3.954 3.593 3.588
3.954 3.592 3.585
3.955 3.591 3.585
3.956 3.591 3.584
3.958 3.590 3.581
3.958 3.590 3.580
3.961 3.591 3.576
3.961 3.591 3.577
3.963 3.590 3.578
3.963 3.591 3.581
3.966 3.591 3.581
3.965 3.592 3.580
3.962 3.595 3.578
3.962 3.600 3.576
3.956 3.603 3.576
3.955 3.603 3.576
3.951 3.605 3.576
3.948 3.604 3.576
3.947 3.601 3.577
3.948 3.600 3.580
3.946 3.600 3.582
3.945 3.601 3.582
3.945 3.602 3.580
3.944 3.605 3.578
3.942 3.608 3.577
3.939 3.611 3.576
3.938 3.613 3.578
3.936 3.614 3.582
3.937 3.611 3.586
3.943 3.604 3.588
3.949 3.597 3.588
3.956 3.591 3.586
3.962 3.586 3.586
3.965 3.582 3.588
3.962 3.585 3.588
3.960 3.588 3.588
3.959 3.590 3.588
3.955 3.592 3.588
3.954 3.594 3.589
3.957 3.592 3.590
3.960 3.587 3.592
3.963 3.584 3.593
3.966 3.584 3.592
3.969 3.582 3.590
3.966 3.587 3.589
3.964 3.592 3.588
3.961 3.597 3.586
3.959 3.600 3.587
3.955 3.603 3.588
3.951 3.606 3.589
3.952 3.605 3.590
3.953 3.604 3.590
3.954 3.603 3.590
3.954 3.601 3.590
3.955 3.599 3.591
3.955 3.598 3.591
3.956 3.596 3.590
3.956 3.594 3.592
3.957 3.593 3.593
3.957 3.591 3.595
3.955 3.589 3.598
3.954 3.587 3.599
3.955 3.583 3.602
3.954 3.583 3.604
3.951 3.584 3.605
3.950 3.585 3.604
3.949 3.587 3.603
3.949 3.588 3.601
3.947 3.590 3.597
3.944 3.589 3.597
3.943 3.591 3.595
3.940 3.591 3.592
3.940 3.590 3.590
3.938 3.591 3.586
3.937 3.593 3.582
3.935 3.593 3.579
3.932 3.594 3.577
3.929 3.599 3.574
3.927 3.603 3.573
3.925 3.607 3.575
3.923 3.611 3.578
3.919 3.616 3.580
3.922 3.614 3.582
3.924 3.612 3.582
3.927 3.612 3.581
3.928 3.608 3.582
3.927 3.607 3.582
3.928 3.603 3.583
3.929 3.601 3.583
3.929 3.598 3.585
3.929 3.595 3.585
3.931 3.598 3.580
3.929 3.601 3.575
3.926 3.609 3.570
3.922 3.615 3.566
3.918 3.623 3.561
3.915 3.627 3.558
3.910 3.626 3.562
3.909 3.622 3.566
3.908 3.615 3.571
3.910 3.608 3.577
3.910 3.604 3.582
3.911 3.604 3.581
3.910 3.603 3.582
3.911 3.603 3.581
3.912 3.602 3.581
3.912 3.601 3.581
3.913 3.601 3.580
3.914 3.601 3.579
3.914 3.602 3.578
3.912 3.604 3.578
3.912 3.605 3.576
3.910 3.607 3.575
3.910 3.608 3.573
3.908 3.609 3.572
3.910 3.611 3.571
3.910 3.612 3.571
3.910 3.613 3.569
3.911 3.613 3.569
3.911 3.612 3.573
3.912 3.610 3.574
3.914 3.607 3.576
3.916 3.603 3.578
3.918 3.600 3.580
3.920 3.603 3.578
3.922 3.605 3.575
3.924 3.606 3.573
3.928 3.606 3.570
3.931 3.606 3.567
3.932 3.605 3.567
3.934 3.599 3.570
3.935 3.596 3.573
3.934 3.595 3.576
3.931 3.595 3.579
3.929 3.595 3.583
3.928 3.599 3.581
3.924 3.604 3.580
3.924 3.606 3.578
3.927 3.605 3.577
3.931 3.603 3.576
3.934 3.597 3.578
3.937 3.592 3.581
3.940 3.585 3.585
3.939 3.587 3.588
3.935 3.590 3.592
3.929 3.597 3.592
3.925 3.606 3.589
3.923 3.614 3.583
3.917 3.622 3.576
3.920 3.624 3.569
3.921 3.626 3.563
3.922 3.623 3.566
3.925 3.619 3.571
3.925 3.616 3.575
3.928 3.612 3.578
3.928 3.608 3.584
3.929 3.606 3.588
3.931 3.605 3.590
3.932 3.601 3.594
3.932 3.600 3.596
3.934 3.597 3.598
3.934 3.596 3.599
3.937 3.599 3.595
3.936 3.601 3.592
3.938 3.606 3.586
3.939 3.610 3.581
3.936 3.616 3.576
3.936 3.620 3.572
3.937 3.619 3.571
3.934 3.621 3.571
3.934 3.620 3.571
3.936 3.619 3.570
3.939 3.617 3.568
3.939 3.613 3.570
3.939 3.611 3.571
3.940 3.610 3.571
3.936 3.608 3.573
3.934 3.608 3.575
3.931 3.608 3.575
3.927 3.611 3.573
3.924 3.613 3.572
3.924 3.611 3.571
3.925 3.608 3.576
3.926 3.608 3.583
3.927 3.607 3.588
3.929 3.607 3.590
3.930 3.606 3.589
3.931 3.604 3.586
3.932 3.604 3.585
3.932 3.600 3.586
3.932 3.597 3.587
3.931 3.595 3.587
3.927 3.597 3.588
3.922 3.600 3.589
3.918 3.602 3.590
3.913 3.609 3.587
3.907 3.613 3.586
3.905 3.615 3.585
3.907 3.613 3.583
3.911 3.611 3.582
3.914 3.609 3.583
3.916 3.605 3.585
3.917 3.602 3.589
3.915 3.601 3.591
3.915 3.600 3.594
3.913 3.598 3.598
3.913 3.593 3.602
3.912 3.588 3.606
3.910 3.582 3.609
3.911 3.578 3.613
3.909 3.574 3.617
3.908 3.578 3.612
3.907 3.584 3.605
3.908 3.587 3.600
3.910 3.590 3.593
3.912 3.593 3.588
3.914 3.596 3.585
3.916 3.597 3.583
3.912 3.601 3.582
3.910 3.605 3.578
3.905 3.609 3.576
3.902 3.615 3.572
3.900 3.615 3.572
3.895 3.617 3.572
3.893 3.618 3.570
3.889 3.620 3.568
3.887 3.622 3.565
3.881 3.623 3.563
3.881 3.621 3.562
3.884 3.618 3.559
3.888 3.614 3.565
3.893 3.611 3.568
3.899 3.610 3.572
3.903 3.611 3.571
3.905 3.613 3.571
3.907 3.617 3.568
3.910 3.620 3.563
3.912 3.623 3.558
3.916 3.619 3.559
3.916 3.614 3.562
3.916 3.611 3.564
3.917 3.606 3.566
3.919 3.602 3.573
3.919 3.601 3.577
3.920 3.604 3.577
3.920 3.605 3.577
3.921 3.604 3.577
3.920 3.604 3.573
3.920 3.604 3.569
3.918 3.602 3.566
3.916 3.603 3.563
3.915 3.603 3.559
3.912 3.603 3.561
3.908 3.604 3.565
3.906 3.603 3.570
3.904 3.604 3.573
3.905 3.603 3.578
3.904 3.602 3.583
3.905 3.602 3.584
3.903 3.605 3.581
3.902 3.608 3.579
3.901 3.610 3.577
3.901 3.613 3.575
3.900 3.616 3.572
3.900 3.616 3.573
3.899 3.617 3.575
3.900 3.616 3.576
3.900 3.615 3.578
3.899 3.614 3.579
3.898 3.614 3.580
3.898 3.613 3.576
3.899 3.611 3.573
3.899 3.608 3.570
3.900 3.606 3.566
3.901 3.606 3.561
3.901 3.610 3.559
3.900 3.611 3.565
3.905 3.611 3.569
3.909 3.610 3.575
3.914 3.609 3.580
3.917 3.608 3.586
3.920 3.606 3.590
3.924 3.604 3.588
3.927 3.603 3.586
3.931 3.601 3.583
3.935 3.600 3.582
3.937 3.597 3.581
3.939 3.597 3.578
3.939 3.599 3.576
3.939 3.601 3.573
3.937 3.603 3.572
3.937 3.600 3.573
3.936 3.600 3.573
3.935 3.599 3.576
3.934 3.599 3.590
3.935 3.599 3.604
3.932 3.599 3.610
3.932 3.600 3.584
3.933 3.600 3.558
3.933 3.600 3.556
3.932 3.601 3.556
3.933 3.602 3.558
3.935 3.604 3.559
3.935 3.604 3.562
3.938 3.601 3.567
3.940 3.602 3.570
3.943 3.598 3.576
3.944 3.595 3.579
3.944 3.593 3.582
3.946 3.591 3.585
3.945 3.590 3.587
3.945 3.590 3.587
3.941 3.592 3.584
3.944 3.592 3.580
3.946 3.591 3.577
3.949 3.589 3.572
3.953 3.588 3.568
3.955 3.588 3.564
3.958 3.588 3.568
3.956 3.591 3.573
3.956 3.594 3.576
3.954 3.596 3.580
3.955 3.599 3.582
3.956 3.600 3.583
3.961 3.599 3.586
3.963 3.600 3.587
3.967 3.599 3.590
3.968 3.600 3.586
3.968 3.601 3.582
3.970 3.601 3.577
3.970 3.602 3.573
3.971 3.602 3.569
3.972 3.602 3.565
3.974 3.600 3.566
3.971 3.598 3.571
3.968 3.596 3.576
3.966 3.596 3.580
3.963 3.595 3.584
3.961 3.597 3.587
3.956 3.600 3.587
3.951 3.604 3.586
3.948 3.607 3.586
3.944 3.611 3.585
3.939 3.613 3.586
3.935 3.614 3.587
3.940 3.609 3.587
3.946 3.604 3.584
3.951 3.599 3.580
3.955 3.592 3.578
3.960 3.587 3.574
3.962 3.583 3.570
3.959 3.583 3.567
3.958 3.583 3.564
3.956 3.583 3.565
3.953 3.589 3.564
3.951 3.595 3.564
3.952 3.599 3.563
3.953 3.605 3.562
3.954 3.608 3.562
3.955 3.611 3.563
3.955 3.608 3.567
3.956 3.607 3.570
3.955 3.603 3.574
3.952 3.601 3.576
3.950 3.600 3.579
3.950 3.600 3.579
3.948 3.598 3.580
3.949 3.594 3.582
3.949 3.593 3.583
3.947 3.592 3.583
3.946 3.593 3.582
3.951 3.593 3.582
3.954 3.592 3.580
3.956 3.592 3.580
3.959 3.592 3.580
3.961 3.594 3.580
3.965 3.595 3.580
3.968 3.594 3.579
3.974 3.593 3.580
3.975 3.594 3.579
3.981 3.592 3.580
3.984 3.592 3.580
3.990 3.590 3.582
3.993 3.590 3.582
3.995 3.589 3.583
3.999 3.591 3.585
4.003 3.592 3.586
4.004 3.594 3.587
4.008 3.597 3.588
4.009 3.600 3.589
4.010 3.603 3.589
4.009 3.604 3.590
4.010 3.607 3.591
4.011 3.607 3.592
4.011 3.608 3.592
4.012 3.607 3.592
4.014 3.602 3.598
4.014 3.594 3.602
4.018 3.587 3.606
4.019 3.579 3.610
4.022 3.572 3.614
4.024 3.570 3.614
4.026 3.572 3.609
4.027 3.576 3.604
4.025 3.581 3.599
4.014 3.587 3.594
4.003 3.595 3.582
3.992 3.608 3.565
3.981 3.622 3.562
3.982 3.623 3.558
3.987 3.619 3.555
3.982 3.617 3.558
3.978 3.625 3.564
3.972 3.640 3.563
3.975 3.647 3.561
3.978 3.639 3.580
3.978 3.633 3.602
3.989 3.625 3.617
3.992 3.619 3.621
3.993 3.612 3.624
4.003 3.602 3.620
4.015 3.591 3.623
4.006 3.582 3.628
4.027 3.564 3.615
4.005 3.548 3.612
3.996 3.536 3.618
3.981 3.555 3.599
3.957 3.573 3.600
3.931 3.591 3.595
3.926 3.611 3.583
3.930 3.618 3.575
3.936 3.624 3.562
3.939 3.636 3.557
3.942 3.647 3.552
3.977 3.638 3.547
3.996 3.633 3.554
4.009 3.624 3.559
4.037 3.617 3.571
4.048 3.610 3.590
4.050 3.601 3.605
4.062 3.586 3.595
4.071 3.571 3.595
4.079 3.559 3.613
4.084 3.567 3.604
4.084 3.574 3.594
4.088 3.580 3.579
4.082 3.584 3.575
4.085 3.589 3.557
4.076 3.595 3.542
4.067 3.603 3.537
4.057 3.608 3.556
4.060 3.607 3.558
4.057 3.595 3.584
4.062 3.591 3.588
4.069 3.591 3.576
4.066 3.591 3.571
4.063 3.590 3.597
4.075 3.579 3.607
4.072 3.570 3.600
4.074 3.571 3.575
4.053 3.575 3.579
4.037 3.579 3.583
4.055 3.558 3.595
4.068 3.545 3.595
4.069 3.534 3.606
4.063 3.537 3.586
4.059 3.539 3.569
4.077 3.549 3.569
4.056 3.557 3.548
4.023 3.567 3.568
4.042 3.572 3.550
4.031 3.587 3.532
4.005 3.603 3.551
4.008 3.615 3.530
4.032 3.624 3.541
4.052 3.631 3.543
4.033 3.633 3.530
4.007 3.635 3.514
4.002 3.631 3.540
4.007 3.626 3.541
3.985 3.623 3.564
4.002 3.612 3.546
4.008 3.600 3.544
4.012 3.593 3.579
4.024 3.601 3.546
4.035 3.599 3.534
4.040 3.596 3.528
4.065 3.598 3.520
4.064 3.600 3.537
4.066 3.599 3.548
4.056 3.593 3.536
4.055 3.589 3.560
4.076 3.579 3.550
4.068 3.581 3.548
4.062 3.578 3.567
4.065 3.562 3.561
4.063 3.566 3.578
4.079 3.564 3.585
4.067 3.565 3.568
4.046 3.567 3.595
4.030 3.575 3.610
4.047 3.561 3.605
4.036 3.541 3.631
4.054 3.538 3.612
4.039 3.541 3.605
4.036 3.538 3.624
4.052 3.528 3.629
4.024 3.561 3.598
4.031 3.582 3.577
4.052 3.605 3.551
4.021 3.629 3.565
4.038 3.629 3.560
4.029 3.616 3.564
4.043 3.604 3.584
4.051 3.610 3.559
4.051 3.617 3.581
4.014 3.618 3.613
4.009 3.612 3.614
4.037 3.598 3.618
4.047 3.606 3.601
4.063 3.611 3.583
4.044 3.617 3.590
4.027 3.613 3.594
4.006 3.615 3.593
4.008 3.638 3.587
4.053 3.637 3.565
4.044 3.640 3.555
4.019 3.643 3.574
4.039 3.626 3.568
4.030 3.628 3.559
4.053 3.615 3.562
4.062 3.618 3.552
4.063 3.621 3.571
4.057 3.608 3.589
4.063 3.609 3.567
4.056 3.623 3.544
4.076 3.621 3.532
4.071 3.626 3.532
4.047 3.626 3.550
4.063 3.582 3.571
4.055 3.596 3.574
4.039 3.607 3.567
4.057 3.602 3.553
4.049 3.597 3.575
4.042 3.601 3.595
4.030 3.627 3.579
4.042 3.620 3.567
4.055 3.612 3.552
4.060 3.616 3.564
4.045 3.621 3.580
4.053 3.619 3.552
4.052 3.614 3.570
4.055 3.613 3.563
4.067 3.616 3.556
4.056 3.620 3.556
4.043 3.628 3.571
4.029 3.649 3.560
4.043 3.636 3.567
4.053 3.630 3.558
4.058 3.627 3.564
4.051 3.624 3.570
4.038 3.616 3.589
4.036 3.609 3.596
4.050 3.605 3.598
4.068 3.592 3.596
4.059 3.592 3.581
4.045 3.594 3.608
4.053 3.597 3.588
4.060 3.600 3.606
4.046 3.608 3.596
4.061 3.609 3.551
4.047 3.612 3.572
4.010 3.611 3.587
4.017 3.620 3.595
4.024 3.623 3.583
4.048 3.616 3.575
4.061 3.609 3.585
4.021 3.603 3.621
4.007 3.611 3.614
4.016 3.593 3.624
4.024 3.575 3.643
4.043 3.579 3.614
4.039 3.586 3.634
4.030 3.582 3.644
4.048 3.567 3.630
4.034 3.578 3.638
4.042 3.582 3.617
4.045 3.593 3.609
4.021 3.605 3.623
4.022 3.613 3.605
4.014 3.609 3.618
4.024 3.596 3.643
4.028 3.590 3.622
3.989 3.585 3.632
3.965 3.577 3.658
3.951 3.575 3.641
3.960 3.568 3.659
4.009 3.562 3.643
4.028 3.565 3.615
4.031 3.567 3.631
3.980 3.577 3.629
3.950 3.593 3.633
4.000 3.560 3.628
4.012 3.560 3.594
4.026 3.580 3.572
4.000 3.603 3.572
4.010 3.597 3.561
4.006 3.586 3.559
3.983 3.621 3.551
4.012 3.607 3.528
4.040 3.594 3.538
4.050 3.580 3.562
4.050 3.568 3.570
4.028 3.569 3.571
4.009 3.587 3.597
4.026 3.585 3.588
4.009 3.598 3.577
3.977 3.610 3.598
3.984 3.604 3.585
3.957 3.610 3.599
3.951 3.627 3.597
3.980 3.626 3.582
3.985 3.624 3.584
3.982 3.620 3.600
4.001 3.615 3.590
3.982 3.628 3.596
3.970 3.636 3.591
3.974 3.649 3.579
3.967 3.662 3.583
3.976 3.656 3.572
3.994 3.647 3.583
3.985 3.673 3.562
3.994 3.679 3.540
4.012 3.672 3.540
4.012 3.666 3.540
4.016 3.656 3.558
4.010 3.643 3.575
4.018 3.655 3.555
4.009 3.643 3.542
4.009 3.636 3.521
4.003 3.630 3.571
4.029 3.613 3.578
4.037 3.595 3.570
4.020 3.583 3.610
4.028 3.584 3.600
4.020 3.591 3.583
4.001 3.590 3.598
4.001 3.590 3.602
4.010 3.584 3.592
4.043 3.569 3.619
4.063 3.583 3.602
4.036 3.596 3.603
4.017 3.607 3.612
4.017 3.628 3.600
4.024 3.627 3.594
4.031 3.624 3.589
4.036 3.627 3.573
4.005 3.633 3.581
4.014 3.628 3.572
4.021 3.632 3.548
4.007 3.644 3.563
4.005 3.650 3.550
3.987 3.656 3.564
3.966 3.652 3.593
3.978 3.646 3.575
3.976 3.657 3.574
3.965 3.654 3.567
3.958 3.649 3.566
3.949 3.644 3.568
3.948 3.626 3.593
3.961 3.610 3.588
3.954 3.620 3.579
3.958 3.623 3.580
3.957 3.626 3.571
3.932 3.626 3.583
3.945 3.614 3.591
3.960 3.607 3.582
3.971 3.597 3.604
3.982 3.601 3.601
3.995 3.611 3.597
3.965 3.615 3.623
3.973 3.615 3.608
3.976 3.623 3.601
3.986 3.625 3.615
3.985 3.629 3.617
3.984 3.631 3.614
3.983 3.634 3.610
3.990 3.640 3.592
3.981 3.654 3.572
3.982 3.655 3.562
3.992 3.653 3.552
3.984 3.650 3.572
3.994 3.648 3.570
3.989 3.656 3.573
3.970 3.660 3.586
3.989 3.649 3.593
3.989 3.644 3.605
3.980 3.639 3.617
3.985 3.635 3.610
3.991 3.630 3.610
3.989 3.615 3.615
3.991 3.609 3.618
3.974 3.600 3.624
3.965 3.594 3.634
3.954 3.589 3.638
3.929 3.600 3.630
3.927 3.600 3.616
3.940 3.595 3.613
3.935 3.591 3.624
3.936 3.586 3.625
3.935 3.588 3.613
3.928 3.589 3.616
3.932 3.586 3.624
3.942 3.590 3.617
3.948 3.593 3.615
3.963 3.593 3.615
3.973 3.593 3.611
3.973 3.593 3.618
3.983 3.589 3.618
3.990 3.592 3.605
3.996 3.595 3.600
3.997 3.599 3.598
3.988 3.605 3.593
3.978 3.611 3.593
3.979 3.611 3.595
3.980 3.611 3.597
3.978 3.610 3.599
3.975 3.606 3.601
3.973 3.601 3.601
3.972 3.596 3.601
3.970 3.591 3.603
3.968 3.586 3.611
3.966 3.583 3.617
3.963 3.583 3.620
3.961 3.583 3.624
3.959 3.582 3.626
3.960 3.576 3.630
3.962 3.571 3.632
3.964 3.567 3.634
3.966 3.567 3.632
3.968 3.567 3.631
3.966 3.571 3.630
3.961 3.576 3.629
3.957 3.581 3.626
3.953 3.587 3.621
3.950 3.592 3.618
3.947 3.597 3.615
3.949 3.598 3.613
3.952 3.598 3.610
3.956 3.596 3.607
3.959 3.596 3.604
3.963 3.595 3.601
3.965 3.596 3.599
3.965 3.599 3.598
3.964 3.602 3.598
3.964 3.605 3.598
3.967 3.608 3.599
3.970 3.610 3.601
3.975 3.611 3.603
3.980 3.610 3.600
3.977 3.609 3.596
3.973 3.609 3.592
3.967 3.610 3.588
3.965 3.610 3.582
3.966 3.607 3.578
3.968 3.603 3.588
3.966 3.599 3.598
3.959 3.602 3.602
3.950 3.608 3.596
3.946 3.613 3.591
3.942 3.619 3.586
3.939 3.624 3.581
3.932 3.629 3.577
3.931 3.630 3.573
3.926 3.629 3.569
3.920 3.629 3.566
3.928 3.628 3.562
3.938 3.628 3.557
3.949 3.627 3.551
3.953 3.624 3.550
3.954 3.623 3.553
3.956 3.621 3.557
3.956 3.620 3.561
3.956 3.619 3.559
3.960 3.619 3.551
3.966 3.619 3.543
3.965 3.619 3.537
3.960 3.619 3.530
3.958 3.619 3.532
3.959 3.619 3.538
3.960 3.619 3.529
3.960 3.619 3.515
3.961 3.617 3.513
3.961 3.618 3.512
3.961 3.619 3.511
3.962 3.616 3.512
3.970 3.600 3.523
3.977 3.583 3.531
3.974 3.578 3.538
3.973 3.580 3.542
3.972 3.582 3.545
3.974 3.576 3.556
3.980 3.558 3.562
3.967 3.557 3.568
3.950 3.548 3.592
3.965 3.530 3.591
3.986 3.511 3.592
3.981 3.527 3.590
3.969 3.542 3.582
3.941 3.559 3.591
3.931 3.579 3.611
3.929 3.597 3.616
3.936 3.615 3.599
3.933 3.622 3.592
3.930 3.625 3.574
3.922 3.634 3.561
3.911 3.642 3.565
3.918 3.650 3.570
3.923 3.653 3.580
3.927 3.649 3.584
3.924 3.622 3.605
3.922 3.610 3.624
3.918 3.620 3.631
3.916 3.628 3.630
3.924 3.635 3.635
3.927 3.638 3.626
3.955 3.602 3.635
3.941 3.600 3.655
3.940 3.596 3.656
3.950 3.591 3.652
3.956 3.587 3.655
3.961 3.580 3.655
3.953 3.583 3.664
3.956 3.583 3.674
3.968 3.583 3.661
3.986 3.586 3.654
3.985 3.603 3.657
3.982 3.617 3.647
3.951 3.654 3.646
3.943 3.665 3.660
3.949 3.675 3.637
3.951 3.679 3.635
3.939 3.682 3.642
3.936 3.687 3.638
3.934 3.685 3.644
3.942 3.665 3.662
3.950 3.646 3.659
3.958 3.630 3.655
3.961 3.616 3.653
3.983 3.602 3.639
3.986 3.598 3.642
3.988 3.591 3.658
4.010 3.585 3.646
4.016 3.573 3.654
4.015 3.560 3.645
4.014 3.571 3.633
4.030 3.564 3.647
4.049 3.557 3.653
4.056 3.554 3.643
4.032 3.554 3.651
4.043 3.553 3.631
4.045 3.563 3.616
4.019 3.589 3.618
3.998 3.616 3.610
3.982 3.641 3.592
3.959 3.655 3.593
3.956 3.679 3.567
3.953 3.690 3.558
3.948 3.691 3.563
3.957 3.689 3.548
3.959 3.687 3.545
3.956 3.679 3.558
3.971 3.674 3.572
3.977 3.661 3.572
3.990 3.640 3.572
4.018 3.619 3.567
4.008 3.620 3.585
3.994 3.618 3.590
4.003 3.616 3.576
3.982 3.620 3.566
3.993 3.621 3.556
4.008 3.623 3.524
3.996 3.613 3.538
3.989 3.603 3.550
3.972 3.602 3.568
3.961 3.604 3.571
3.949 3.606 3.555
3.940 3.600 3.557
3.944 3.585 3.577
3.955 3.568 3.593
3.953 3.571 3.587
3.958 3.573 3.587
3.963 3.573 3.587
3.956 3.573 3.606
3.958 3.572 3.618
3.963 3.570 3.631
3.962 3.567 3.629
3.969 3.561 3.628
3.972 3.563 3.629
3.962 3.568 3.632
3.976 3.573 3.630
3.974 3.579 3.629
3.963 3.588 3.633
3.967 3.596 3.622
3.972 3.596 3.626
3.985 3.586 3.640
3.998 3.576 3.638
3.985 3.571 3.648
3.977 3.566 3.644
3.994 3.563 3.636
3.965 3.567 3.637
3.947 3.569 3.621
3.956 3.577 3.600
3.959 3.591 3.586
3.961 3.605 3.574
3.971 3.609 3.574
3.976 3.597 3.584
3.984 3.585 3.584
3.977 3.584 3.586
3.965 3.589 3.588
3.953 3.595 3.590
3.954 3.596 3.593
3.963 3.595 3.598
3.972 3.596 3.600
3.980 3.594 3.605
3.988 3.591 3.611
3.991 3.588 3.611
3.995 3.591 3.602
3.998 3.593 3.593
3.999 3.597 3.585
3.995 3.607 3.577
3.991 3.616 3.571
3.988 3.626 3.566
3.990 3.626 3.565
3.993 3.624 3.564
3.996 3.622 3.562
3.998 3.621 3.561
3.998 3.622 3.558
4.000 3.623 3.555
4.000 3.624 3.552
4.002 3.625 3.549
4.003 3.626 3.548
4.003 3.628 3.547
4.005 3.629 3.547
4.008 3.629 3.548
4.011 3.627 3.550
4.013 3.626 3.551
4.017 3.624 3.549
4.021 3.623 3.545
4.026 3.619 3.542
4.031 3.614 3.542
4.036 3.609 3.542
4.034 3.609 3.541
4.034 3.609 3.541
4.032 3.609 3.542
4.028 3.615 3.539
4.025 3.619 3.539
4.022 3.623 3.536
4.022 3.624 3.535
4.021 3.624 3.533
4.019 3.622 3.535
4.016 3.617 3.540
4.015 3.613 3.544
4.011 3.610 3.547
4.007 3.607 3.552
4.007 3.604 3.554
4.011 3.602 3.556
4.013 3.602 3.557
4.016 3.600 3.560
4.020 3.597 3.563
4.024 3.595 3.564
4.023 3.592 3.566
4.023 3.590 3.569
4.022 3.588 3.569
4.020 3.586 3.572
4.017 3.587 3.574
4.014 3.588 3.575
4.011 3.592 3.570
4.007 3.597 3.568
4.004 3.601 3.564
4.000 3.605 3.562
3.997 3.609 3.559
3.996 3.612 3.559
3.995 3.613 3.558
3.993 3.614 3.559
3.989 3.615 3.559
3.986 3.617 3.559
3.983 3.619 3.559
3.980 3.619 3.559
3.976 3.619 3.561
3.975 3.617 3.562
3.976 3.614 3.564
3.977 3.610 3.564
3.978 3.606 3.567
3.981 3.602 3.567
3.983 3.597 3.569
3.985 3.594 3.572
3.987 3.590 3.574
3.990 3.590 3.571
3.995 3.590 3.569
4.000 3.590 3.565
3.999 3.595 3.564
4.000 3.600 3.561
4.000 3.604 3.558
4.000 3.602 3.560
4.001 3.601 3.562
3.998 3.602 3.564
3.995 3.605 3.567
3.991 3.608 3.568
3.983 3.612 3.568
3.974 3.617 3.567
3.966 3.621 3.566
3.963 3.620 3.565
3.962 3.617 3.565
3.962 3.617 3.563
3.965 3.614 3.562
3.967 3.614 3.560
3.967 3.614 3.559
3.967 3.616 3.557
3.966 3.617 3.556
3.969 3.616 3.556
3.970 3.615 3.557
3.972 3.614 3.557
3.972 3.614 3.559
3.972 3.615 3.559
3.973 3.616 3.559
3.972 3.617 3.560
3.971 3.617 3.561
3.972 3.616 3.561
3.977 3.613 3.561
3.979 3.610 3.562
3.981 3.607 3.562
3.983 3.605 3.562
3.984 3.603 3.562
3.985 3.602 3.562
3.986 3.600 3.561
3.989 3.597 3.563
3.991 3.595 3.562
3.994 3.593 3.562
3.996 3.591 3.562
3.997 3.589 3.564
4.000 3.586 3.564
3.999 3.584 3.566
3.998 3.581 3.567
3.996 3.580 3.568
3.989 3.583 3.569
3.983 3.588 3.570
3.977 3.591 3.571
3.971 3.595 3.572
3.966 3.599 3.572
3.965 3.598 3.573
3.964 3.597 3.573
3.964 3.597 3.573
3.960 3.600 3.569
3.958 3.602 3.567
3.954 3.608 3.562
3.948 3.614 3.558
3.943 3.620 3.553
3.942 3.621 3.554
3.943 3.621 3.554
3.943 3.622 3.554
3.944 3.621 3.554
3.947 3.621 3.553
3.949 3.620 3.553
3.951 3.620 3.553
3.954 3.619 3.552
3.959 3.616 3.553
3.966 3.612 3.553
3.973 3.608 3.552
3.978 3.602 3.552
3.982 3.597 3.552
3.986 3.593 3.550
3.985 3.594 3.550
3.982 3.597 3.549
3.978 3.600 3.549
3.973 3.602 3.550
3.969 3.604 3.550
3.966 3.605 3.550
3.963 3.605 3.550
3.958 3.608 3.549
3.959 3.609 3.549
3.958 3.613 3.547
3.960 3.615 3.545
3.962 3.616 3.544
3.965 3.617 3.543
3.967 3.617 3.544
3.968 3.616 3.545
3.968 3.614 3.547
3.971 3.613 3.547
3.973 3.611 3.550
3.974 3.609 3.553
3.976 3.609 3.552
3.978 3.610 3.550
3.981 3.611 3.549
3.985 3.612 3.546
3.989 3.612 3.545
3.992 3.611 3.544
3.995 3.609 3.545
3.997 3.607 3.545
3.998 3.605 3.545
3.997 3.604 3.546
3.998 3.604 3.547
4.000 3.602 3.549
4.000 3.600 3.552
4.004 3.596 3.555
4.003 3.596 3.556
4.003 3.595 3.559
4.002 3.595 3.561
4.000 3.597 3.560
3.998 3.600 3.559
3.997 3.601 3.559
3.995 3.601 3.559
3.994 3.603 3.558
3.993 3.603 3.557
3.994 3.602 3.555
3.993 3.600 3.557
3.995 3.596 3.557
3.997 3.593 3.557
3.999 3.589 3.558
4.001 3.587 3.557
4.004 3.585 3.554
4.006 3.583 3.554
4.004 3.586 3.553
4.002 3.588 3.552
4.002 3.590 3.551
4.003 3.592 3.550
4.004 3.594 3.548
4.005 3.596 3.547
4.005 3.600 3.545
4.007 3.600 3.543
4.008 3.602 3.542
4.009 3.607 3.537
4.010 3.609 3.535
4.012 3.610 3.534
4.015 3.611 3.531
4.013 3.610 3.532
4.010 3.607 3.533
4.006 3.604 3.535
4.004 3.600 3.538
4.002 3.596 3.540
4.001 3.592 3.542
4.005 3.590 3.542
4.008 3.589 3.540
4.012 3.588 3.538
4.010 3.592 3.536
4.009 3.595 3.535
4.008 3.597 3.535
4.007 3.597 3.538
4.007 3.597 3.540
4.007 3.596 3.542
4.007 3.596 3.544
4.007 3.594 3.547
4.002 3.597 3.545
3.997 3.601 3.542
3.992 3.605 3.538
3.987 3.607 3.535
3.985 3.610 3.532
3.983 3.612 3.529
3.986 3.608 3.531
3.989 3.604 3.533
3.991 3.600 3.535
3.994 3.596 3.538
3.998 3.590 3.540
4.000 3.588 3.541
4.002 3.587 3.540
4.005 3.585 3.539
4.006 3.586 3.537
4.002 3.591 3.536
3.999 3.596 3.535
3.996 3.597 3.536
3.994 3.599 3.538
3.990 3.601 3.539
3.990 3.600 3.541
3.989 3.601 3.542
3.987 3.601 3.543
3.983 3.604 3.542
